0 0.475995 0.0515462 0.0457079 0.0389492
0 0.976578 0.75743 0.0448475 0.0380481
0 0.697248 0.282504 0.0465907 0.0402001
0 0.148465 0.0821128 0.0483253 0.0418232
0 0.931118 0.207173 0.0428438 0.0385083
0 0.766879 0.0130543 0.0634315 0.0261085
0 0.11031 0.820877 0.0392398 0.0328274
0 0.470654 0.894416 0.0386221 0.0334267
0 0.338005 0.108227 0.0381354 0.0321557
0 0.805191 0.207713 0.0376487 0.033431
0 0.595612 0.614535 0.556332 0.58402
0 0.316029 0.665995 0.0362318 0.032834
0 0.741876 0.195965 0.209344 0.169353
0 0.282851 0.418186 0.0376914 0.0338547
0 0.936646 0.565173 0.048695 0.0381771
0 0.251792 0.180393 0.0395811 0.0341986
0 0.447112 0.2429 0.0310265 0.0290932
0 0.71607 0.713749 0.0365499 0.0320264
0 0.894493 0.215428 0.0356297 0.0329986
0 0.103391 0.902072 0.0391712 0.0316406
0 0.441064 0.0321326 0.032605 0.029823
0 0.768083 0.208711 0.0311142 0.0289138
0 0.0675116 0.742414 0.0562063 0.0501814
0 0.819464 0.0819855 0.0311073 0.0276208
0 0.986122 0.148867 0.0277569 0.0474172
0 0.0126597 0.482123 0.0250962 0.0541349
0 0.609884 0.0116905 0.0330489 0.0231793
0 0.109895 0.0983253 0.0364793 0.0319145
0 0.863841 0.232375 0.0335688 0.0291986
0 0.505991 0.247867 0.0647907 0.0574652
0 0.517278 0.493506 0.0460142 0.0396683
0 0.11077 0.0628258 0.0401162 0.0344009
0 0.0964927 0.558813 0.190173 0.175498
0 0.610636 0.0556108 0.0412361 0.0411268
0 0.397626 0.173031 0.0302826 0.0275908
0 0.206447 0.906361 0.0748176 0.0609272
0 0.614226 0.727709 0.0325624 0.0287556
0 0.35252 0.916966 0.0304923 0.0265114
