0 0.713572 0.33388 0.143508 0.113646
0 0.43961 0.507314 0.0774202 0.0595016
0 0.337529 0.659134 0.0593845 0.0446028
0 0.718103 0.16821 0.165963 0.120294
0 0.189155 0.612221 0.0556935 0.0399405
0 0.743239 0.663421 0.0463161 0.035885
0 0.976273 0.948249 0.046883 0.0751099
0 0.128759 0.612129 0.0392954 0.0278595
0 0.152934 0.218515 0.0342526 0.027629
0 0.523235 0.12725 0.0801002 0.0563617
0 0.598781 0.0260206 0.0543373 0.040706
0 0.318043 0.750399 0.0353473 0.0267959
0 0.0320969 0.814746 0.0436499 0.0349705
0 0.834506 0.365995 0.0347607 0.0272742
0 0.0332338 0.507569 0.0341719 0.0282503
0 0.251598 0.0765064 0.0393416 0.0290845
0 0.863635 0.340309 0.0404976 0.0282396
0 0.994469 0.360774 0.0110631 0.0376983
0 0.320812 0.249097 0.0929578 0.0779473
0 0.562326 0.0102537 0.0473307 0.0202905
0 0.339623 0.130486 0.0398571 0.0317195
0 0.209516 0.72494 0.0382005 0.0296602
0 0.66711 0.0621062 0.127338 0.109961
0 0.278378 0.864933 0.0520448 0.0377243
0 0.861487 0.359176 0.0304028 0.0225451
0 0.199472 0.129859 0.0905242 0.070659
0 0.671597 0.419503 0.0468219 0.0371315
