0 0.924984 0.618713 0.0639381 0.06202
0 0.66827 0.987531 0.0462325 0.0249239
0 0.779847 0.761855 0.0489912 0.0480368
0 0.464531 0.0760948 0.0772512 0.0737219
0 0.315638 0.460558 0.0356862 0.0336161
0 0.696026 0.959329 0.0293389 0.0279945
0 0.0295545 0.0609654 0.0454555 0.0438559
0 0.142925 0.206947 0.0335024 0.031878
0 0.961605 0.891003 0.0281097 0.027277
0 0.52842 0.225468 0.0280571 0.0268999
0 0.0945869 0.253673 0.0275775 0.0271106
0 0.822257 0.513699 0.0332325 0.0319409
0 0.874476 0.619047 0.0409903 0.0423407
0 0.300938 0.536855 0.0316236 0.0313988
0 0.0242146 0.0234016 0.0272121 0.0260238
