0 0.666518 0.194564 0.33533 0.302216
0 0.0674586 0.917958 0.134917 0.14473
0 0.794885 0.449738 0.206333 0.190756
0 0.0412121 0.297094 0.0395692 0.0357905
0 0.368852 0.132603 0.049167 0.0427027
0 0.569929 0.595224 0.117643 0.11249
0 0.673754 0.168826 0.0384872 0.0329315
0 0.339898 0.358392 0.0368964 0.0328243
0 0.768336 0.031363 0.111015 0.0623588
0 0.867856 0.35157 0.0334278 0.03066
0 0.224125 0.594578 0.0460724 0.0428743
0 0.495357 0.448628 0.0425467 0.0359129
0 0.739062 0.553382 0.034528 0.0315774
0 0.0277084 0.625882 0.0545308 0.0543886
0 0.984551 0.877834 0.0308973 0.039249
0 0.70485 0.0192107 0.0421827 0.0381683
0 0.364092 0.856313 0.0267756 0.0256592
0 0.446923 0.243344 0.0483131 0.0424454
0 0.568998 0.505412 0.034437 0.0309891
0 0.669247 0.530809 0.0919998 0.0802552
0 0.0906804 0.675919 0.0758279 0.0725308
0 0.011717 0.792849 0.023434 0.0327076
0 0.878144 0.916907 0.243712 0.165142
0 0.318004 0.53051 0.20441 0.195791
0 0.66864 0.0303662 0.0541131 0.0447734
0 0.0846501 0.621899 0.0418337 0.0394926
0 0.554223 0.941195 0.0541906 0.050968
0 0.054134 0.812426 0.082054 0.0786776
0 0.74127 0.764791 0.0703087 0.0676927
0 0.879928 0.59981 0.0335335 0.0295933
0 0.961921 0.592567 0.0761585 0.272173
0 0.367173 0.228036 0.0332154 0.0291983
0 0.154729 0.700314 0.0551864 0.0538504
0 0.194174 0.521434 0.0308484 0.028928
0 0.725611 0.348563 0.0548224 0.0516606
