0 0.668992 0.664929 0.0690235 0.0561388
0 0.706701 0.956351 0.0450811 0.0360138
0 0.500088 0.913573 0.273395 0.172353
0 0.236666 0.678181 0.135248 0.106765
0 0.546471 0.512273 0.0596648 0.0448849
0 0.308369 0.737945 0.0464132 0.0376009
0 0.850543 0.213696 0.298915 0.385302
0 0.778477 0.904224 0.353418 0.191302
0 0.23344 0.478233 0.0376431 0.0290641
0 0.481615 0.780306 0.0414791 0.0340282
0 0.536042 0.822365 0.0949928 0.0715297
0 0.981622 0.965323 0.0367553 0.0357664
0 0.685551 0.295386 0.0477713 0.039008
0 0.844144 0.244761 0.0940752 0.0738464
0 0.398386 0.599117 0.0459027 0.0365726
0 0.288034 0.461721 0.0456543 0.0370295
0 0.147417 0.9552 0.0979529 0.0778568
0 0.820324 0.51996 0.067761 0.0551992
0 0.879385 0.415305 0.0512039 0.042185
0 0.377241 0.369842 0.0546031 0.0391598
0 0.551134 0.59468 0.129746 0.104095
0 0.405464 0.546744 0.0495444 0.0382654
0 0.331777 0.481634 0.040153 0.029798
0 0.900171 0.657999 0.0321455 0.0270347
0 0.614613 0.623612 0.0362168 0.0296381
