0 0.675745 0.895425 0.080359 0.0730005
0 0.761705 0.778546 0.0583775 0.0508205
0 0.410083 0.969696 0.0499891 0.0442596
0 0.527089 0.81032 0.0952978 0.0782938
0 0.0145507 0.540259 0.0291014 0.035454
0 0.204678 0.832099 0.129071 0.114267
0 0.552392 0.843311 0.0724719 0.0634914
0 0.286903 0.942991 0.0333002 0.0302273
0 0.151209 0.120731 0.0305439 0.0289523
0 0.622116 0.816611 0.0404888 0.0363617
0 0.504707 0.130552 0.0342146 0.0306401
0 0.372473 0.800852 0.0417248 0.0364544
0 0.0763579 0.335358 0.0381711 0.0354759
0 0.43149 0.203994 0.0372165 0.0337372
0 0.531881 0.0750883 0.0321176 0.0291586
0 0.267832 0.843245 0.0704042 0.0645725
0 0.31259 0.834006 0.0858763 0.0782894
0 0.635987 0.880684 0.048714 0.0439945
0 0.445331 0.823414 0.0614288 0.0560947
0 0.231035 0.940964 0.0308624 0.0269331
0 0.953228 0.23964 0.029575 0.02611
0 0.400891 0.814371 0.0597964 0.0537648
0 0.385766 0.807777 0.0651638 0.0528358
0 0.318534 0.860305 0.0406438 0.035825
