0 0.446319 0.197413 0.0861618 0.0782363
0 0.0739098 0.666388 0.14782 0.147706
0 0.315017 0.17602 0.140527 0.118112
0 0.730815 0.606168 0.0614332 0.0555823
0 0.432665 0.754123 0.0480809 0.0454519
0 0.335354 0.604175 0.0542092 0.0505148
0 0.86709 0.863387 0.0762211 0.069714
0 0.235653 0.570201 0.060303 0.0534113
0 0.54228 0.0925023 0.0442299 0.0406256
0 0.79101 0.559506 0.0409032 0.0377657
0 0.751329 0.50017 0.0353991 0.0318733
0 0.0388024 0.540421 0.0426402 0.0406644
0 0.652129 0.0369123 0.165856 0.0738247
0 0.313996 0.408931 0.0329099 0.0304358
0 0.494474 0.404921 0.0357604 0.0330033
0 0.0863631 0.0207989 0.037181 0.0369653
0 0.803537 0.67912 0.0370199 0.0321621
0 0.594144 0.521043 0.0425091 0.0386459
0 0.177579 0.0398829 0.0310411 0.0300364
0 0.979343 0.372191 0.037162 0.0332744
0 0.8831 0.372819 0.0433525 0.0397566
0 0.921207 0.615888 0.0426161 0.0380351
0 0.0194926 0.481475 0.0282614 0.0262424
0 0.974519 0.199923 0.0299335 0.027255
0 0.0609763 0.0124276 0.0408464 0.0248551
0 0.134955 0.779075 0.0397337 0.0380987
0 0.547224 0.967298 0.0422686 0.035955
0 0.145467 0.234644 0.21975 0.218694
0 0.645396 0.772616 0.0585999 0.0508638
0 0.741716 0.748182 0.0275201 0.0255558
0 0.117951 0.814254 0.0320714 0.0310254
0 0.938598 0.918734 0.0269283 0.0257412
0 0.0384792 0.260844 0.0319496 0.0316831
0 0.821991 0.398111 0.0438156 0.0381772
0 0.444654 0.88507 0.0313855 0.0293131
0 0.781765 0.698084 0.0287372 0.0254634
