0 0.846631 0.590331 0.0667028 0.0604757
0 0.835898 0.286782 0.0935401 0.0810251
0 0.689431 0.793603 0.0559252 0.0520849
0 0.356539 0.165733 0.0585646 0.0507899
0 0.820255 0.979152 0.0613319 0.0414177
0 0.959098 0.209153 0.0611488 0.0572614
0 0.788252 0.470697 0.066954 0.0616024
0 0.777384 0.115792 0.0432649 0.04005
0 0.839766 0.930755 0.0384792 0.0334019
0 0.202236 0.676686 0.0775126 0.0716902
0 0.756471 0.720804 0.0452639 0.043008
0 0.924901 0.155631 0.0281071 0.0264537
0 0.728292 0.823932 0.0367731 0.033556
0 0.510045 0.324144 0.0724615 0.0656729
0 0.759687 0.299615 0.0793163 0.0749719
0 0.779369 0.589096 0.0459211 0.0400284
0 0.878302 0.923247 0.0377651 0.0344215
0 0.190217 0.419898 0.0540799 0.0477898
0 0.42036 0.201126 0.057961 0.0522334
0 0.198912 0.563644 0.0556233 0.048144
0 0.676925 0.841234 0.0477264 0.0451927
0 0.64928 0.144153 0.0425624 0.0366533
0 0.933451 0.829045 0.0364656 0.0335075
0 0.624202 0.121313 0.0472885 0.0424335
0 0.75139 0.371027 0.0527096 0.0484068
0 0.130836 0.435939 0.0514956 0.0464826
0 0.343921 0.338101 0.0364448 0.0324348
0 0.728528 0.614408 0.0633579 0.0611377
0 0.592297 0.750878 0.0486883 0.0444942
0 0.970921 0.269812 0.0411144 0.0375826
0 0.404922 0.364027 0.0367751 0.0329424
0 0.693499 0.457682 0.0329661 0.0306107
0 0.64047 0.883385 0.0620136 0.056712
0 0.840707 0.454434 0.0513042 0.0472033
0 0.941267 0.971255 0.0407482 0.0335749
0 0.992059 0.217879 0.0157547 0.0591274
0 0.680134 0.287809 0.0367203 0.0324716
0 0.970405 0.777457 0.0387074 0.0361836
0 0.968436 0.0197522 0.045517 0.037635
0 0.924636 0.783403 0.042771 0.0378612
0 0.510337 0.689218 0.0393275 0.0353964
0 0.517654 0.777048 0.0304729 0.0281939
0 0.682428 0.611053 0.0399967 0.0379278
0 0.823795 0.635918 0.0444233 0.0422915
0 0.878345 0.453748 0.0353016 0.0325253
0 0.711625 0.516544 0.031978 0.0297124
0 0.800594 0.73584 0.0325474 0.0314482
0 0.440338 0.975903 0.0481118 0.0431881
0 0.734795 0.597044 0.0466551 0.0420193
0 0.640783 0.469894 0.0436171 0.0381713
0 0.893696 0.653402 0.0400789 0.0371655
0 0.724856 0.757547 0.0591986 0.0530558
0 0.748281 0.68039 0.0530218 0.0480139
0 0.701755 0.943127 0.0308125 0.0300356
0 0.751479 0.657367 0.0322231 0.0308306
0 0.87859 0.684023 0.031889 0.0296982
0 0.991916 0.968384 0.0161678 0.0450569
0 0.753488 0.151108 0.0446787 0.0393959
0 0.200248 0.282857 0.0583514 0.0502691
0 0.939461 0.66136 0.0319849 0.0307067
0 0.937779 0.989196 0.050592 0.0216087
0 0.664178 0.961729 0.0405592 0.0384687
0 0.553625 0.22066 0.0303585 0.0269501
0 0.594682 0.23954 0.0330024 0.02875
0 0.649195 0.934449 0.0436168 0.0409801
0 0.561969 0.433103 0.0439434 0.0419535
0 0.920945 0.394432 0.0416773 0.0396515
0 0.592046 0.218996 0.0395781 0.0342386
0 0.641707 0.75777 0.0497915 0.0459463
0 0.462976 0.735049 0.0327196 0.0294283
0 0.213347 0.226397 0.0384947 0.0339326
0 0.380212 0.333444 0.0408577 0.0370333
0 0.799698 0.407725 0.0473725 0.0423952
0 0.0811355 0.162665 0.0778608 0.0702771
0 0.539071 0.176245 0.0327242 0.0301967
0 0.977809 0.0835459 0.031086 0.0284989
0 0.660114 0.230025 0.0546497 0.0518354
0 0.594686 0.373382 0.0313349 0.0275664
0 0.333563 0.923352 0.063305 0.0559883
0 0.76097 0.80556 0.0313575 0.0313885
0 0.692159 0.971458 0.0258512 0.0242184
0 0.904988 0.43601 0.0309975 0.0284805
0 0.474087 0.382908 0.0809366 0.0713177
0 0.277284 0.684712 0.0472615 0.0471898
0 0.0182059 0.184193 0.0361301 0.0470126
