0 0.500479 0.231677 0.0829775 0.0805048
0 0.866452 0.515357 0.0331703 0.03137
0 0.987281 0.726844 0.0252369 0.0508701
0 0.200505 0.747859 0.0345662 0.0326946
0 0.660562 0.050026 0.141112 0.0996962
0 0.724681 0.434162 0.0440709 0.0428009
0 0.569759 0.0444368 0.0512756 0.04925
0 0.64951 0.452875 0.033606 0.0327507
0 0.677326 0.488637 0.0347803 0.031608
0 0.981367 0.495367 0.0341414 0.0334101
0 0.232582 0.742337 0.0283787 0.0264887
0 0.112849 0.941154 0.0399631 0.0331388
0 0.768856 0.419664 0.047728 0.0464317
0 0.319131 0.117093 0.0912294 0.0884858
0 0.0242492 0.303336 0.0484431 0.16449
