0 0.643897 0.918071 0.0697444 0.0555775
0 0.15487 0.300322 0.0414876 0.0336066
0 0.479573 0.73223 0.0920273 0.0760792
0 0.400429 0.0812705 0.111922 0.0925269
0 0.290961 0.888203 0.0429478 0.0345501
0 0.36731 0.88078 0.0427063 0.0332302
0 0.133422 0.452906 0.0314962 0.0262403
0 0.888006 0.354161 0.0380703 0.0327581
0 0.270186 0.986597 0.0395834 0.0263306
0 0.540472 0.686414 0.0379152 0.0312826
0 0.236999 0.0265752 0.037502 0.0302412
0 0.92213 0.578223 0.0328876 0.0265017
0 0.508078 0.336076 0.0318523 0.0279617
0 0.432546 0.21824 0.12458 0.104226
0 0.0389265 0.193369 0.0355678 0.0285714
0 0.861217 0.538963 0.0324444 0.0279692
0 0.220824 0.427257 0.0292749 0.0244108
0 0.990007 0.396256 0.0199177 0.0255289
0 0.28105 0.139378 0.092687 0.0760298
0 0.127053 0.775934 0.0422379 0.0320971
0 0.917645 0.337201 0.0377964 0.0321722
0 0.0985328 0.146099 0.0923499 0.0714409
0 0.913034 0.239553 0.0626183 0.0544048
0 0.37785 0.32761 0.0568872 0.041235
0 0.336848 0.0499827 0.0493042 0.0372209
0 0.937748 0.553842 0.0285072 0.0243938
0 0.246984 0.842099 0.0277648 0.0241467
0 0.781821 0.354708 0.0661627 0.0588191
0 0.341781 0.0400319 0.0651716 0.0562776
