0 0.840443 0.462973 0.313474 0.306172
0 0.0635316 0.0750378 0.0378495 0.0371329
0 0.168719 0.293573 0.0558602 0.0562827
0 0.630848 0.29658 0.0933345 0.0957883
0 0.0548283 0.472089 0.0313925 0.0320544
0 0.205016 0.0920133 0.0262353 0.0254389
0 0.254559 0.168786 0.0270121 0.0273229
0 0.103018 0.684581 0.0380749 0.0373817
0 0.0209989 0.514761 0.0419978 0.0755806
0 0.379401 0.252393 0.0283373 0.0292159
0 0.190657 0.234267 0.0357128 0.0342335
0 0.585253 0.373594 0.0445615 0.0444639
0 0.236601 0.303244 0.0427373 0.0433599
0 0.302802 0.225331 0.0259513 0.0253935
0 0.101459 0.0860755 0.0279027 0.0274154
0 0.176853 0.0939001 0.0271491 0.026907
0 0.6805 0.361275 0.0394218 0.0374994
0 0.112038 0.468857 0.0315897 0.0307594
0 0.736638 0.313382 0.0337116 0.0337627
0 0.348921 0.103485 0.0261777 0.0257382
0 0.363676 0.15664 0.0357512 0.0362609
0 0.664679 0.421579 0.0436683 0.0431353
0 0.752203 0.27781 0.0570901 0.0578765
0 0.816349 0.279446 0.0475199 0.0473427
0 0.378357 0.414319 0.0404154 0.0409286
0 0.296077 0.459285 0.0346717 0.0344108
