0 0.848496 0.308363 0.0687393 0.0565106
0 0.868096 0.678834 0.0338737 0.0282591
0 0.206837 0.264024 0.0356171 0.0291121
0 0.045159 0.577298 0.0385391 0.0293457
0 0.0158799 0.760984 0.0316089 0.0341408
0 0.612411 0.579948 0.0399476 0.0321304
0 0.57805 0.49438 0.0295049 0.0238834
0 0.117426 0.770767 0.175498 0.134002
0 0.377454 0.446136 0.0285419 0.0241768
0 0.521522 0.638914 0.0352331 0.029186
0 0.675166 0.61772 0.02901 0.0244362
0 0.514136 0.841528 0.0320754 0.0257486
0 0.975298 0.974125 0.0293547 0.0251509
0 0.11423 0.314494 0.118082 0.0980513
0 0.531501 0.823183 0.0292076 0.02327
0 0.286205 0.240759 0.0284003 0.0243533
