0 0.803996 0.547327 0.0497667 0.0470946
0 0.415618 0.323813 0.0553951 0.0549656
0 0.54229 0.444484 0.0471264 0.0451981
0 0.585206 0.0235348 0.047747 0.0462944
0 0.809433 0.173373 0.0446722 0.0439313
0 0.565948 0.694092 0.0401978 0.0394044
0 0.738258 0.751538 0.0339636 0.0332825
0 0.211985 0.0979177 0.0344228 0.0348781
0 0.469184 0.927016 0.0317685 0.030687
0 0.905844 0.507642 0.0322193 0.030984
0 0.680554 0.769034 0.0306145 0.0298258
0 0.123852 0.00818685 0.0435523 0.0163737
0 0.125771 0.411628 0.0320843 0.0310929
0 0.292292 0.205254 0.0417586 0.0414955
0 0.241816 0.693911 0.0288961 0.0291399
0 0.443115 0.0239524 0.0528238 0.047728
0 0.182119 0.296039 0.0333164 0.0321464
0 0.784832 0.31135 0.0312176 0.0298262
0 0.817017 0.104974 0.0288752 0.0284977
0 0.27985 0.256781 0.0282585 0.0276284
0 0.989725 0.558368 0.0205496 0.0425341
0 0.123746 0.0418855 0.0447782 0.0429135
0 0.916243 0.639807 0.0303513 0.0295314
0 0.0155426 0.0268449 0.0282532 0.0275612
0 0.702422 0.786541 0.0291834 0.0292625
0 0.369069 0.466883 0.028161 0.0279394
0 0.481238 0.439948 0.0280147 0.0269947
0 0.232541 0.311639 0.0268603 0.0267005
0 0.00949674 0.17914 0.0188914 0.0291318
0 0.201138 0.313552 0.0299152 0.0304897
0 0.753773 0.0758428 0.0400954 0.0396555
0 0.99553 0.0342511 0.00894051 0.0413157
