0 0.483201 0.709779 0.123091 0.111535
0 0.916541 0.531851 0.137463 0.121933
0 0.123585 0.204685 0.138639 0.118498
0 0.123967 0.744332 0.145853 0.123556
0 0.517875 0.930324 0.182791 0.139352
0 0.159159 0.978487 0.055076 0.0420929
0 0.351427 0.961737 0.0505961 0.0428913
0 0.773891 0.218402 0.0540186 0.0493902
0 0.70367 0.309799 0.0414423 0.0362135
0 0.0299115 0.888286 0.0553279 0.0478012
0 0.0514035 0.49144 0.0509575 0.041708
0 0.314557 0.21196 0.0414768 0.0339097
0 0.24846 0.631397 0.0327164 0.0296646
0 0.960016 0.800303 0.0395357 0.0376776
0 0.980307 0.983905 0.0367275 0.0306
0 0.703551 0.44302 0.0422436 0.0358152
0 0.0354597 0.971487 0.038823 0.0321255
0 0.170484 0.60141 0.0524932 0.0429033
0 0.797871 0.807192 0.0313999 0.0297252
0 0.647183 0.347581 0.0664263 0.0595122
0 0.721091 0.772687 0.0404467 0.035586
0 0.793209 0.190388 0.0581488 0.0508472
0 0.606818 0.276111 0.044998 0.0365964
0 0.739791 0.841746 0.0350704 0.0295341
0 0.180506 0.933835 0.044392 0.037167
0 0.581293 0.295415 0.0344277 0.0304158
0 0.907632 0.61268 0.0331526 0.0289174
0 0.364895 0.27841 0.0346746 0.0266634
0 0.941997 0.989748 0.0419348 0.0203041
0 0.323883 0.278982 0.0346939 0.0298277
0 0.74208 0.0859836 0.0323647 0.0290024
0 0.0161367 0.803039 0.0321984 0.0289928
0 0.171954 0.285843 0.0477873 0.0410378
0 0.202105 0.524395 0.0449586 0.0352476
0 0.765997 0.314674 0.0414888 0.0363628
0 0.753596 0.495339 0.0332415 0.0287094
0 0.818116 0.735655 0.0369858 0.031617
0 0.3737 0.585237 0.0287553 0.0265547
0 0.256869 0.00848527 0.0646949 0.0168727
0 0.618355 0.788134 0.0403528 0.0360855
0 0.21197 0.446197 0.0393999 0.0351795
0 0.781567 0.370396 0.0453676 0.0391491
0 0.209394 0.0979797 0.0300769 0.0268578
0 0.592517 0.871128 0.0323586 0.0272064
0 0.61453 0.257884 0.0288633 0.0272098
0 0.311529 0.455535 0.0764027 0.062673
0 0.347768 0.777955 0.0368589 0.0301432
0 0.297295 0.405083 0.0453634 0.0388538
0 0.200461 0.968366 0.0294 0.0263596
0 0.921497 0.799448 0.0393564 0.0351297
0 0.935402 0.00997498 0.0430355 0.0198121
0 0.196592 0.303034 0.0286605 0.0260011
0 0.134928 0.520679 0.0433985 0.0367406
0 0.363567 0.832729 0.0314605 0.0282131
0 0.199748 0.48368 0.0339927 0.0304049
0 0.0862202 0.657413 0.0976993 0.0803
0 0.901762 0.809529 0.0325951 0.0290199
0 0.23039 0.0830059 0.0290133 0.024486
0 0.296711 0.26158 0.034363 0.0303021
0 0.554865 0.533051 0.0598289 0.0479977
0 0.218428 0.903076 0.0318574 0.0266193
0 0.826697 0.849708 0.0403273 0.034639
0 0.286535 0.484782 0.0377007 0.0340407
0 0.689378 0.521783 0.0408774 0.0363692
0 0.391436 0.974667 0.0379812 0.031411
0 0.899419 0.438206 0.0275246 0.0252729
0 0.399495 0.401463 0.0345964 0.0298823
0 0.113076 0.98096 0.04284 0.0343292
0 0.834948 0.792984 0.0268488 0.0235671
0 0.531682 0.611727 0.0242836 0.0223541
0 0.904034 0.578201 0.0300812 0.0277843
0 0.3288 0.802811 0.0345422 0.0296914
0 0.229711 0.498617 0.03558 0.0296721
0 0.736695 0.413574 0.0269024 0.0243025
0 0.366902 0.933783 0.0304797 0.0243204
0 0.809287 0.912037 0.0251581 0.0222118
0 0.585825 0.09427 0.0333433 0.0285322
0 0.355705 0.223671 0.0427938 0.0327403
0 0.750983 0.392224 0.0403091 0.0346083
0 0.789181 0.160515 0.0366093 0.0316841
0 0.575946 0.776843 0.0292838 0.0264934
0 0.414688 0.323213 0.0355101 0.02986
0 0.924092 0.651377 0.0263393 0.024098
0 0.958844 0.810193 0.0379126 0.0256062
0 0.353743 0.41111 0.0452349 0.0382881
0 0.0167125 0.85025 0.0334249 0.0363163
0 0.448927 0.377828 0.051795 0.0401694
0 0.315605 0.890367 0.0298262 0.0259214
