0 0.184743 0.60829 0.215071 0.190042
0 0.165467 0.884375 0.119088 0.104561
0 0.626046 0.732533 0.179382 0.157646
0 0.845395 0.8005 0.190106 0.174118
0 0.0730533 0.822337 0.120519 0.103581
0 0.126987 0.136412 0.0485582 0.0442157
0 0.981135 0.683817 0.0351137 0.0326427
0 0.679525 0.93561 0.0916184 0.0797024
0 0.57196 0.984254 0.056742 0.0314911
0 0.0227186 0.57199 0.0340966 0.0315288
0 0.831416 0.951992 0.0363739 0.0326153
0 0.696327 0.224263 0.607346 0.44438
0 0.535234 0.635217 0.136792 0.11118
0 0.414313 0.762701 0.0409152 0.0354115
0 0.160597 0.0191314 0.0299105 0.027916
0 0.99207 0.709234 0.0158602 0.0281281
0 0.313022 0.320118 0.271947 0.248114
0 0.393636 0.498978 0.0272464 0.0244428
0 0.395448 0.0663871 0.0314494 0.0287925
