0 0.783816 0.178564 0.0645302 0.0629949
0 0.486802 0.606643 0.0450939 0.0409468
0 0.0168125 0.0864284 0.0330772 0.0420934
0 0.368851 0.922779 0.0331207 0.0315334
0 0.151623 0.936431 0.0329949 0.0315353
0 0.948628 0.5881 0.0379097 0.0352446
0 0.521217 0.174897 0.0335239 0.0322383
0 0.10739 0.0773258 0.0396924 0.036476
0 0.982019 0.780073 0.035536 0.0421709
0 0.185849 0.716106 0.050803 0.0481196
0 0.652035 0.956071 0.234416 0.087858
0 0.946303 0.985417 0.0352699 0.0287411
0 0.12457 0.790398 0.0537715 0.0492611
0 0.104981 0.747384 0.0316823 0.0301516
0 0.480859 0.564033 0.0313861 0.0297378
0 0.176524 0.992763 0.0295394 0.0140898
0 0.902262 0.177651 0.0340302 0.0316322
0 0.946823 0.107101 0.0338263 0.0320132
0 0.219774 0.659054 0.232106 0.220828
0 0.90843 0.929103 0.03193 0.0311218
0 0.440197 0.353909 0.337445 0.305771
0 0.356608 0.656723 0.0288774 0.0261963
0 0.827218 0.957574 0.135532 0.0848523
0 0.898775 0.148501 0.0314804 0.0326031
0 0.885467 0.124552 0.031842 0.0301328
0 0.753267 0.761482 0.0276042 0.026897
0 0.653165 0.805647 0.0556898 0.0535706
