0 0.319873 0.647817 0.171497 0.140488
0 0.903403 0.11169 0.0452827 0.0346532
0 0.445766 0.469517 0.0567278 0.045141
0 0.343205 0.489171 0.0734208 0.0531729
0 0.197944 0.875016 0.0826833 0.0682665
0 0.453699 0.402967 0.102617 0.0802544
0 0.583265 0.654064 0.0524153 0.0401247
0 0.958078 0.150026 0.0334238 0.0259142
0 0.115476 0.479436 0.052998 0.0428391
0 0.313332 0.927192 0.0491778 0.0357414
0 0.57461 0.594593 0.0515078 0.0420935
0 0.619415 0.969139 0.0791714 0.0617001
0 0.224472 0.831335 0.0496548 0.0389111
0 0.414951 0.0558342 0.0480607 0.0389645
0 0.318997 0.532544 0.0349504 0.0284737
0 0.457585 0.987148 0.0383293 0.0255787
0 0.647281 0.443593 0.0367107 0.0286636
0 0.0684363 0.0711555 0.0325289 0.0272983
0 0.672884 0.906402 0.0748648 0.0609425
0 0.711414 0.00714048 0.0340128 0.0139172
0 0.377776 0.538051 0.0873609 0.067684
0 0.548134 0.571609 0.0314907 0.0247057
0 0.526094 0.819328 0.0772305 0.0653708
