0 0.152094 0.670129 0.14722 0.139454
0 0.529068 0.636049 0.0566668 0.0528183
0 0.0384832 0.361991 0.076631 0.10624
0 0.18879 0.426912 0.0377475 0.0349697
0 0.540556 0.075462 0.0797574 0.0740984
0 0.668394 0.216543 0.0459316 0.043178
0 0.659933 0.914407 0.0357597 0.0340673
0 0.716173 0.872925 0.047123 0.0445801
0 0.693823 0.284806 0.0353153 0.032003
0 0.96201 0.187899 0.0485968 0.0459595
0 0.806715 0.438114 0.0365191 0.0332159
0 0.65161 0.948164 0.034292 0.0312492
0 0.89261 0.950719 0.0306355 0.0293556
0 0.874552 0.824652 0.0838793 0.0784046
0 0.222099 0.385479 0.0738374 0.0656895
0 0.959809 0.387624 0.0314278 0.0279927
0 0.886021 0.0678428 0.0427837 0.0381943
0 0.807208 0.665572 0.0814934 0.0776266
0 0.943264 0.812085 0.0285248 0.0263187
0 0.493372 0.0901143 0.0306005 0.0300462
0 0.861186 0.923294 0.0444107 0.0419086
0 0.277681 0.355 0.0279048 0.026084
0 0.172975 0.468897 0.0606835 0.0536205
0 0.332946 0.0177676 0.0316049 0.0294805
0 0.865844 0.764176 0.0323593 0.0295916
0 0.138713 0.192172 0.0288593 0.0275149
0 0.990427 0.914385 0.0191455 0.0288561
0 0.909222 0.985109 0.0439495 0.0297819
0 0.0290808 0.482817 0.0580375 0.0656414
0 0.955287 0.579348 0.0379587 0.0345282
