0 0.127 0.107457 0.191131 0.177587
0 0.373178 0.28598 0.169838 0.160252
0 0.572695 0.464284 0.265921 0.238702
0 0.558684 0.456168 0.0424184 0.0377593
0 0.248611 0.642202 0.0396797 0.034955
0 0.190195 0.591473 0.109735 0.096356
0 0.711036 0.583095 0.0303878 0.0270844
0 0.252347 0.389523 0.304906 0.299692
0 0.720946 0.95676 0.188904 0.0864796
0 0.244158 0.980513 0.0325023 0.0278498
0 0.764704 0.841947 0.0294987 0.0250134
0 0.864049 0.469199 0.027713 0.0243445
0 0.678516 0.844393 0.0828106 0.0702538
0 0.474201 0.0548016 0.19829 0.109603
0 0.318108 0.400502 0.187136 0.173136
0 0.289447 0.556363 0.113243 0.101834
0 0.177326 0.214814 0.0597456 0.0523183
