0 0.558724 0.743291 0.257643 0.222551
0 0.496572 0.486914 0.0381277 0.0351348
0 0.210612 0.566757 0.0358562 0.0314987
0 0.369484 0.559097 0.0390493 0.0351115
0 0.789663 0.692474 0.036434 0.0355644
0 0.645019 0.189307 0.0333743 0.0297796
0 0.235619 0.0113572 0.0459857 0.0227143
0 0.355129 0.88811 0.030618 0.0268072
0 0.434353 0.390935 0.0499638 0.0449912
0 0.993646 0.119544 0.0127073 0.0360051
0 0.906673 0.858473 0.0910019 0.0838085
0 0.0838534 0.204583 0.0294044 0.0273658
0 0.86773 0.140873 0.0316591 0.0274966
0 0.876871 0.0532583 0.0384768 0.035357
0 0.925933 0.473186 0.071104 0.0658279
0 0.387653 0.897978 0.0438847 0.0409664
