0 0.735602 0.802972 0.0546095 0.0466893
0 0.767311 0.672311 0.059146 0.0499949
0 0.405469 0.759259 0.0522912 0.0430702
0 0.454067 0.840294 0.0409224 0.0350689
0 0.563891 0.659788 0.0370743 0.0314624
0 0.353043 0.739819 0.0527256 0.0434505
0 0.341954 0.281542 0.0310619 0.0274682
0 0.756294 0.571952 0.0342154 0.0295382
0 0.881368 0.474433 0.0915741 0.0790672
0 0.589756 0.60055 0.0322147 0.0261694
0 0.37546 0.198377 0.029046 0.0266642
0 0.963196 0.440015 0.073608 0.0769936
0 0.562931 0.809031 0.0295328 0.0255112
0 0.0154057 0.422287 0.0308056 0.030974
0 0.256756 0.427441 0.09327 0.0791908
0 0.988599 0.524444 0.0228029 0.0262716
0 0.97998 0.0500719 0.0400408 0.0515917
0 0.564299 0.849659 0.029158 0.0257755
0 0.237432 0.604515 0.0280091 0.0250815
0 0.584888 0.836258 0.0283638 0.0237217
