0 0.24569 0.730495 0.0704461 0.065442
0 0.812309 0.554216 0.0446453 0.04297
0 0.942124 0.575789 0.0420176 0.041376
0 0.0778064 0.505235 0.0519517 0.048266
0 0.101119 0.118027 0.0391305 0.0375798
0 0.448545 0.416518 0.0318642 0.0308969
0 0.392058 0.352807 0.0336732 0.032332
0 0.541894 0.622543 0.057505 0.0563485
0 0.023561 0.241797 0.0471221 0.0442764
0 0.583144 0.600552 0.0364939 0.035751
0 0.900356 0.614304 0.02948 0.0289804
0 0.887931 0.263913 0.0259956 0.0254582
0 0.650037 0.226944 0.0285276 0.0277691
0 0.0785808 0.0171379 0.0458354 0.0341779
0 0.829709 0.0831195 0.029718 0.0277464
0 0.902344 0.302666 0.0256348 0.0244762
0 0.150921 0.686143 0.0302987 0.0285732
0 0.344115 0.396326 0.032571 0.0311617
0 0.607454 0.00830956 0.0293674 0.0164891
0 0.970414 0.717028 0.0243036 0.0231335
0 0.334397 0.250816 0.0631194 0.060565
