0 0.513926 0.270308 0.0505905 0.0453833
0 0.711576 0.268551 0.0409723 0.0378443
0 0.703694 0.544303 0.039537 0.0361364
0 0.172443 0.623728 0.0386389 0.0330723
0 0.0340982 0.43358 0.0365333 0.0317822
0 0.507193 0.561883 0.032107 0.0291626
0 0.898739 0.931362 0.030901 0.0279007
0 0.120599 0.362392 0.0304152 0.0278087
0 0.875035 0.895485 0.0313721 0.0285002
0 0.626051 0.182023 0.0285934 0.0268375
0 0.268832 0.267533 0.0301092 0.0262326
0 0.282639 0.188981 0.0287981 0.027112
0 0.231574 0.243141 0.0304656 0.0277301
0 0.175723 0.120737 0.0280222 0.0267346
0 0.528431 0.541737 0.0274426 0.0251486
