0 0.334308 0.967707 0.040423 0.0397512
0 0.695507 0.490887 0.0447649 0.0431051
0 0.751594 0.792331 0.0497051 0.048164
0 0.755128 0.881911 0.0397953 0.0387629
0 0.0336885 0.309586 0.0669579 0.119448
0 0.629219 0.619447 0.0313311 0.0303879
0 0.583358 0.309406 0.072467 0.0683303
0 0.757975 0.144116 0.0304407 0.0306534
0 0.985755 0.959156 0.0281433 0.0424297
0 0.662228 0.103969 0.154232 0.148954
0 0.634425 0.330531 0.04005 0.0386897
0 0.619589 0.107773 0.084145 0.0789321
0 0.0142108 0.252521 0.0281648 0.0368902
0 0.211958 0.49945 0.0451268 0.0439167
0 0.843558 0.174123 0.0346373 0.0326473
0 0.0949611 0.490236 0.0534622 0.0503147
0 0.399821 0.558625 0.044642 0.0423883
0 0.728321 0.867688 0.0258712 0.0253864
0 0.152013 0.662903 0.0486208 0.046595
0 0.579843 0.817644 0.0401745 0.0387786
0 0.0839648 0.591063 0.0616025 0.058354
0 0.251603 0.894779 0.0391435 0.0378113
0 0.236121 0.662001 0.0350024 0.0344007
0 0.0121331 0.540735 0.0242662 0.0333714
0 0.661739 0.278056 0.0660546 0.0648193
0 0.550863 0.448587 0.0424353 0.0419662
0 0.323269 0.530307 0.045065 0.0429154
0 0.782662 0.247132 0.0452515 0.0415463
0 0.631152 0.198231 0.0758714 0.075041
0 0.416334 0.518931 0.0507152 0.0519985
0 0.611495 0.360515 0.0365702 0.036943
0 0.617027 0.259867 0.0363291 0.03753
0 0.641868 0.828882 0.0714993 0.0687286
0 0.330194 0.598616 0.0365026 0.0336
0 0.060507 0.116625 0.0313532 0.0295135
0 0.49258 0.422855 0.0851381 0.0786655
0 0.215502 0.17812 0.0244616 0.0238756
0 0.884915 0.167182 0.0461002 0.0411122
0 0.0841435 0.518937 0.0400038 0.0379917
0 0.47847 0.508696 0.0476139 0.0449271
0 0.741091 0.247729 0.033093 0.0316952
0 0.348465 0.565113 0.0464044 0.0445567
0 0.407267 0.435181 0.0454012 0.0449722
0 0.758739 0.748134 0.0305106 0.0302648
0 0.116184 0.229967 0.0417071 0.0367858
0 0.349331 0.869952 0.0243698 0.0230947
0 0.706065 0.89682 0.0413595 0.0402176
0 0.121582 0.244541 0.024338 0.0232093
0 0.192843 0.671807 0.0369688 0.0361729
