0 0.262366 0.230271 0.445547 0.453847
0 0.586061 0.588867 0.0554756 0.0538898
0 0.921173 0.478261 0.103784 0.100858
0 0.854163 0.367234 0.0647003 0.0633965
0 0.0318412 0.53175 0.0468429 0.0461691
0 0.824403 0.21627 0.0385323 0.0378163
0 0.807612 0.974138 0.0399124 0.0389275
0 0.736391 0.448711 0.0325267 0.0303387
0 0.888695 0.549842 0.0723541 0.0718311
0 0.919785 0.700405 0.0528961 0.0550772
0 0.893931 0.916335 0.0399744 0.0401857
0 0.93329 0.866277 0.0389568 0.0377794
0 0.816616 0.93729 0.0304829 0.0298521
0 0.849331 0.943469 0.0279213 0.0279495
0 0.902096 0.848264 0.0292286 0.0290428
0 0.887623 0.649868 0.026866 0.0265011
0 0.351804 0.58319 0.0296716 0.0288746
0 0.972037 0.676878 0.0268311 0.0265302
0 0.613378 0.716842 0.0355625 0.0345039
0 0.754662 0.631366 0.10505 0.102071
0 0.990395 0.885505 0.0188358 0.0387276
0 0.64587 0.898539 0.0307684 0.0289963
0 0.809853 0.685197 0.0305899 0.0296321
0 0.973758 0.702336 0.0259556 0.0250053
0 0.827308 0.905351 0.0295132 0.0335766
0 0.672798 0.531847 0.0269913 0.0255838
0 0.838467 0.655911 0.0499386 0.0448558
0 0.744992 0.502956 0.0455688 0.0448547
0 0.932705 0.985249 0.0297325 0.0277573
0 0.514318 0.537869 0.0261062 0.0259401
0 0.941752 0.900681 0.0272917 0.0271839
0 0.632327 0.630467 0.0780359 0.0750196
0 0.292444 0.465033 0.026216 0.0261201
0 0.643311 0.168766 0.0246588 0.0242969
0 0.66187 0.760303 0.0267557 0.0254663
0 0.780324 0.124794 0.0235401 0.0232999
