0 0.698507 0.917868 0.126524 0.0986111
0 0.475613 0.688764 0.164274 0.127674
0 0.609319 0.370323 0.0575581 0.0441085
0 0.683222 0.344623 0.0750633 0.0625123
0 0.0543373 0.814248 0.0782795 0.0591102
0 0.517396 0.165219 0.050002 0.0400616
0 0.580447 0.569353 0.0646177 0.0508244
0 0.74017 0.101812 0.0567106 0.0434371
0 0.558052 0.459579 0.0425329 0.0313711
0 0.419749 0.199558 0.0429174 0.0349422
0 0.902024 0.77336 0.0369549 0.0289395
0 0.662419 0.494014 0.0637291 0.0517733
0 0.462028 0.36192 0.0785324 0.0622292
0 0.775039 0.817667 0.0456518 0.0363398
0 0.800353 0.0407472 0.0428452 0.034271
0 0.45869 0.440417 0.0440359 0.0340788
0 0.928457 0.555166 0.143085 0.141944
0 0.427201 0.854901 0.0390255 0.031855
0 0.34858 0.444561 0.0571707 0.0406862
0 0.240365 0.354486 0.0388416 0.0314608
0 0.275528 0.37224 0.0368107 0.0284219
0 0.383783 0.885696 0.0743611 0.0557295
0 0.265711 0.990843 0.041568 0.0183141
0 0.579864 0.158409 0.0370522 0.0297712
0 0.939446 0.991503 0.0475384 0.0169941
0 0.136843 0.770197 0.0461885 0.0350342
0 0.729324 0.489787 0.085878 0.072374
0 0.0593604 0.344276 0.0660164 0.0521652
0 0.788296 0.358157 0.0736128 0.0553339
0 0.911068 0.674473 0.0509907 0.0350836
0 0.600416 0.755594 0.159047 0.122218
0 0.378644 0.597716 0.0987187 0.0753179
0 0.374999 0.949461 0.0353574 0.0285631
0 0.345073 0.419376 0.0342407 0.0264908
0 0.0635721 0.221048 0.035144 0.0291573
0 0.201183 0.680293 0.0452846 0.03417
0 0.175166 0.762871 0.0368208 0.0294233
0 0.723564 0.800684 0.133442 0.108099
0 0.133808 0.347236 0.0695161 0.0554973
0 0.963229 0.697267 0.0735411 0.0643928
0 0.137059 0.727057 0.0528586 0.0434544
0 0.425072 0.42468 0.0446566 0.033568
0 0.843827 0.607366 0.0793352 0.065563
0 0.676182 0.622408 0.0352585 0.0287821
0 0.426016 0.188549 0.738502 0.375299
0 0.0951318 0.732443 0.0628758 0.045691
0 0.502802 0.575666 0.160537 0.12474
0 0.978393 0.526061 0.0320131 0.0249115
0 0.568401 0.203736 0.0341661 0.0259082
0 0.681424 0.731177 0.0379025 0.031867
0 0.215299 0.752678 0.0424113 0.0325611
0 0.822806 0.186821 0.0737814 0.0552336
0 0.191956 0.037587 0.0369717 0.0298198
0 0.582989 0.812659 0.0513348 0.0400562
0 0.383755 0.417889 0.0371346 0.0290129
0 0.486227 0.24937 0.0439308 0.0361143
0 0.566812 0.227405 0.0335524 0.0274807
0 0.278718 0.40927 0.0360837 0.028558
0 0.882459 0.471605 0.0472336 0.0380345
0 0.976246 0.00661861 0.0364998 0.0132372
0 0.308118 0.522552 0.139071 0.113483
