0 0.765794 0.245148 0.0490367 0.0478083
0 0.91216 0.113393 0.0385941 0.0380021
0 0.981004 0.322172 0.0375057 0.0514378
0 0.328181 0.678517 0.0370868 0.0350376
0 0.0134579 0.316289 0.0269158 0.0357951
0 0.676979 0.489918 0.0552874 0.0540257
0 0.611152 0.241616 0.0402477 0.0389152
0 0.842748 0.106316 0.036462 0.0350205
0 0.58213 0.65731 0.0278807 0.0272589
0 0.724566 0.0587017 0.0459957 0.0451031
0 0.235307 0.304193 0.0447339 0.0423978
0 0.629668 0.496352 0.037395 0.0356209
0 0.862535 0.624164 0.0377983 0.0375727
0 0.864243 0.585687 0.0323988 0.0327364
0 0.798615 0.422169 0.0295038 0.0282768
0 0.987597 0.242087 0.0247652 0.0548368
0 0.897506 0.621544 0.0316578 0.0328632
0 0.491709 0.795534 0.026655 0.0261719
0 0.489319 0.895936 0.0340318 0.0335659
0 0.409272 0.572677 0.0289134 0.0278561
0 0.861727 0.477789 0.0327106 0.0327753
0 0.382738 0.883698 0.0323996 0.0306412
0 0.446404 0.155047 0.0476377 0.046736
0 0.873469 0.44089 0.0416151 0.0406472
0 0.769661 0.650149 0.0543197 0.0529461
0 0.3493 0.308363 0.0323506 0.0314102
0 0.561608 0.801199 0.0255704 0.0253002
0 0.857643 0.512035 0.0267643 0.0263004
0 0.437955 0.602164 0.0323536 0.0318441
0 0.566303 0.311874 0.0561555 0.0505507
0 0.819437 0.485141 0.0503479 0.0490307
0 0.693555 0.0463137 0.0247113 0.0248159
0 0.782905 0.101486 0.0280035 0.0262336
0 0.671453 0.319823 0.0274632 0.0272865
0 0.369515 0.287059 0.027686 0.0276251
0 0.643122 0.288103 0.034112 0.0321405
0 0.34985 0.0810199 0.0300359 0.0297042
0 0.52105 0.10846 0.0405514 0.0395201
0 0.991063 0.157454 0.0178735 0.0267858
0 0.335532 0.106472 0.0394556 0.0367227
0 0.985621 0.580226 0.028757 0.047142
0 0.580332 0.934008 0.0420587 0.040424
0 0.261744 0.517458 0.516901 0.472613
0 0.667171 0.986251 0.0398209 0.02729
0 0.768636 0.881866 0.040197 0.0394865
0 0.600361 0.20388 0.0348595 0.0347841
0 0.606231 0.973091 0.0535251 0.0502266
0 0.866291 0.24204 0.0280432 0.0266383
0 0.966673 0.00689114 0.0444902 0.0135962
0 0.751635 0.924448 0.0369734 0.0353876
0 0.725705 0.929574 0.0891588 0.0850241
0 0.521123 0.469381 0.02353 0.0224981
0 0.736363 0.0260365 0.0304558 0.0299448
0 0.676612 0.450007 0.0300373 0.0285769
0 0.389402 0.347724 0.0349892 0.0351013
