0 0.187803 0.62251 0.230708 0.22923
0 0.900793 0.821173 0.064584 0.0606991
0 0.453663 0.21728 0.049781 0.0480793
0 0.915398 0.955126 0.04035 0.0387238
0 0.414355 0.05654 0.0538445 0.0526817
0 0.702529 0.680682 0.0333244 0.0316429
0 0.879171 0.904387 0.0329891 0.0319565
0 0.36323 0.55217 0.0300628 0.0293097
0 0.233881 0.215665 0.0369146 0.0358172
0 0.9094 0.348854 0.0330673 0.03275
0 0.208616 0.635211 0.0313812 0.0286474
0 0.681676 0.986794 0.024272 0.0238382
0 0.889226 0.671548 0.0267067 0.0260181
0 0.876554 0.354997 0.0279959 0.0276176
0 0.0680087 0.303638 0.0396473 0.0376918
