0 0.0561338 0.798547 0.0697331 0.0695845
0 0.804257 0.63042 0.0695545 0.0685841
0 0.706275 0.923387 0.0494757 0.0487282
0 0.155029 0.588649 0.0583126 0.0567633
0 0.288298 0.590663 0.0552343 0.0538126
0 0.514238 0.780608 0.038173 0.0372273
0 0.131328 0.284352 0.0343991 0.0330523
0 0.239468 0.9025 0.0350721 0.0353441
0 0.136388 0.441767 0.042051 0.0415851
0 0.145573 0.340665 0.0479128 0.0475534
0 0.76111 0.764377 0.0509253 0.0506723
0 0.083208 0.84258 0.0349048 0.033692
0 0.865995 0.0342867 0.0301651 0.0297843
0 0.452022 0.125129 0.0401184 0.0390106
0 0.326392 0.71394 0.0393599 0.0396063
0 0.562009 0.691702 0.030864 0.0303693
0 0.789164 0.943103 0.0365191 0.0361641
0 0.376127 0.955728 0.034516 0.0340473
0 0.0429126 0.340658 0.0491453 0.0493529
0 0.410196 0.96408 0.0382418 0.0380793
0 0.982869 0.592595 0.0338108 0.0569452
0 0.360937 0.648498 0.0302159 0.0297239
0 0.61806 0.646731 0.0704645 0.0678913
0 0.639791 0.578793 0.0719014 0.0667828
0 0.583021 0.831029 0.0401371 0.0396061
0 0.699852 0.827056 0.0325223 0.030987
0 0.383288 0.888062 0.0276093 0.027153
0 0.851803 0.886556 0.0282534 0.0273087
0 0.897608 0.860068 0.0288851 0.0280533
0 0.0877088 0.337967 0.028477 0.0277731
0 0.379949 0.792285 0.0327271 0.0313232
0 0.690142 0.771708 0.0375198 0.0360783
0 0.723783 0.801271 0.0351034 0.0349049
0 0.193376 0.719359 0.0306673 0.0304521
0 0.2758 0.0626277 0.027559 0.0264145
0 0.961087 0.50755 0.0305801 0.029874
0 0.0673903 0.441036 0.0301108 0.0282734
0 0.408741 0.717015 0.0270567 0.0271614
0 0.832263 0.734174 0.029287 0.0278705
0 0.0638801 0.646226 0.0347668 0.0350176
0 0.254467 0.802376 0.0290038 0.0284864
0 0.00846738 0.57744 0.0169348 0.0474879
0 0.562288 0.632702 0.0491647 0.0485527
0 0.975871 0.274434 0.0415821 0.0417732
0 0.86471 0.373518 0.055965 0.0530622
0 0.330455 0.812235 0.0306622 0.0297157
0 0.178769 0.777794 0.0265295 0.0257631
0 0.592655 0.898913 0.0270148 0.0264921
0 0.17696 0.514574 0.0357016 0.03379
0 0.509583 0.21553 0.0277866 0.0279637
0 0.290794 0.800605 0.0330245 0.0312223
0 0.904389 0.657026 0.0284916 0.0285145
0 0.38802 0.746683 0.0483545 0.0481478
0 0.856315 0.659378 0.0323437 0.031077
0 0.289171 0.42447 0.0427656 0.0404262
0 0.837987 0.986453 0.0272575 0.0261398
0 0.970778 0.703523 0.058445 0.0721281
0 0.779864 0.574671 0.0291885 0.0275402
0 0.55725 0.902664 0.0250674 0.024575
0 0.619134 0.127652 0.124534 0.118875
0 0.992848 0.0316973 0.0143045 0.0633946
0 0.981792 0.993585 0.0278618 0.012455
0 0.46061 0.242324 0.0361582 0.0363852
0 0.158927 0.471309 0.0259893 0.0244482
0 0.211296 0.240411 0.0433027 0.0419796
0 0.158032 0.660017 0.0270984 0.0255581
0 0.399354 0.552385 0.032071 0.0308248
0 0.939036 0.661413 0.0372051 0.0353861
0 0.859449 0.58631 0.0298893 0.0293142
0 0.94797 0.909289 0.103956 0.14901
0 0.12341 0.959997 0.0529867 0.0527481
0 0.971813 0.65726 0.0246696 0.0234999
0 0.888299 0.792033 0.034656 0.0340458
0 0.250061 0.734028 0.0249059 0.0246181
0 0.396812 0.907331 0.021847 0.0213554
