0 0.538575 0.270926 0.0590647 0.0584445
0 0.173196 0.489292 0.0428248 0.040908
0 0.34749 0.267573 0.0460307 0.0441929
0 0.276385 0.838965 0.0367454 0.0351189
0 0.0954036 0.167457 0.0318247 0.0314212
0 0.226013 0.0306178 0.0299281 0.029799
0 0.472708 0.447815 0.0886529 0.0884806
0 0.127572 0.713849 0.0332644 0.0326328
0 0.211436 0.963516 0.0345605 0.0333265
0 0.119032 0.800955 0.0307138 0.030001
0 0.576428 0.938336 0.0333996 0.032132
0 0.564372 0.61515 0.0338093 0.0329247
0 0.10193 0.925084 0.0424432 0.0424992
0 0.029796 0.0906211 0.0288448 0.0270151
0 0.414118 0.813803 0.047951 0.0474388
0 0.249909 0.00846326 0.0409441 0.0169265
0 0.354321 0.988115 0.0327001 0.0236156
0 0.485514 0.0457075 0.0275179 0.0262443
0 0.0880384 0.0548282 0.0248966 0.0247456
0 0.127735 0.772655 0.0292727 0.0282674
0 0.14199 0.905729 0.0306166 0.0301651
0 0.0175826 0.867333 0.0347884 0.047385
0 0.0530194 0.867214 0.0399246 0.039386
0 0.327282 0.44901 0.0416654 0.0414337
0 0.392187 0.526326 0.041708 0.0412802
0 0.579491 0.41037 0.0363376 0.0354473
0 0.499999 0.244585 0.0385792 0.0370813
0 0.0471809 0.591702 0.0430737 0.0406357
0 0.0440096 0.602845 0.0553373 0.0592782
0 0.486637 0.139743 0.0283816 0.0287176
0 0.241643 0.537559 0.0292984 0.0282393
0 0.56617 0.643199 0.0272442 0.0264402
0 0.417919 0.00831139 0.0277426 0.0163906
