0 0.516449 0.777386 0.0511499 0.0454902
0 0.529239 0.106495 0.0568562 0.0543072
0 0.447519 0.207965 0.246001 0.215126
0 0.604852 0.390778 0.107805 0.0970128
0 0.816998 0.834509 0.0456949 0.0398502
0 0.108139 0.609745 0.0510146 0.0469236
0 0.499189 0.434959 0.0917692 0.0832033
0 0.756145 0.906241 0.0324511 0.0296314
0 0.927232 0.544361 0.145536 0.162891
0 0.667288 0.406905 0.0337793 0.0295217
0 0.348978 0.817031 0.0314421 0.0286098
0 0.171187 0.460521 0.0361859 0.0314501
0 0.790235 0.109037 0.0322922 0.0288318
0 0.396482 0.128284 0.0287465 0.0264904
0 0.194835 0.482609 0.0330476 0.029493
0 0.329373 0.0540432 0.0300488 0.027877
0 0.574641 0.492813 0.0297668 0.0272348
0 0.931008 0.439648 0.136847 0.145262
0 0.573794 0.590801 0.0272507 0.0246073
0 0.381162 0.588232 0.0286841 0.0255913
0 0.753449 0.685088 0.0817837 0.072628
0 0.682092 0.709272 0.0706354 0.0629213
0 0.932871 0.261246 0.0781059 0.0689862
0 0.361779 0.860626 0.0515794 0.0440756
0 0.275669 0.651191 0.0598033 0.0513744
0 0.919322 0.318073 0.0304508 0.0274189
0 0.81137 0.478323 0.0963264 0.0833553
0 0.553014 0.0345366 0.0324191 0.0304121
0 0.876344 0.467263 0.0278309 0.025864
