0 0.516034 0.799709 0.30222 0.244818
0 0.817847 0.801174 0.0861359 0.0660355
0 0.82445 0.518049 0.0396862 0.0329863
0 0.400306 0.01968 0.0453625 0.0389122
0 0.612354 0.121092 0.05284 0.0476691
0 0.346004 0.565694 0.046157 0.0384123
0 0.49433 0.492403 0.046525 0.0392565
0 0.0349392 0.909248 0.0356378 0.0314707
0 0.696666 0.612453 0.0579802 0.0449728
0 0.537382 0.195471 0.176437 0.16191
0 0.362896 0.151909 0.120445 0.107577
0 0.735172 0.442231 0.110917 0.0870544
0 0.0997141 0.964547 0.0402053 0.035125
0 0.498598 0.052669 0.0320077 0.0288835
0 0.966765 0.942858 0.0523552 0.0488544
0 0.403283 0.978155 0.0493985 0.0401764
0 0.820098 0.653206 0.0811499 0.0706711
0 0.878769 0.812727 0.033633 0.0260538
0 0.415467 0.670196 0.0457654 0.0370558
0 0.107828 0.328841 0.0422925 0.0354593
0 0.371059 0.294653 0.131188 0.113984
0 0.316184 0.372901 0.066853 0.056203
0 0.714794 0.333173 0.0342245 0.0308629
0 0.785677 0.619278 0.0323169 0.0277771
0 0.735192 0.648764 0.03827 0.0320292
0 0.0361688 0.662299 0.0312438 0.0266164
0 0.105228 0.658024 0.0355938 0.0298862
0 0.455147 0.441629 0.0390952 0.0331749
