0 0.488878 0.962309 0.0772355 0.0738804
0 0.79429 0.533354 0.0828204 0.0773222
0 0.573774 0.506944 0.0698601 0.0651327
0 0.27665 0.77349 0.089727 0.0886319
0 0.75527 0.94567 0.0996868 0.0957684
0 0.825719 0.0715589 0.0467037 0.043168
0 0.545627 0.957509 0.0463846 0.0437302
0 0.232348 0.568467 0.260399 0.272441
0 0.979828 0.826498 0.0352074 0.0338974
0 0.798558 0.380252 0.0436288 0.0422622
0 0.698608 0.695966 0.107757 0.103502
0 0.790242 0.804656 0.0410872 0.0390371
0 0.857751 0.760324 0.0612869 0.0586915
0 0.704446 0.764991 0.0445389 0.0426542
0 0.651037 0.542047 0.0736316 0.0701157
0 0.98288 0.599998 0.0342408 0.0532239
0 0.809613 0.733028 0.062547 0.0596762
0 0.48139 0.502232 0.109143 0.105831
0 0.621865 0.734466 0.0807253 0.076054
0 0.614104 0.321835 0.0626189 0.0597856
0 0.585656 0.556865 0.0446742 0.0424837
0 0.4708 0.416349 0.0658377 0.0625901
0 0.942453 0.410426 0.11489 0.173963
0 0.843401 0.953293 0.0868378 0.0872322
0 0.612314 0.673909 0.0437282 0.0411225
0 0.972254 0.508468 0.0277554 0.0263319
0 0.944899 0.619393 0.0399426 0.0383726
0 0.594543 0.460897 0.0316755 0.0295267
0 0.598787 0.806927 0.0421576 0.0392479
0 0.360944 0.676299 0.0664691 0.0616238
0 0.843767 0.693958 0.0408745 0.0397916
0 0.870645 0.353976 0.0517492 0.0525485
0 0.896817 0.814711 0.0322502 0.0313028
0 0.847506 0.0472553 0.03251 0.0313439
0 0.887738 0.312182 0.0356937 0.0341883
0 0.34471 0.935549 0.0293384 0.0280033
0 0.506264 0.623341 0.0548048 0.0493748
0 0.509156 0.797003 0.0674997 0.0639625
0 0.664305 0.348886 0.0371223 0.0354541
0 0.908046 0.619952 0.0318371 0.0306229
0 0.40142 0.765648 0.168014 0.157248
0 0.535016 0.0228471 0.068244 0.0456941
0 0.858474 0.607097 0.0273067 0.0264935
0 0.905279 0.669536 0.0914076 0.0849171
0 0.512376 0.353928 0.0716171 0.0686725
0 0.835685 0.241779 0.317918 0.309201
0 0.911698 0.931822 0.0548645 0.0530529
0 0.882882 0.71423 0.0351553 0.0341238
0 0.679633 0.0187891 0.0681382 0.0375648
0 0.525936 0.0245551 0.0403135 0.0374612
0 0.522061 0.556232 0.0277942 0.0267345
0 0.650314 0.640444 0.0524147 0.0509928
0 0.495389 0.15448 0.0551453 0.0554245
0 0.59688 0.148271 0.0504226 0.0482206
0 0.95542 0.732857 0.0736271 0.0709513
0 0.0571239 0.522136 0.114248 0.292937
0 0.379539 0.66316 0.0428298 0.0454941
0 0.83077 0.892146 0.0342594 0.033828
0 0.693178 0.677182 0.036184 0.0339361
0 0.408371 0.85641 0.137918 0.130619
0 0.574699 0.422424 0.0415728 0.0426295
0 0.651543 0.376595 0.0469368 0.0441706
0 0.389465 0.472763 0.0793762 0.0743336
0 0.990917 0.282569 0.0181664 0.0325423
0 0.74441 0.335579 0.0378046 0.0362432
