0 0.118489 0.384537 0.189713 0.162236
0 0.442446 0.892188 0.0549185 0.0459568
0 0.238636 0.263433 0.221249 0.197707
0 0.777733 0.97755 0.0738409 0.0449003
0 0.601544 0.496376 0.0491318 0.0411169
0 0.43015 0.68011 0.047172 0.0396255
0 0.492772 0.943296 0.0435391 0.0369686
0 0.603879 0.882254 0.0534681 0.0474308
0 0.224103 0.689707 0.0368597 0.0321398
0 0.960855 0.658101 0.0446739 0.036627
0 0.611158 0.539638 0.0367964 0.0319031
0 0.882037 0.618029 0.140379 0.121494
0 0.85096 0.365405 0.0400663 0.0347751
0 0.539987 0.642388 0.061245 0.052392
0 0.746568 0.227404 0.0368046 0.032306
0 0.665872 0.846152 0.110806 0.0869221
0 0.574084 0.466991 0.042391 0.0360857
0 0.497057 0.246782 0.0359562 0.0301691
0 0.770111 0.787531 0.0360817 0.0309259
0 0.207821 0.755695 0.0313131 0.0264062
0 0.301788 0.929352 0.0357575 0.0307816
0 0.678603 0.364516 0.0705602 0.0594952
0 0.746236 0.937811 0.056904 0.0502037
0 0.382624 0.602812 0.0326995 0.027221
0 0.551118 0.843955 0.0285021 0.0256145
0 0.510547 0.825464 0.0354921 0.0312557
0 0.94427 0.366642 0.0505779 0.0452874
0 0.923693 0.540501 0.115518 0.100889
0 0.424627 0.84391 0.034552 0.0300756
0 0.9579 0.496689 0.0842007 0.0843315
0 0.222655 0.0381487 0.0504459 0.0422054
0 0.518428 0.976132 0.0319536 0.0288017
0 0.443643 0.765374 0.0281275 0.0248074
0 0.708041 0.570464 0.0698096 0.0584088
0 0.106468 0.783575 0.0281419 0.0252129
0 0.392257 0.762028 0.0315217 0.0268841
0 0.334089 0.969356 0.112867 0.0609608
0 0.876202 0.687925 0.0414442 0.0339367
0 0.518176 0.590448 0.0297848 0.0257197
0 0.34551 0.752349 0.0510101 0.0413168
0 0.595726 0.587195 0.0664351 0.0570621
