0 0.644304 0.956712 0.0561218 0.0444864
0 0.856431 0.870889 0.0548904 0.0435934
0 0.232478 0.586884 0.045757 0.0381752
0 0.462077 0.631142 0.0416278 0.0346478
0 0.42922 0.803239 0.222499 0.178306
0 0.467837 0.603764 0.29394 0.250654
0 0.682358 0.934993 0.0431099 0.0352234
0 0.466296 0.772475 0.0392138 0.0307211
0 0.65952 0.874787 0.0345274 0.0278252
0 0.810663 0.790101 0.0368788 0.0298341
0 0.0262733 0.968238 0.0525466 0.0623085
0 0.534461 0.395297 0.0608421 0.0519395
0 0.378118 0.360066 0.0470172 0.0401764
0 0.724932 0.588143 0.0581247 0.0485984
