0 0.731923 0.666308 0.0851147 0.063674
0 0.439213 0.28822 0.0628975 0.045682
0 0.0568784 0.65072 0.113298 0.109233
0 0.407104 0.753881 0.065217 0.0466145
0 0.812998 0.080976 0.0453753 0.0355135
0 0.0216466 0.582379 0.038909 0.0317253
0 0.913758 0.866957 0.0695805 0.0501385
0 0.148801 0.669526 0.087122 0.0636662
0 0.0121353 0.946837 0.0242367 0.0356941
0 0.349212 0.717959 0.0790252 0.0557132
0 0.583858 0.913966 0.374583 0.172068
0 0.898021 0.959772 0.0466997 0.0317471
0 0.970567 0.506502 0.0588659 0.0629461
0 0.968218 0.862525 0.0381519 0.0293764
0 0.60592 0.346881 0.0331892 0.026865
0 0.735336 0.0456406 0.0461452 0.0367217
0 0.684858 0.0445515 0.0465029 0.0361349
0 0.269231 0.700652 0.0391157 0.031167
0 0.0873234 0.588515 0.0851803 0.0625485
0 0.664423 0.732497 0.0427492 0.0301567
0 0.653599 0.67697 0.0867643 0.058777
0 0.505169 0.325886 0.0304629 0.0221986
