0 0.321557 0.341251 0.158149 0.122354
0 0.347427 0.799328 0.137247 0.101185
0 0.603536 0.0983256 0.124599 0.0934595
0 0.860204 0.193785 0.107084 0.0792513
0 0.477391 0.875174 0.0535984 0.040937
0 0.149204 0.703926 0.0644835 0.0436056
0 0.529039 0.0782142 0.0510823 0.0384534
0 0.291737 0.469509 0.076236 0.05928
0 0.653098 0.0295276 0.0840343 0.0564091
0 0.0797411 0.554702 0.0458874 0.0321572
0 0.644741 0.640075 0.0392978 0.031547
0 0.142804 0.495265 0.125911 0.0952325
0 0.318321 0.423208 0.0581472 0.0447125
0 0.805461 0.535161 0.0403484 0.0298512
0 0.336637 0.680318 0.071381 0.048769
0 0.435682 0.833436 0.040129 0.0286976
0 0.678847 0.231573 0.0446579 0.0336288
0 0.201771 0.683428 0.0654413 0.05058
0 0.345602 0.582025 0.0783807 0.0606153
0 0.168455 0.63173 0.0608778 0.0443961
0 0.553556 0.388918 0.0401649 0.0295216
0 0.067728 0.241521 0.0454178 0.0339406
0 0.592683 0.519598 0.0918338 0.0712772
0 0.214745 0.829785 0.0603171 0.0486538
0 0.495281 0.127074 0.0961634 0.0710189
0 0.75316 0.88726 0.0569256 0.0464233
0 0.946838 0.835458 0.0358683 0.0287319
0 0.764628 0.566422 0.0608124 0.045287
0 0.681616 0.500903 0.0988028 0.0697845
0 0.567648 0.301905 0.0585894 0.0446002
0 0.850769 0.476517 0.069405 0.0525967
0 0.512593 0.0160306 0.0919233 0.0320613
0 0.980763 0.0167135 0.0362457 0.0308133
0 0.18059 0.142401 0.0391755 0.0298765
0 0.330533 0.895769 0.0381363 0.0281126
0 0.983542 0.167416 0.0325077 0.0761555
0 0.633322 0.913416 0.034779 0.0269058
0 0.429743 0.584284 0.0832798 0.0658933
0 0.531343 0.793764 0.048835 0.036735
0 0.830639 0.629277 0.0563967 0.0379619
0 0.153255 0.667513 0.0299315 0.0237412
0 0.523742 0.868792 0.0947169 0.0731531
0 0.858669 0.515853 0.0370873 0.0267991
0 0.477832 0.727808 0.0328808 0.0244698
0 0.363345 0.11046 0.0426853 0.0326532
0 0.475475 0.0409393 0.0376239 0.0278587
0 0.560044 0.414034 0.0360582 0.0275635
0 0.802576 0.393876 0.0335511 0.0266398
0 0.886634 0.993328 0.0628242 0.0133432
0 0.242506 0.428764 0.0830263 0.0662705
0 0.947584 0.73321 0.0403004 0.0298197
0 0.565397 0.828169 0.0339598 0.0260288
0 0.846369 0.379019 0.0779705 0.059111
0 0.914133 0.29107 0.155589 0.118403
0 0.533693 0.217619 0.104062 0.0776596
