0 0.649327 0.924756 0.161325 0.13095
0 0.327332 0.288547 0.25537 0.217557
0 0.808614 0.0389606 0.0467669 0.0394716
0 0.922574 0.933346 0.0529222 0.0402412
0 0.642618 0.0478729 0.0394655 0.0311997
0 0.718236 0.753092 0.0867519 0.066852
0 0.762096 0.052527 0.0391126 0.0323294
0 0.83745 0.628555 0.123445 0.0926001
0 0.929131 0.836981 0.0417049 0.0315426
0 0.88149 0.262776 0.0517097 0.0403065
0 0.645931 0.761781 0.129595 0.0971151
0 0.499026 0.476698 0.621483 0.587432
0 0.504017 0.82902 0.0502529 0.03965
0 0.608163 0.0295509 0.0339774 0.026474
0 0.0218789 0.716659 0.0353134 0.0289281
0 0.0275175 0.808073 0.0320398 0.0254982
0 0.941138 0.421549 0.0332157 0.0271339
0 0.069667 0.235716 0.139328 0.248633
0 0.960524 0.552093 0.078952 0.085747
0 0.486939 0.889664 0.439941 0.220571
0 0.294257 0.0957741 0.053737 0.0390816
0 0.438229 0.0232628 0.0687141 0.046505
0 0.615539 0.460637 0.119625 0.0955994
0 0.854832 0.300335 0.0359344 0.0300612
0 0.881546 0.780117 0.0395329 0.0301025
0 0.432978 0.494374 0.036882 0.0283139
0 0.778106 0.960774 0.0312682 0.0257679
0 0.865276 0.470127 0.0435844 0.035699
