0 0.723631 0.771581 0.220012 0.171872
0 0.567077 0.579758 0.115051 0.0952202
0 0.945351 0.661487 0.108462 0.100189
0 0.670359 0.156953 0.0473629 0.0386216
0 0.460262 0.378499 0.0517972 0.0420859
0 0.896067 0.745995 0.13196 0.106147
0 0.57798 0.0452862 0.0476324 0.040178
0 0.858737 0.236638 0.0392128 0.0319278
0 0.455996 0.980431 0.0558016 0.0382116
0 0.668875 0.348388 0.0399986 0.032195
0 0.342032 0.456414 0.0392375 0.033222
0 0.550985 0.685386 0.0378297 0.031436
0 0.931578 0.901538 0.0431644 0.0341953
0 0.543465 0.851659 0.0480178 0.0391293
0 0.724006 0.607254 0.0909534 0.0764971
0 0.389472 0.917989 0.0387502 0.0327003
0 0.184308 0.364499 0.0395201 0.0339393
0 0.24278 0.411438 0.0583539 0.047113
0 0.948662 0.262768 0.032325 0.0282381
0 0.255206 0.223746 0.0322504 0.0270504
0 0.701315 0.931117 0.0622167 0.0526089
0 0.679771 0.580505 0.0433821 0.0363998
0 0.318064 0.765369 0.0474904 0.0396544
0 0.401381 0.280822 0.0325482 0.0265344
0 0.982906 0.952332 0.0341589 0.0385422
0 0.870438 0.664991 0.0435986 0.0383648
0 0.730309 0.429544 0.0365215 0.0320413
0 0.66534 0.471031 0.0391846 0.0331681
0 0.590425 0.788988 0.0713045 0.060607
