0 0.386024 0.446445 0.0988283 0.0724871
0 0.253835 0.23133 0.0560596 0.0431959
0 0.277309 0.536173 0.0389165 0.0296366
0 0.160313 0.552817 0.0479456 0.0361034
0 0.557389 0.0118945 0.0417789 0.023355
0 0.343752 0.0773263 0.0392206 0.0298557
0 0.158118 0.620746 0.0459086 0.0327267
0 0.1778 0.927923 0.0366981 0.0277885
0 0.963971 0.0964008 0.0467129 0.0399074
0 0.359966 0.214171 0.190889 0.145357
0 0.357544 0.814252 0.224782 0.172094
0 0.557669 0.155591 0.206926 0.153767
0 0.0516077 0.109332 0.103215 0.121722
0 0.401474 0.798074 0.0357691 0.0281354
0 0.411855 0.570213 0.0328016 0.0255496
