0 0.813395 0.134423 0.17819 0.133696
0 0.128586 0.0891683 0.145063 0.1043
0 0.946576 0.370865 0.106848 0.0982387
0 0.485248 0.487964 0.0651117 0.047025
0 0.330191 0.659634 0.0653605 0.0445848
0 0.649829 0.358635 0.087406 0.0674146
0 0.586733 0.708691 0.0459007 0.0331632
0 0.264645 0.703623 0.0442008 0.0326186
0 0.481358 0.270386 0.0431817 0.0318653
0 0.729829 0.267002 0.0591909 0.0412585
0 0.802806 0.428305 0.136527 0.0991327
0 0.550981 0.0483446 0.0335873 0.0267169
0 0.243781 0.195088 0.0703519 0.0532928
0 0.406892 0.016705 0.0457908 0.0329909
0 0.745748 0.334409 0.0453417 0.0326457
0 0.0550843 0.635948 0.0382571 0.0268597
0 0.982802 0.0345207 0.0343964 0.0335364
0 0.431002 0.0440531 0.0470945 0.0342801
0 0.0156064 0.59841 0.031169 0.0280584
0 0.437793 0.466838 0.0449987 0.0359393
0 0.52081 0.77989 0.0503232 0.037825
0 0.941262 0.105263 0.117476 0.116195
0 0.713564 0.4988 0.0390579 0.029431
0 0.677379 0.259245 0.0393473 0.029591
0 0.434838 0.258608 0.0464424 0.033918
0 0.858838 0.309831 0.113826 0.0878475
0 0.506026 0.239774 0.0639088 0.0457644
0 0.589581 0.538496 0.0899486 0.068921
0 0.774134 0.278182 0.0396153 0.0319728
0 0.349277 0.406994 0.035578 0.0278136
0 0.37912 0.569448 0.077579 0.0541903
0 0.777357 0.774077 0.0758415 0.0544783
0 0.292174 0.0757803 0.17965 0.139492
0 0.652089 0.0241271 0.0324512 0.0253611
