0 0.132764 0.474921 0.035332 0.0332848
0 0.0648075 0.0969906 0.0749655 0.0714039
0 0.656398 0.553978 0.0363602 0.0349246
0 0.0531725 0.861144 0.0592896 0.0525433
0 0.0220637 0.0214499 0.0441127 0.0428998
0 0.192401 0.0606558 0.0317699 0.0300776
0 0.649982 0.121897 0.0405951 0.0389173
0 0.768449 0.653079 0.0278934 0.0259285
0 0.00945903 0.212902 0.0188304 0.0476569
0 0.425828 0.862865 0.256076 0.234918
0 0.95113 0.0139415 0.0291138 0.0278829
0 0.0350021 0.810442 0.0458173 0.0411764
0 0.539932 0.777268 0.111033 0.104617
0 0.448997 0.475313 0.190877 0.167926
0 0.90303 0.649274 0.0259386 0.0252031
0 0.32393 0.982059 0.05022 0.0358819
0 0.13902 0.15422 0.0279814 0.0268407
0 0.641101 0.0566067 0.0807328 0.0771559
0 0.424255 0.351352 0.0711922 0.0679929
0 0.991418 0.417835 0.0171581 0.0285534
0 0.63337 0.952891 0.0264519 0.0256853
0 0.369878 0.965791 0.0246918 0.0239281
