0 0.566254 0.844698 0.0534067 0.0509102
0 0.578295 0.215563 0.0445116 0.0412532
0 0.481503 0.858007 0.0420973 0.039465
0 0.0421341 0.904039 0.0838822 0.0851299
0 0.0759884 0.109664 0.0310183 0.0290103
0 0.231026 0.454588 0.0338155 0.0315434
0 0.270584 0.782114 0.0331298 0.0319014
0 0.374166 0.0122222 0.0296067 0.0241523
0 0.347315 0.470358 0.0287223 0.0274824
0 0.118226 0.355938 0.0300561 0.0271421
0 0.236233 0.3638 0.0305225 0.0288398
0 0.21123 0.604411 0.0386403 0.0357079
0 0.340046 0.275894 0.0281754 0.0254764
0 0.116456 0.54415 0.0283938 0.024995
0 0.0248256 0.874852 0.0496512 0.055381
0 0.289729 0.546425 0.0272481 0.0267105
