0 0.356252 0.873514 0.229194 0.216767
0 0.239599 0.754554 0.103249 0.0930068
0 0.9303 0.330418 0.1394 0.134284
0 0.197479 0.495575 0.0614728 0.0556026
0 0.725519 0.243394 0.0608179 0.0524241
0 0.0281423 0.786338 0.0561511 0.0690064
0 0.748732 0.417439 0.051973 0.0461138
0 0.463852 0.768152 0.0794977 0.0755869
0 0.40004 0.642767 0.0725937 0.0655151
0 0.225328 0.70692 0.0429217 0.0385469
0 0.63145 0.972005 0.0835186 0.0559908
0 0.331903 0.631799 0.0812609 0.0760429
0 0.658624 0.841801 0.0706507 0.0620171
0 0.576319 0.794701 0.0375805 0.0333442
0 0.246083 0.195962 0.033835 0.0314697
0 0.278185 0.407177 0.0351058 0.033
0 0.0347735 0.887645 0.0367092 0.0345383
0 0.508885 0.250798 0.0551055 0.0493102
0 0.089833 0.708895 0.0386434 0.0360864
0 0.388349 0.972879 0.0344794 0.030505
0 0.459532 0.973732 0.0351745 0.0322235
0 0.510318 0.746738 0.0364532 0.0347031
0 0.139252 0.617896 0.0471419 0.0446022
0 0.763442 0.926173 0.0367303 0.0333099
0 0.290671 0.22658 0.032098 0.02948
0 0.18374 0.680593 0.064371 0.0619105
0 0.499299 0.594907 0.12632 0.115278
0 0.889007 0.0150889 0.0320625 0.0293067
0 0.703934 0.202917 0.0344625 0.0293802
0 0.181024 0.356541 0.108683 0.0989837
0 0.242498 0.647281 0.0692106 0.0646352
0 0.296771 0.670512 0.0462881 0.0412163
0 0.676518 0.523146 0.0386139 0.0350819
0 0.410129 0.766457 0.0410363 0.0374592
0 0.8912 0.889118 0.2176 0.221765
0 0.619694 0.43238 0.0443546 0.0395285
0 0.587387 0.888058 0.0315111 0.0289619
0 0.0524831 0.383911 0.0524825 0.0484265
0 0.146811 0.651148 0.028738 0.0264969
0 0.257254 0.615577 0.0632633 0.0569471
0 0.674179 0.681938 0.0835098 0.0729687
0 0.514859 0.446399 0.0445883 0.041415
0 0.118096 0.983745 0.095793 0.032177
0 0.52425 0.697672 0.103728 0.0978034
0 0.382891 0.579156 0.103078 0.0894427
0 0.603461 0.086782 0.038027 0.0341454
0 0.0819192 0.586939 0.0328919 0.0302658
0 0.4067 0.494167 0.0435243 0.0410042
0 0.0120102 0.678662 0.0238485 0.0276926
0 0.412549 0.022758 0.0503798 0.0433907
0 0.327866 0.554375 0.0350019 0.0325347
