0 0.80326 0.499951 0.286129 0.289413
0 0.426937 0.413483 0.0917776 0.0894789
0 0.359622 0.669299 0.180744 0.175875
0 0.541637 0.557467 0.117786 0.112921
0 0.66517 0.811339 0.398009 0.377322
0 0.774079 0.194407 0.0984295 0.0969945
0 0.212151 0.651527 0.0621199 0.0612181
0 0.0991415 0.387488 0.0668526 0.0649582
0 0.243387 0.824406 0.0459745 0.0453817
0 0.929546 0.213954 0.042448 0.0423959
0 0.840174 0.167591 0.055014 0.0546239
0 0.123325 0.0807079 0.0456586 0.0437729
0 0.379634 0.971305 0.0634266 0.0573902
0 0.146259 0.928363 0.0491903 0.0477442
0 0.433029 0.941218 0.063637 0.0624542
0 0.611689 0.0443576 0.040819 0.0388442
0 0.73841 0.0918948 0.0328859 0.0330537
0 0.102328 0.711561 0.0366806 0.0353541
0 0.653967 0.545174 0.101844 0.0988068
0 0.0716196 0.641989 0.0820984 0.0791229
0 0.635673 0.767679 0.0295906 0.0288455
0 0.824525 0.77067 0.218557 0.216713
0 0.718027 0.311818 0.0332247 0.0326128
0 0.47998 0.913473 0.0407492 0.0400131
0 0.198584 0.444823 0.125187 0.120475
0 0.695187 0.0401208 0.0412938 0.0407491
0 0.36089 0.502426 0.0639572 0.0632489
0 0.981556 0.689285 0.0317593 0.0312164
0 0.79965 0.0404195 0.0295641 0.0288594
0 0.258311 0.147188 0.0350783 0.0342456
0 0.315495 0.648092 0.0676503 0.0661058
0 0.400164 0.793418 0.0310232 0.0322113
0 0.308051 0.505015 0.0425192 0.0408368
0 0.31553 0.852936 0.0608746 0.0590706
0 0.275899 0.325813 0.0310352 0.030022
0 0.448317 0.883041 0.0483984 0.0477144
0 0.609034 0.391773 0.0500256 0.0482728
0 0.140023 0.0411362 0.0447565 0.0437069
0 0.31323 0.93074 0.0627707 0.0602852
0 0.322668 0.825279 0.0419337 0.0422316
0 0.808137 0.11176 0.0293936 0.0285318
0 0.660939 0.13464 0.0302027 0.0292402
0 0.502559 0.984652 0.0904963 0.0296154
0 0.407209 0.253205 0.03277 0.0316351
0 0.572843 0.32477 0.0305414 0.029121
0 0.010184 0.773443 0.020368 0.0503067
0 0.837095 0.0231755 0.0312244 0.0312073
0 0.0803118 0.239275 0.033333 0.0317374
0 0.474277 0.232665 0.0428552 0.0401007
0 0.824394 0.29045 0.10297 0.105856
0 0.80182 0.275392 0.0281703 0.0281825
0 0.119718 0.968937 0.0259945 0.0251537
0 0.0232741 0.233519 0.0465482 0.193277
0 0.0168497 0.683368 0.0336867 0.0362856
0 0.965844 0.545105 0.037307 0.0371708
0 0.33274 0.369854 0.0288249 0.0293065
0 0.374962 0.175453 0.0280098 0.0264385
0 0.0294022 0.0211831 0.0278952 0.0272311
0 0.566128 0.988322 0.0461133 0.0232592
0 0.757125 0.907808 0.15548 0.153649
0 0.823717 0.338777 0.0255764 0.0253366
0 0.150206 0.670888 0.0901281 0.0879564
0 0.979553 0.303568 0.0316916 0.0312028
0 0.163155 0.886011 0.02653 0.0255768
0 0.00618332 0.710509 0.0123666 0.0386503
0 0.40737 0.913329 0.0261856 0.0257938
0 0.196976 0.260713 0.108691 0.102456
0 0.084593 0.519834 0.0709435 0.0652053
0 0.139307 0.720829 0.0257162 0.0253847
0 0.0930863 0.779644 0.0284779 0.0266613
0 0.369956 0.525424 0.0984736 0.098561
0 0.0869913 0.475082 0.110472 0.106853
0 0.685326 0.975364 0.121751 0.0490183
0 0.654359 0.635545 0.0701231 0.0667706
0 0.82747 0.241896 0.0250372 0.0247017
0 0.268959 0.732908 0.0318375 0.0309601
0 0.701352 0.0612442 0.0238149 0.0237755
0 0.142052 0.993814 0.0429835 0.0123722
0 0.939686 0.949954 0.0249912 0.0244671
