0 0.971341 0.674658 0.0384535 0.0319306
0 0.458066 0.230649 0.0394316 0.0310539
0 0.0674083 0.61192 0.0355458 0.0280728
0 0.0134809 0.990737 0.0269363 0.0185263
0 0.396975 0.97255 0.0374537 0.03027
0 0.619246 0.0875703 0.103408 0.0800283
0 0.946451 0.135723 0.0467236 0.0358637
0 0.923393 0.106177 0.0456337 0.0372209
0 0.945709 0.209375 0.0429163 0.0346984
0 0.428797 0.957302 0.0303405 0.0238659
0 0.284029 0.444275 0.568058 0.667824
0 0.939618 0.186672 0.049614 0.0431697
0 0.989748 0.649748 0.0205037 0.0258965
