0 0.186 0.717908 0.0732455 0.0682465
0 0.184585 0.262855 0.0529215 0.0509233
0 0.478505 0.644113 0.0580763 0.0562824
0 0.204872 0.0353862 0.0436548 0.0429922
0 0.801357 0.153361 0.0323622 0.0315281
0 0.300047 0.800526 0.0342688 0.0325384
0 0.739625 0.591659 0.0383138 0.0374108
0 0.185182 0.52724 0.107185 0.104243
0 0.122757 0.593947 0.046183 0.041794
0 0.956944 0.739723 0.031839 0.0310801
0 0.557971 0.167684 0.0299194 0.0290265
0 0.373265 0.985124 0.0377535 0.0297525
0 0.857427 0.550823 0.0558031 0.051144
0 0.213256 0.0755326 0.0271643 0.0259575
0 0.975777 0.011211 0.0263515 0.022422
0 0.01083 0.589184 0.0216601 0.0274508
0 0.265548 0.932174 0.114412 0.112455
0 0.762755 0.562128 0.0276678 0.0270643
0 0.795923 0.94759 0.146153 0.10449
0 0.742461 0.425662 0.0272433 0.0264536
0 0.535768 0.96129 0.0570155 0.0532867
0 0.922095 0.436135 0.155809 0.343229
0 0.229155 0.437743 0.101039 0.0913851
0 0.79595 0.198365 0.0269763 0.0249161
0 0.0436412 0.618907 0.0258175 0.023374
0 0.657499 0.393817 0.0711698 0.0662876
0 0.0666412 0.906353 0.0580933 0.0560307
0 0.702551 0.591005 0.0265575 0.0263491
