0 0.460386 0.242659 0.176647 0.139011
0 0.215593 0.292731 0.0857553 0.0657377
0 0.961748 0.0188619 0.0542238 0.0377239
0 0.555004 0.939502 0.0479645 0.0375607
0 0.117435 0.18485 0.0442638 0.0344025
0 0.283378 0.933506 0.0406735 0.0298016
0 0.144379 0.609196 0.0339426 0.0265757
0 0.359735 0.0227136 0.038732 0.0295987
0 0.309032 0.144004 0.0639351 0.0481044
0 0.383273 0.983287 0.0325507 0.0255667
0 0.419706 0.78382 0.0320772 0.0259043
0 0.215254 0.490752 0.101856 0.0781354
0 0.169144 0.412439 0.0323132 0.0243856
0 0.711304 0.109487 0.0327438 0.0268242
0 0.475643 0.990102 0.0300773 0.0197957
