0 0.763276 0.476211 0.064089 0.0569301
0 0.538409 0.61313 0.0361303 0.0335672
0 0.954721 0.630057 0.0509026 0.0456642
0 0.492158 0.471366 0.0316906 0.0292818
0 0.907873 0.874601 0.0543018 0.0476063
0 0.985999 0.738569 0.0280029 0.039784
0 0.632283 0.0297151 0.0311743 0.0294053
0 0.949831 0.805194 0.0480433 0.0446789
0 0.156725 0.295354 0.0315762 0.0278348
0 0.709451 0.465836 0.0388859 0.036462
0 0.847295 0.516128 0.0352579 0.0325991
0 0.0940556 0.205584 0.0604173 0.0536083
0 0.728116 0.514424 0.0451672 0.0415655
0 0.865202 0.0189431 0.0315559 0.0312107
0 0.785886 0.252236 0.428227 0.504472
0 0.144928 0.405898 0.0304406 0.0266315
0 0.125247 0.576901 0.0668078 0.0610012
0 0.220707 0.828771 0.0281079 0.0255262
0 0.611699 0.599409 0.0458294 0.0412567
