0 0.114321 0.861443 0.0601551 0.0566603
0 0.0432941 0.865126 0.0450428 0.0427706
0 0.845363 0.702765 0.0496126 0.0452098
0 0.889489 0.178921 0.0644493 0.0580033
0 0.64948 0.794451 0.0459752 0.0415997
0 0.780081 0.705059 0.0392796 0.0369265
0 0.407268 0.159915 0.0339337 0.0312407
0 0.501296 0.227811 0.0376219 0.0354481
0 0.500644 0.725847 0.056967 0.0528269
0 0.248803 0.58185 0.0391586 0.0363721
0 0.853054 0.28586 0.0462471 0.0426798
0 0.672135 0.432051 0.036694 0.0354855
0 0.48865 0.463232 0.0447466 0.0426306
0 0.835204 0.54993 0.0387493 0.0354353
0 0.838671 0.18094 0.0327736 0.0315686
0 0.0240038 0.0848765 0.0480077 0.0592095
0 0.792017 0.494964 0.0289368 0.0271816
0 0.528268 0.369888 0.0325007 0.0305061
0 0.619549 0.154952 0.0465408 0.0446043
0 0.36932 0.606708 0.0283951 0.0273655
0 0.869914 0.331069 0.0573486 0.0514586
0 0.528741 0.340842 0.0334885 0.031612
0 0.848031 0.584728 0.036784 0.0349912
0 0.61857 0.0604332 0.029507 0.0273088
0 0.611071 0.865103 0.0349911 0.0323032
0 0.820064 0.100811 0.0309847 0.0285283
0 0.604601 0.975998 0.031838 0.0273567
0 0.71665 0.706174 0.0317322 0.0290131
0 0.618746 0.894499 0.0289616 0.0279968
0 0.81186 0.166973 0.0351306 0.0341539
0 0.707051 0.730062 0.0336319 0.0302536
0 0.669969 0.627872 0.0338497 0.0333682
0 0.607266 0.32085 0.0304235 0.0287183
0 0.919678 0.898843 0.030299 0.0281902
0 0.4077 0.109259 0.025759 0.0242202
0 0.0174019 0.0573311 0.0326273 0.0299359
0 0.863406 0.374912 0.0305138 0.0293395
0 0.853555 0.223816 0.0376465 0.0342851
0 0.850924 0.0794694 0.0466366 0.0434088
0 0.498408 0.353723 0.0361961 0.0349807
0 0.556511 0.767615 0.0291829 0.0275829
0 0.331137 0.61764 0.0289507 0.0263496
0 0.609869 0.345717 0.0276743 0.0271521
