0 0.824211 0.215437 0.131041 0.101553
0 0.961375 0.947664 0.0494736 0.0384701
0 0.502241 0.655078 0.102312 0.0834164
0 0.593856 0.77429 0.0918646 0.0793076
0 0.901658 0.286444 0.125782 0.104817
0 0.40296 0.890381 0.143084 0.111791
0 0.762824 0.131243 0.0514352 0.0401701
0 0.369463 0.0324766 0.0570082 0.0445165
0 0.495683 0.487239 0.213039 0.170219
0 0.289971 0.623469 0.0328509 0.027029
0 0.109421 0.298674 0.0487872 0.0369006
0 0.110944 0.878505 0.0550809 0.0465591
0 0.166262 0.0682267 0.0344251 0.0267926
0 0.195849 0.160649 0.0545116 0.0423592
0 0.551875 0.701975 0.0802729 0.064702
0 0.287349 0.904551 0.0919842 0.0758637
0 0.359909 0.874546 0.0365171 0.0300503
0 0.554953 0.199381 0.163981 0.138677
0 0.473821 0.574382 0.0426931 0.0318354
0 0.694 0.129795 0.0324804 0.026793
0 0.710582 0.821195 0.0805418 0.0633396
0 0.817707 0.149383 0.0556654 0.0419081
0 0.0700186 0.704609 0.0309811 0.0261555
0 0.859939 0.986555 0.0314386 0.0257057
0 0.628851 0.671603 0.0583672 0.0451986
0 0.554212 0.936908 0.0327622 0.0288677
0 0.90253 0.384789 0.0356747 0.0275834
0 0.481593 0.434187 0.0584515 0.0513155
0 0.0561936 0.390252 0.0640509 0.0528491
0 0.0469619 0.959083 0.0544984 0.0459038
0 0.148841 0.680596 0.297126 0.436395
0 0.0980642 0.104687 0.0322278 0.0268432
