0 0.592595 0.576861 0.29268 0.223347
0 0.0705315 0.209915 0.0583053 0.0453214
0 0.41813 0.210829 0.0466216 0.0369143
0 0.592092 0.800697 0.170048 0.135576
0 0.576342 0.933714 0.0564253 0.0430473
0 0.205632 0.4071 0.0419436 0.0341591
0 0.70705 0.381269 0.0423321 0.0341943
0 0.129181 0.79218 0.0364045 0.0302329
0 0.194388 0.335425 0.0361633 0.029925
0 0.382272 0.862249 0.123064 0.0977673
0 0.790296 0.608101 0.168448 0.1448
0 0.156979 0.357796 0.0331037 0.0258235
0 0.905471 0.499475 0.189059 0.232665
0 0.78808 0.828562 0.0398979 0.032135
0 0.736073 0.293107 0.0496922 0.0388708
0 0.020673 0.407239 0.0313189 0.0277838
0 0.912281 0.639596 0.0950378 0.0777412
0 0.930175 0.123395 0.0314495 0.0267001
0 0.852914 0.993588 0.0375286 0.0127758
0 0.387308 0.582173 0.125332 0.0952291
0 0.751924 0.376061 0.0379248 0.0288029
0 0.751849 0.398145 0.0332228 0.0278287
0 0.879857 0.711105 0.0349152 0.0294823
0 0.516082 0.0745583 0.0341095 0.0272036
0 0.624132 0.717658 0.0970057 0.0758114
0 0.204505 0.0534397 0.0287435 0.0249496
0 0.461345 0.789075 0.0703941 0.0505825
0 0.292536 0.737848 0.246298 0.181162
0 0.815295 0.739281 0.0315336 0.0251397
0 0.647538 0.945754 0.0320451 0.0260601
0 0.191814 0.912274 0.079149 0.0681898
0 0.692275 0.333836 0.0282167 0.0236594
0 0.0193451 0.951584 0.0381074 0.0945364
