0 0.22453 0.205606 0.21722 0.208779
0 0.909209 0.506454 0.0562412 0.0550297
0 0.195443 0.0932542 0.0642077 0.0634132
0 0.175418 0.405971 0.0610642 0.0601063
0 0.614505 0.390012 0.108364 0.106684
0 0.883961 0.381736 0.0448637 0.0439703
0 0.409982 0.689522 0.0428068 0.0412048
0 0.961008 0.43059 0.0779842 0.0950203
0 0.515209 0.54053 0.0390451 0.0375277
0 0.381393 0.0655835 0.0548815 0.0531848
0 0.920736 0.462763 0.0474817 0.0466932
0 0.0294024 0.332712 0.0391502 0.0388071
0 0.442418 0.0652074 0.0345665 0.0341488
0 0.939504 0.609298 0.113773 0.115422
0 0.171456 0.939157 0.0404917 0.039435
0 0.9585 0.570106 0.0348133 0.0337885
0 0.114039 0.590962 0.0341182 0.0328966
0 0.266308 0.382514 0.202357 0.20416
0 0.454927 0.261769 0.0627652 0.0608668
0 0.0800535 0.201838 0.0640727 0.0663759
0 0.0347361 0.855475 0.0690004 0.124541
0 0.789989 0.902834 0.0478443 0.0466602
0 0.462668 0.483554 0.0332547 0.033465
0 0.904015 0.333744 0.0363998 0.0350851
0 0.191655 0.982318 0.038568 0.0349926
0 0.865695 0.785074 0.0284607 0.0281557
0 0.518902 0.0071256 0.035265 0.0142512
0 0.98561 0.620542 0.0287796 0.0389348
0 0.772446 0.190347 0.0358109 0.0353499
0 0.420553 0.195259 0.0316807 0.030595
0 0.688586 0.0237519 0.0436399 0.0430379
0 0.950863 0.129337 0.0381176 0.0367094
0 0.416517 0.954373 0.068367 0.0684572
0 0.431355 0.390071 0.0322474 0.0325385
0 0.460065 0.521387 0.0336067 0.0335174
0 0.834407 0.331998 0.0341909 0.0337263
0 0.96249 0.227704 0.0323132 0.0319102
0 0.546187 0.722879 0.0369746 0.0360889
0 0.923614 0.920537 0.0273979 0.0271927
0 0.300804 0.302807 0.0342128 0.0344142
0 0.818511 0.0751913 0.223692 0.150234
0 0.892113 0.254679 0.0408131 0.0405772
0 0.787347 0.27693 0.0385361 0.0376682
0 0.155025 0.896586 0.0448437 0.0422142
0 0.0268843 0.440968 0.0318844 0.0324064
0 0.76685 0.457824 0.090609 0.0879082
0 0.944594 0.275323 0.0310423 0.0302043
0 0.311124 0.752645 0.0325323 0.0319317
0 0.0934425 0.933148 0.0344533 0.0317629
0 0.506608 0.758057 0.0626675 0.0600622
0 0.715021 0.687301 0.0341796 0.0324331
0 0.377007 0.280346 0.107501 0.101425
0 0.0393028 0.680059 0.0330001 0.0320501
0 0.600921 0.795577 0.0411074 0.0386685
0 0.200015 0.872872 0.0561043 0.0549101
0 0.937515 0.313306 0.035191 0.0341248
0 0.813083 0.191504 0.0379684 0.0370691
0 0.493822 0.609629 0.0382011 0.0377076
0 0.449315 0.89911 0.0612835 0.0603659
0 0.51683 0.459649 0.0240498 0.0234877
0 0.395338 0.663808 0.0384265 0.0365822
0 0.39767 0.567289 0.0469132 0.0456482
0 0.737348 0.927312 0.027531 0.0260799
0 0.011689 0.734402 0.023378 0.0287451
0 0.456084 0.560992 0.0578209 0.0567875
0 0.154429 0.489172 0.105069 0.0995981
0 0.443292 0.617823 0.0602689 0.0566711
0 0.7061 0.361625 0.0769472 0.0784486
0 0.00816944 0.570935 0.0163389 0.0608893
0 0.587571 0.869591 0.332553 0.260818
0 0.245743 0.0672379 0.0424031 0.041064
0 0.489557 0.300192 0.0270093 0.0265921
0 0.156957 0.53745 0.0864282 0.0837721
0 0.312242 0.0634837 0.181383 0.126739
0 0.817779 0.710159 0.0429808 0.0443038
0 0.836481 0.267377 0.0542334 0.0556591
0 0.0220332 0.172054 0.0430728 0.0478024
0 0.222264 0.0245804 0.0501799 0.0472571
0 0.938655 0.873342 0.0984581 0.0975061
0 0.379193 0.7768 0.0587162 0.0567739
