0 0.286755 0.747314 0.40286 0.274514
0 0.526982 0.549601 0.0512177 0.0394848
0 0.656366 0.897663 0.184084 0.15504
0 0.43545 0.956485 0.0536451 0.0413599
0 0.221582 0.448206 0.313895 0.241996
0 0.218951 0.95795 0.047932 0.0372242
0 0.940183 0.707479 0.11958 0.106548
0 0.269465 0.624655 0.0502481 0.0346127
0 0.593979 0.980464 0.0433193 0.0322445
0 0.649908 0.279907 0.700184 0.559814
0 0.505903 0.0404091 0.0369606 0.0288052
0 0.209316 0.369069 0.0367049 0.0304778
0 0.243694 0.352878 0.0437387 0.0366715
0 0.251896 0.919622 0.0350648 0.0267336
0 0.476765 0.780223 0.0347195 0.0274567
0 0.273904 0.655136 0.0326535 0.0244118
0 0.0637515 0.477068 0.0414696 0.0308556
0 0.216011 0.59112 0.0461332 0.0351438
0 0.0658131 0.0702702 0.0565947 0.0420107
0 0.82309 0.669945 0.0434872 0.0298361
0 0.0507172 0.283552 0.101434 0.108657
0 0.309557 0.608279 0.0426147 0.0300087
0 0.475138 0.920828 0.0327119 0.0260681
0 0.771881 0.655209 0.0313139 0.0252272
0 0.150865 0.905345 0.0316283 0.0244492
0 0.175381 0.523274 0.0565641 0.044043
0 0.0679231 0.873828 0.135743 0.20723
0 0.659873 0.85127 0.032643 0.0242722
0 0.436589 0.828534 0.0325466 0.0255096
0 0.553762 0.931187 0.0356809 0.0264515
0 0.367583 0.436295 0.0434715 0.0314523
0 0.32137 0.860318 0.0428134 0.0335136
0 0.536695 0.962275 0.0580698 0.0377972
0 0.528825 0.992722 0.036294 0.0145553
0 0.0428423 0.173511 0.0856846 0.107903
0 0.244338 0.875674 0.0310857 0.0244406
0 0.415909 0.716027 0.0298867 0.023407
0 0.904192 0.642626 0.0293148 0.0223934
0 0.328337 0.929425 0.028467 0.0232704
0 0.634291 0.96922 0.0341461 0.0291737
