0 0.524925 0.142311 0.0859076 0.0707249
0 0.467977 0.0506616 0.166666 0.101048
0 0.602953 0.705695 0.0555573 0.046961
0 0.868671 0.0156996 0.0441208 0.0310195
0 0.311999 0.373504 0.0351506 0.0287751
0 0.700467 0.957467 0.0364423 0.0295414
0 0.89677 0.811767 0.0511127 0.0409319
0 0.675705 0.359022 0.230046 0.192252
0 0.35307 0.621633 0.0686797 0.0541676
0 0.530827 0.779674 0.0309026 0.0258589
0 0.114266 0.720254 0.0699991 0.0581658
0 0.729599 0.167211 0.0414776 0.0345764
0 0.402284 0.781987 0.231419 0.187407
0 0.306132 0.864047 0.0609002 0.0514784
0 0.217902 0.910507 0.0458201 0.0399948
0 0.804372 0.271315 0.0408496 0.0341453
0 0.237076 0.58329 0.0402593 0.0320781
0 0.19503 0.823265 0.0745135 0.0634089
0 0.313251 0.524713 0.0543049 0.0438452
0 0.415211 0.326233 0.0797619 0.0659783
0 0.323607 0.40952 0.0454103 0.0379278
0 0.172503 0.87838 0.0779096 0.0632568
0 0.427806 0.238704 0.0957428 0.0751121
0 0.576043 0.964276 0.0335543 0.0308657
0 0.0107401 0.746275 0.021132 0.0440404
0 0.412168 0.399773 0.0373349 0.0308362
0 0.794591 0.013202 0.0356491 0.0262149
0 0.489423 0.911727 0.0353577 0.0286259
0 0.38011 0.278349 0.0313473 0.0279361
0 0.747899 0.438777 0.197949 0.182057
0 0.672298 0.456276 0.0736084 0.0594893
0 0.0767388 0.859563 0.132771 0.111085
0 0.2909 0.0693788 0.0795572 0.0702492
0 0.551907 0.759455 0.033811 0.0296025
0 0.0213274 0.642378 0.0424467 0.0530668
0 0.992902 0.0688739 0.014197 0.058391
0 0.507259 0.979532 0.036018 0.0282396
0 0.51406 0.255841 0.0754056 0.0645446
0 0.294636 0.259411 0.0766413 0.0712432
0 0.300574 0.0146399 0.0532842 0.0292797
0 0.269861 0.69623 0.0428484 0.0324717
0 0.907371 0.337255 0.1814 0.17587
0 0.884003 0.230855 0.0726873 0.0607495
0 0.237301 0.962633 0.0731786 0.06359
0 0.51935 0.923224 0.0311008 0.026432
0 0.524615 0.37077 0.0735039 0.0624529
0 0.553694 0.962006 0.067128 0.0524858
0 0.2442 0.877708 0.0809041 0.0673285
