0 0.0694363 0.490707 0.138873 0.111641
0 0.780432 0.554942 0.177132 0.127457
0 0.424111 0.0421701 0.0772353 0.0565502
0 0.216952 0.65005 0.169748 0.133189
0 0.339871 0.978479 0.0672903 0.0430427
0 0.0763901 0.849161 0.094918 0.0722895
0 0.293896 0.498118 0.114122 0.0818674
0 0.921474 0.649752 0.125522 0.0979356
0 0.697164 0.0692042 0.0479229 0.0325877
0 0.784701 0.467786 0.0654024 0.0488277
0 0.347592 0.0581758 0.0618736 0.0453893
0 0.801812 0.958666 0.111202 0.0817455
0 0.388191 0.105402 0.0492921 0.0371028
0 0.50837 0.436609 0.480286 0.311861
0 0.0214946 0.534896 0.0429892 0.0723185
0 0.457048 0.966176 0.0404301 0.0305824
0 0.33616 0.100705 0.0526528 0.0370688
0 0.203915 0.568497 0.0480297 0.0372038
0 0.784091 0.434192 0.0574925 0.0390858
0 0.696449 0.605082 0.0515067 0.0411229
0 0.772591 0.350462 0.0619643 0.0423772
0 0.942591 0.494012 0.043187 0.0330582
0 0.381685 0.444138 0.0390272 0.0316422
0 0.914853 0.225738 0.168642 0.159611
0 0.147306 0.928719 0.049509 0.0347818
0 0.320075 0.0199344 0.0544395 0.0387837
0 0.857861 0.815449 0.270593 0.208053
0 0.756209 0.645419 0.0348981 0.028725
0 0.130383 0.873697 0.0510856 0.0360315
0 0.103616 0.10182 0.0610081 0.0453763
0 0.347928 0.237989 0.0797486 0.0548033
0 0.152809 0.761442 0.0709415 0.0468248
0 0.611983 0.260893 0.057144 0.0421529
0 0.166714 0.257782 0.046337 0.0332599
0 0.0487369 0.00764631 0.0487712 0.0152926
0 0.0856916 0.220002 0.171051 0.252817
0 0.0472154 0.598962 0.0944307 0.0853016
0 0.39168 0.188409 0.0730356 0.058841
0 0.204562 0.727473 0.0347437 0.0259571
0 0.816749 0.303193 0.0631033 0.0460688
0 0.0816802 0.803577 0.0581453 0.0418221
0 0.872787 0.702418 0.0443619 0.0328783
0 0.326168 0.113612 0.0457585 0.0294191
0 0.918924 0.966689 0.0360725 0.0285225
0 0.0582564 0.3981 0.071547 0.0546286
0 0.937636 0.524468 0.0321974 0.0252421
0 0.709621 0.137401 0.0291901 0.0239116
