0 0.696867 0.792373 0.0633039 0.0618198
0 0.861567 0.976908 0.0477306 0.0457323
0 0.799222 0.767929 0.0496899 0.0477183
0 0.310659 0.884766 0.0506058 0.0488266
0 0.570245 0.350274 0.0556126 0.0530285
0 0.875664 0.310688 0.0517683 0.0511729
0 0.334046 0.966723 0.0475142 0.0455814
0 0.0156236 0.900527 0.0312054 0.0414291
0 0.240862 0.982515 0.046693 0.0346588
0 0.780684 0.301908 0.0387938 0.0365146
0 0.957711 0.429982 0.0377567 0.0361929
0 0.707626 0.0721479 0.0429364 0.0417213
0 0.186134 0.459931 0.031838 0.0308053
0 0.356345 0.70388 0.0459152 0.0447459
0 0.921219 0.4119 0.0308952 0.0295319
0 0.445214 0.269281 0.0312589 0.0300354
0 0.846883 0.398347 0.0337454 0.0323059
0 0.636479 0.7814 0.0489162 0.048181
0 0.897516 0.204801 0.0410198 0.0379655
0 0.268189 0.822178 0.0311442 0.0300144
0 0.267415 0.923044 0.0310765 0.0297932
0 0.435818 0.074845 0.243033 0.14969
0 0.301291 0.764524 0.0311481 0.0303959
0 0.486107 0.983951 0.165404 0.0319618
0 0.57404 0.735989 0.0385837 0.0407682
0 0.721175 0.41421 0.0507723 0.0494135
0 0.663137 0.561351 0.0339985 0.0326284
0 0.64457 0.530688 0.0332912 0.032081
0 0.209674 0.852078 0.0378237 0.0378099
0 0.726756 0.65871 0.0299796 0.0296183
0 0.0106895 0.832318 0.0213448 0.0291439
0 0.610488 0.373289 0.0323841 0.0308176
0 0.959557 0.0689398 0.0267006 0.0258933
0 0.152728 0.694275 0.0307724 0.0299607
0 0.365562 0.241778 0.0276991 0.026225
0 0.577847 0.745395 0.0336075 0.0324439
0 0.169552 0.2756 0.0324012 0.030339
0 0.120815 0.846933 0.0328166 0.0312826
0 0.980324 0.447698 0.0297226 0.0283396
0 0.220733 0.425785 0.0331215 0.0307436
0 0.813126 0.465367 0.0353109 0.0348345
0 0.207431 0.691237 0.0321113 0.0303609
0 0.740161 0.37841 0.0304026 0.0279013
