0 0.265661 0.850555 0.323437 0.298561
0 0.570764 0.614004 0.0901543 0.0890169
0 0.710898 0.391175 0.264755 0.250038
0 0.247535 0.443006 0.123878 0.125494
0 0.162608 0.726335 0.084755 0.082815
0 0.107725 0.186277 0.0962586 0.093714
0 0.760761 0.683975 0.03468 0.0335684
0 0.511716 0.683499 0.0374724 0.0369098
0 0.73374 0.61995 0.0372452 0.0366987
0 0.468255 0.518834 0.0285246 0.0275017
0 0.14545 0.0437328 0.156079 0.0874656
0 0.866555 0.659388 0.0306499 0.0289463
0 0.562404 0.481237 0.0654869 0.0626064
0 0.581766 0.0822286 0.0560243 0.0517
0 0.0547164 0.415789 0.0284646 0.0274365
0 0.333644 0.167491 0.07764 0.0737652
0 0.394582 0.59945 0.0248072 0.0244049
0 0.600858 0.523331 0.0310888 0.0306685
0 0.984363 0.295222 0.0263775 0.0261527
0 0.841548 0.192863 0.044763 0.0443558
0 0.062135 0.567273 0.0272605 0.0269203
0 0.868849 0.232564 0.0311024 0.029966
0 0.321665 0.00871433 0.0279337 0.0173085
0 0.788643 0.988953 0.0476366 0.022015
0 0.821397 0.087443 0.0259167 0.0257734
0 0.432428 0.532386 0.0238007 0.0244193
0 0.592281 0.553569 0.0377401 0.0359888
0 0.552517 0.398848 0.107792 0.102463
0 0.845226 0.567001 0.0260075 0.0273518
0 0.625197 0.964899 0.0529608 0.0505005
0 0.652951 0.987068 0.023779 0.0236265
0 0.649816 0.495129 0.0351364 0.0344589
0 0.798935 0.221815 0.0349695 0.0344358
0 0.705841 0.586104 0.0347111 0.0326221
0 0.766793 0.712745 0.0253193 0.0245361
0 0.0395403 0.0834604 0.0789977 0.0846658
