0 0.841894 0.309804 0.0875789 0.0818711
0 0.692938 0.578185 0.0330799 0.0316061
0 0.302409 0.622494 0.0297383 0.0288476
0 0.710693 0.348753 0.079167 0.0743289
0 0.282183 0.657505 0.0298488 0.0283417
0 0.803836 0.552805 0.0359095 0.0346775
0 0.0957687 0.161084 0.0344212 0.0324239
0 0.322684 0.375375 0.0301065 0.0285357
0 0.321369 0.728173 0.032338 0.0297432
0 0.43971 0.17575 0.0376146 0.0350116
0 0.826133 0.824765 0.347621 0.35047
0 0.604641 0.29746 0.16769 0.152608
0 0.917856 0.320139 0.0450645 0.0429036
0 0.0392134 0.58454 0.0306171 0.030287
0 0.173983 0.0648312 0.0316788 0.0308581
0 0.782517 0.430938 0.0278407 0.0267586
0 0.529119 0.470576 0.041433 0.0397821
0 0.837341 0.359517 0.112315 0.100319
0 0.875345 0.626178 0.0349819 0.0304972
0 0.357759 0.842487 0.0276446 0.0287086
0 0.967633 0.650418 0.0622791 0.0631736
0 0.23677 0.524949 0.0271749 0.0256583
0 0.308216 0.177395 0.0421764 0.0394981
