0 0.751382 0.255156 0.218963 0.198469
0 0.200961 0.371988 0.178875 0.161747
0 0.92199 0.517891 0.155513 0.142415
0 0.0257527 0.0531597 0.0513007 0.052483
0 0.757322 0.773777 0.0986578 0.0866101
0 0.144266 0.810369 0.0701502 0.065202
0 0.18371 0.706677 0.0570614 0.0553244
0 0.0919695 0.476042 0.101228 0.0936815
0 0.865581 0.431846 0.0736809 0.062598
0 0.885724 0.646969 0.110358 0.0953924
0 0.0426587 0.0171252 0.0487492 0.0342505
0 0.368166 0.714608 0.0607949 0.0547316
0 0.962278 0.274967 0.0363163 0.0342893
0 0.351035 0.496548 0.0514004 0.0446791
0 0.212943 0.775487 0.0546455 0.0486025
0 0.0192137 0.476164 0.0384273 0.0502607
0 0.327989 0.565103 0.101279 0.0897858
0 0.306521 0.484167 0.0311606 0.02774
0 0.520754 0.487517 0.0474848 0.0406784
0 0.362341 0.076279 0.0539676 0.0465112
0 0.563071 0.646573 0.0674631 0.0570604
0 0.222426 0.062653 0.179013 0.125306
0 0.90602 0.39466 0.067053 0.0573523
0 0.324681 0.929715 0.0574095 0.0542301
0 0.0401772 0.820642 0.0803543 0.0892004
0 0.397132 0.30636 0.0608426 0.0524867
0 0.125972 0.958369 0.0348444 0.0336487
0 0.210706 0.212282 0.0328755 0.0299339
0 0.381227 0.346461 0.0379971 0.0328624
0 0.16275 0.60036 0.0402106 0.037326
0 0.97983 0.237357 0.0403395 0.0574766
0 0.932398 0.707083 0.0609522 0.0520198
0 0.597564 0.224292 0.0878603 0.0793217
0 0.652641 0.536088 0.0749506 0.0627156
0 0.637331 0.372411 0.0457979 0.0392659
0 0.438878 0.00727388 0.0452311 0.0145478
0 0.040453 0.910977 0.0809061 0.083861
0 0.202708 0.544852 0.038691 0.0369137
0 0.948287 0.312591 0.0324883 0.0304527
0 0.43764 0.425905 0.247074 0.226389
0 0.914893 0.152203 0.0368198 0.0332303
0 0.403453 0.589013 0.0431815 0.0371786
0 0.106499 0.87145 0.0723195 0.0671562
0 0.360711 0.961224 0.0436237 0.0406595
0 0.464794 0.666655 0.0340282 0.0313261
0 0.631594 0.116746 0.0292673 0.026653
0 0.838388 0.786365 0.0371115 0.0328009
0 0.825801 0.371048 0.0938423 0.0874636
0 0.135301 0.270998 0.0292761 0.028055
0 0.463806 0.814402 0.0389237 0.0348448
0 0.0370433 0.113554 0.0578713 0.0539391
0 0.959246 0.609084 0.0800358 0.0755342
0 0.771698 0.524208 0.0406345 0.034981
0 0.341031 0.440965 0.0542566 0.0510002
0 0.0849893 0.864764 0.0266405 0.0251839
0 0.68224 0.945185 0.0393206 0.0354622
0 0.403471 0.151769 0.0491195 0.0418466
0 0.828474 0.536326 0.0476107 0.0389404
0 0.318506 0.976633 0.0435541 0.0397272
0 0.390338 0.940909 0.0349624 0.0333946
0 0.777197 0.978005 0.047316 0.0409111
0 0.269785 0.0642921 0.0465042 0.0412801
0 0.56541 0.454804 0.0492907 0.0441229
0 0.925649 0.176918 0.0324314 0.0302053
0 0.454855 0.244889 0.0558417 0.0488769
0 0.577774 0.396976 0.031468 0.0290607
0 0.249541 0.549602 0.0559444 0.0516115
0 0.661539 0.43962 0.036158 0.0330267
0 0.687834 0.988543 0.027784 0.022189
0 0.385234 0.626057 0.0685087 0.0605642
0 0.808889 0.516609 0.10012 0.0846481
0 0.726578 0.88142 0.0612534 0.0549049
0 0.156083 0.860565 0.0294172 0.027401
0 0.592482 0.589544 0.0595812 0.0542885
0 0.822058 0.561268 0.081176 0.0720552
0 0.370959 0.910864 0.0310582 0.0315895
0 0.769065 0.0125346 0.122397 0.0250691
0 0.477338 0.36658 0.0354201 0.0338505
0 0.332307 0.392243 0.032765 0.0301497
0 0.65635 0.480455 0.0392336 0.0352854
0 0.384388 0.533751 0.041316 0.0370802
0 0.211105 0.962322 0.0755736 0.0710745
0 0.361231 0.674675 0.033684 0.0318745
0 0.875376 0.968729 0.0327518 0.030751
0 0.260777 0.956516 0.0297482 0.0288593
0 0.6183 0.167473 0.469034 0.331033
0 0.708622 0.514815 0.0446339 0.0399459
