0 0.189182 0.0778382 0.12671 0.126653
0 0.299723 0.792449 0.0467451 0.0448318
0 0.126341 0.329286 0.0600509 0.0593769
0 0.216826 0.59714 0.0367054 0.0347605
0 0.0364738 0.862919 0.0390377 0.0371058
0 0.745671 0.336326 0.0365664 0.0352652
0 0.831554 0.6017 0.02901 0.027529
0 0.158674 0.599506 0.0353353 0.0337314
0 0.0816707 0.797381 0.0306409 0.0295071
0 0.218727 0.968993 0.0377083 0.0361563
0 0.853027 0.318776 0.0379971 0.0368504
0 0.939242 0.61774 0.031834 0.0306318
0 0.886527 0.870994 0.0305019 0.0298195
0 0.340292 0.0630005 0.0329762 0.0314793
0 0.839728 0.103327 0.0290026 0.0280621
0 0.762495 0.661796 0.0308564 0.0296164
0 0.300378 0.254915 0.0916589 0.0922444
0 0.87155 0.455441 0.0292744 0.0283113
0 0.592334 0.672075 0.0316378 0.0301613
0 0.467828 0.548407 0.0308475 0.0296886
0 0.277949 0.992439 0.033035 0.0150955
0 0.21474 0.299996 0.11294 0.111353
0 0.963168 0.369826 0.0303343 0.0300421
0 0.177981 0.523852 0.0305538 0.0301213
0 0.0623518 0.383214 0.0281575 0.0273157
0 0.0621718 0.194857 0.0614985 0.0625333
0 0.671474 0.615819 0.0250321 0.0242344
0 0.121025 0.16409 0.0618576 0.0594136
0 0.679728 0.669567 0.0266985 0.0262465
0 0.701485 0.301138 0.029043 0.0282005
0 0.186705 0.986601 0.0347107 0.0267975
0 0.984844 0.505872 0.0303122 0.0524934
0 0.727572 0.663875 0.0264103 0.0254915
0 0.0807195 0.69253 0.0334579 0.0323414
0 0.0609634 0.933265 0.0245225 0.0229904
0 0.651476 0.0786599 0.0641071 0.0613086
0 0.667123 0.0323556 0.0856874 0.0647111
0 0.932058 0.692489 0.128267 0.127772
0 0.910624 0.537381 0.039732 0.0389301
0 0.2346 0.654187 0.033118 0.0314539
0 0.26609 0.465855 0.0348889 0.0317574
0 0.256052 0.565747 0.042298 0.0427114
