0 0.374176 0.364672 0.0437682 0.0350823
0 0.610593 0.388522 0.113172 0.0824041
0 0.209994 0.305216 0.0511735 0.041542
0 0.919656 0.246355 0.0390493 0.0293497
0 0.577268 0.417071 0.0510082 0.0388889
0 0.631856 0.126912 0.0430295 0.0315537
0 0.680908 0.306414 0.0394062 0.0283683
0 0.770113 0.553375 0.459774 0.403134
0 0.381855 0.284554 0.036316 0.0280799
0 0.439913 0.374296 0.0360052 0.0266997
0 0.748034 0.491063 0.0362109 0.0275941
0 0.031993 0.713645 0.063986 0.137181
0 0.909493 0.501676 0.0398947 0.0282485
0 0.477913 0.936068 0.0346937 0.0264187
0 0.548397 0.91824 0.0343353 0.0274672
0 0.858747 0.177934 0.03652 0.0265623
0 0.00691643 0.0467965 0.0137727 0.039018
0 0.610464 0.685548 0.146693 0.119963
0 0.991959 0.699054 0.0160829 0.0351177
0 0.0579779 0.110564 0.030999 0.0272776
