0 0.513259 0.123556 0.0678951 0.0646206
0 0.948664 0.242 0.101966 0.102793
0 0.866155 0.0199096 0.0432837 0.0385989
0 0.91094 0.779327 0.0490206 0.0469034
0 0.0934422 0.686505 0.0425818 0.0384972
0 0.606828 0.240095 0.254475 0.243911
0 0.874826 0.0966759 0.10973 0.109881
0 0.988497 0.725914 0.0228352 0.0456205
0 0.51023 0.0535076 0.0443271 0.0407434
0 0.578972 0.774201 0.0305962 0.0287025
0 0.411691 0.0941704 0.0472082 0.0458549
0 0.647781 0.0109703 0.0565125 0.0219407
0 0.614946 0.403238 0.0378425 0.0361298
0 0.316784 0.188286 0.0371657 0.0335326
0 0.536183 0.0333186 0.0376076 0.0355252
0 0.610746 0.211531 0.0348688 0.0335174
0 0.844301 0.412273 0.0298721 0.0280966
0 0.873123 0.421677 0.031469 0.0301521
0 0.771178 0.132379 0.0545426 0.0521087
0 0.770019 0.848403 0.0272777 0.0260864
0 0.634792 0.157837 0.0435453 0.0414492
0 0.0707462 0.578441 0.0281294 0.0266851
0 0.924868 0.377704 0.0415119 0.0404645
