0 0.493453 0.111568 0.0738535 0.0709852
0 0.0157447 0.497413 0.0313951 0.0391534
0 0.101141 0.32226 0.0355517 0.0317769
0 0.274739 0.973926 0.0536956 0.049297
0 0.314249 0.145737 0.0353263 0.0338955
0 0.389145 0.714203 0.0616427 0.0582812
0 0.211123 0.329222 0.0294333 0.0282442
0 0.343092 0.111293 0.0267902 0.0257646
0 0.50433 0.0717046 0.0402735 0.0376569
0 0.479425 0.158083 0.069969 0.0709661
0 0.536867 0.892881 0.0285337 0.0281311
0 0.325829 0.353377 0.0272293 0.0261374
0 0.116965 0.00661364 0.0292068 0.0129575
0 0.0566052 0.116866 0.0273982 0.0265666
0 0.399953 0.683728 0.0345564 0.0344616
