0 0.560917 0.715265 0.0822233 0.0795631
0 0.416525 0.266228 0.183563 0.178718
0 0.436143 0.382151 0.141748 0.140343
0 0.31199 0.862677 0.103947 0.0993523
0 0.689176 0.422341 0.0574781 0.0571134
0 0.9347 0.261644 0.0398945 0.0379615
0 0.370465 0.175212 0.0493973 0.0481551
0 0.219628 0.288066 0.0965119 0.0920272
0 0.19495 0.956817 0.0467889 0.0445786
0 0.662645 0.646355 0.055695 0.0561285
0 0.0947691 0.717003 0.0341834 0.0337151
0 0.472348 0.90551 0.0531815 0.0524246
0 0.733242 0.298995 0.0680407 0.0660338
0 0.97807 0.0985545 0.0428986 0.0722628
0 0.141868 0.0858575 0.034552 0.0326673
0 0.377506 0.757711 0.0369249 0.0369223
0 0.214198 0.0210472 0.0473704 0.0420945
0 0.325718 0.173922 0.0380906 0.0370217
0 0.735024 0.500124 0.0563215 0.0539869
0 0.309482 0.424918 0.0618544 0.0625407
0 0.363748 0.432185 0.0352551 0.0347395
0 0.255088 0.925408 0.0402013 0.0398567
0 0.913923 0.519989 0.0422371 0.0409952
0 0.240212 0.778977 0.0379476 0.0362638
0 0.716198 0.368796 0.0301139 0.0289454
0 0.0145334 0.512877 0.0290668 0.0360023
0 0.308568 0.940071 0.0466938 0.0453787
0 0.524515 0.0994564 0.0441858 0.043277
0 0.418368 0.597694 0.290371 0.296984
0 0.835926 0.764671 0.044132 0.0414517
0 0.843097 0.520168 0.094514 0.0887217
0 0.0376453 0.25541 0.0312884 0.0311626
0 0.11161 0.438866 0.028757 0.0277138
0 0.0784197 0.913978 0.156839 0.171891
0 0.949394 0.697097 0.036426 0.0342918
0 0.24274 0.816573 0.0327895 0.0321911
0 0.761511 0.767799 0.0790796 0.0777892
0 0.0884203 0.118755 0.0392559 0.0374748
0 0.196858 0.198059 0.0701831 0.0703139
0 0.30378 0.01888 0.0523516 0.037657
0 0.572532 0.321636 0.0326159 0.0314943
0 0.266436 0.59335 0.0276809 0.0268312
0 0.236624 0.501059 0.0353587 0.0349438
0 0.860187 0.366264 0.0430416 0.0417929
0 0.916922 0.83501 0.166156 0.193243
0 0.26493 0.954793 0.0364371 0.0354942
0 0.611884 0.171532 0.0318167 0.0320178
0 0.610045 0.846801 0.571335 0.306013
0 0.573161 0.40291 0.0529519 0.051811
0 0.533543 0.0351844 0.0797878 0.0692323
0 0.293993 0.697955 0.0321026 0.0308988
0 0.953778 0.726654 0.0382111 0.0370184
0 0.00983988 0.386814 0.019576 0.0574554
0 0.50598 0.622355 0.0602575 0.0555904
0 0.109812 0.0851631 0.0270304 0.0272868
0 0.00571415 0.133895 0.0114283 0.0356478
0 0.277268 0.979512 0.0302404 0.0305134
0 0.0137938 0.764197 0.0275876 0.0912943
0 0.218158 0.111993 0.133564 0.12894
0 0.31036 0.231116 0.0390903 0.0375611
0 0.945156 0.80958 0.0474514 0.0443432
0 0.583212 0.190051 0.0278854 0.0278168
0 0.247785 0.892059 0.0456926 0.0440109
0 0.812212 0.892155 0.131014 0.115648
0 0.690536 0.798191 0.0397228 0.0389086
0 0.376266 0.706997 0.034269 0.0330451
0 0.985777 0.805003 0.0283955 0.0363642
0 0.258864 0.0915239 0.0547746 0.0576312
