0 0.256094 0.570284 0.114917 0.113787
0 0.510517 0.790254 0.145475 0.140297
0 0.756866 0.817305 0.129735 0.128491
0 0.386212 0.1285 0.156319 0.152223
0 0.48892 0.965844 0.0869438 0.0683113
0 0.688069 0.414122 0.0763536 0.0737144
0 0.952324 0.329177 0.047905 0.0460223
0 0.911629 0.174746 0.131374 0.129388
0 0.82424 0.734288 0.0395832 0.0381662
0 0.865163 0.337444 0.0469318 0.0460578
0 0.358876 0.467582 0.0547873 0.0536303
0 0.192607 0.188959 0.0617738 0.0595228
0 0.760717 0.0258954 0.0573894 0.051468
0 0.678761 0.350525 0.068425 0.0674399
0 0.575024 0.599419 0.0350349 0.034339
0 0.323448 0.648037 0.0325094 0.0315344
0 0.358083 0.230583 0.0473789 0.0450344
0 0.364762 0.818964 0.037093 0.0365541
0 0.419562 0.678409 0.0436899 0.0426857
0 0.14787 0.350822 0.188367 0.197715
0 0.856012 0.401485 0.0346645 0.0340669
0 0.694917 0.654578 0.0314601 0.0306084
0 0.831873 0.733712 0.221986 0.21615
0 0.534708 0.900162 0.0362186 0.0352932
0 0.534415 0.931202 0.0521156 0.049999
0 0.228287 0.125913 0.0516203 0.0488314
0 0.454748 0.347559 0.0378176 0.0362687
0 0.983987 0.0623018 0.0319553 0.0331905
0 0.375412 0.5151 0.0339257 0.0334827
0 0.299195 0.893456 0.0293122 0.0295027
0 0.875586 0.949388 0.0342392 0.0333298
0 0.0544041 0.364136 0.0358919 0.0341313
0 0.156994 0.124828 0.093352 0.0863267
0 0.0228469 0.943527 0.0355967 0.0340965
0 0.665572 0.49474 0.0276213 0.0279079
0 0.74081 0.312824 0.0293448 0.0291396
0 0.287935 0.725523 0.0376084 0.0365026
0 0.859445 0.258967 0.0784134 0.0762775
0 0.722896 0.0879805 0.0304678 0.0300833
0 0.522296 0.139625 0.0430554 0.0408798
0 0.922288 0.909661 0.032477 0.0318205
0 0.493282 0.499226 0.0265718 0.0260591
0 0.782108 0.296816 0.0260387 0.0254766
0 0.97374 0.543908 0.0259581 0.0252989
0 0.986489 0.427336 0.027021 0.0580449
0 0.0297216 0.720162 0.0304306 0.0298418
0 0.098954 0.176452 0.0582056 0.0551256
0 0.849351 0.113158 0.0350468 0.0343687
0 0.634444 0.758836 0.0254347 0.024596
0 0.808884 0.963787 0.0361925 0.0355934
0 0.600792 0.017664 0.070833 0.0352717
0 0.312482 0.329143 0.0335244 0.0325466
0 0.924389 0.0383405 0.0457947 0.0450656
0 0.178935 0.811415 0.0597335 0.0573558
0 0.645361 0.680524 0.0256483 0.0244573
0 0.929339 0.385855 0.0267426 0.0263385
0 0.777491 0.950133 0.0304434 0.0288315
0 0.565526 0.48936 0.0402494 0.0404684
0 0.321684 0.215361 0.0306426 0.0296527
0 0.0767366 0.617699 0.0338497 0.0330057
0 0.385307 0.86814 0.0256742 0.0251831
0 0.686944 0.967595 0.029743 0.031448
0 0.82588 0.94273 0.0315058 0.0306511
0 0.600131 0.81115 0.0457161 0.0438412
0 0.558638 0.649524 0.0250674 0.0236911
0 0.00737558 0.18895 0.0147175 0.0397972
0 0.695626 0.302292 0.0514153 0.0506968
0 0.0917106 0.59827 0.0358328 0.0343531
0 0.81932 0.24615 0.0250271 0.0244068
0 0.904375 0.364048 0.03023 0.0296458
0 0.0245621 0.487588 0.0303581 0.0298569
0 0.982938 0.824306 0.0341242 0.0433462
0 0.50347 0.239507 0.0273459 0.0268352
0 0.514721 0.515324 0.0261134 0.0258463
0 0.0554614 0.0437861 0.0474761 0.0474263
0 0.593063 0.152241 0.0266737 0.0253471
0 0.22875 0.712264 0.0269003 0.0264353
0 0.306903 0.760906 0.0724112 0.067718
0 0.428063 0.853172 0.0254337 0.0239559
0 0.00502199 0.632796 0.00995101 0.0377395
0 0.571448 0.711638 0.0252634 0.0235205
0 0.00481926 0.899072 0.00963852 0.0303089
0 0.429455 0.938271 0.0557411 0.0547922
0 0.825356 0.357374 0.031826 0.0311919
0 0.584999 0.247302 0.0243834 0.0233006
0 0.821968 0.925639 0.0271099 0.0234444
0 0.0565953 0.935665 0.0271817 0.0251526
