0 0.357454 0.764814 0.240933 0.18307
0 0.180456 0.233423 0.0459545 0.0352346
0 0.555298 0.889865 0.0537453 0.0399315
0 0.605207 0.468981 0.0588213 0.0437081
0 0.727376 0.487964 0.0511053 0.0377279
0 0.452205 0.446898 0.0506344 0.0389666
0 0.903159 0.643044 0.0441565 0.0333968
0 0.0761415 0.281868 0.052084 0.0379715
0 0.764784 0.243683 0.0442115 0.0324181
0 0.885712 0.748568 0.059564 0.0439774
0 0.944948 0.235867 0.0509438 0.0359986
0 0.949779 0.558061 0.0456053 0.0334946
0 0.103439 0.431705 0.166118 0.13301
0 0.746507 0.357836 0.125398 0.100656
0 0.567806 0.636622 0.0476074 0.0338691
0 0.627105 0.100578 0.0390772 0.0265491
0 0.914883 0.161499 0.0535282 0.0391441
0 0.407192 0.332783 0.0365599 0.0273666
0 0.638454 0.800122 0.0402128 0.0304061
0 0.460584 0.570006 0.0481231 0.0356606
0 0.312943 0.409711 0.0712535 0.0534202
0 0.824134 0.383931 0.0402172 0.0291742
0 0.445221 0.936512 0.0526222 0.038311
0 0.586085 0.304539 0.0461233 0.0343985
0 0.761205 0.308044 0.0379829 0.0280121
0 0.575192 0.937915 0.0395754 0.0294693
0 0.63442 0.0672816 0.0344898 0.0270697
0 0.415747 0.250751 0.122863 0.0925326
0 0.899848 0.857367 0.0663143 0.0479179
0 0.576929 0.584698 0.0476236 0.0364285
0 0.463371 0.685115 0.060343 0.043055
0 0.518901 0.688308 0.141779 0.111751
0 0.761655 0.695787 0.0359378 0.0268511
0 0.251639 0.286924 0.0426941 0.0327756
0 0.492289 0.60935 0.0701635 0.0513882
0 0.472908 0.483988 0.0428747 0.0333851
0 0.0450689 0.404185 0.0358287 0.0262453
0 0.143756 0.0324003 0.245496 0.0640792
0 0.468984 0.53952 0.035229 0.0271049
0 0.879568 0.551638 0.0337299 0.0241526
0 0.467511 0.61917 0.118488 0.0820625
0 0.516495 0.280235 0.077112 0.0556888
0 0.980304 0.0319875 0.0393917 0.0539212
0 0.317817 0.0744305 0.0343544 0.024846
0 0.142115 0.592198 0.0375207 0.0294436
0 0.463696 0.980353 0.0367153 0.0308311
0 0.715977 0.0855382 0.038279 0.0270255
0 0.790201 0.780808 0.110775 0.0837951
0 0.813705 0.754345 0.0315308 0.0258231
0 0.623818 0.729716 0.0991732 0.0753378
0 0.74925 0.61395 0.35844 0.265362
0 0.704703 0.166225 0.0311165 0.0251183
0 0.386534 0.991256 0.0301067 0.0174885
0 0.158172 0.0809049 0.0370183 0.0312495
0 0.98666 0.227893 0.0265175 0.0384389
0 0.435645 0.180171 0.0732818 0.0541448
0 0.424059 0.462483 0.0294281 0.0236012
0 0.18855 0.35232 0.0555436 0.0404916
0 0.1628 0.110751 0.0587829 0.0416404
0 0.227916 0.103911 0.0298746 0.0242341
0 0.0165955 0.832786 0.0331909 0.0447048
0 0.807273 0.159817 0.0466467 0.0368512
0 0.657469 0.243495 0.0690788 0.0475575
0 0.441621 0.376012 0.0325552 0.0231086
0 0.63308 0.505226 0.0750591 0.0513701
