0 0.16788 0.0760007 0.0864195 0.0648396
0 0.657562 0.488036 0.0591284 0.0427193
0 0.312478 0.52015 0.055051 0.0428825
0 0.831832 0.646971 0.0431156 0.0309155
0 0.452925 0.0656348 0.0406261 0.0293302
0 0.270787 0.459695 0.0438365 0.0310923
0 0.699055 0.728428 0.150092 0.106752
0 0.275742 0.939631 0.214667 0.119783
0 0.506012 0.767095 0.103185 0.0787352
0 0.702216 0.913005 0.192455 0.150045
0 0.188292 0.226893 0.0379914 0.0279232
0 0.895441 0.873422 0.144037 0.10583
0 0.421596 0.357641 0.0333151 0.026298
0 0.368664 0.675992 0.0415319 0.0324739
0 0.246036 0.440464 0.0350736 0.0267832
0 0.0854065 0.180139 0.0492606 0.0364675
0 0.0471441 0.967738 0.0942882 0.0644217
0 0.702876 0.0344666 0.0334263 0.0260574
0 0.559551 0.850163 0.0370777 0.0293419
0 0.1647 0.993887 0.0424719 0.0122259
0 0.647806 0.020325 0.0509871 0.0352223
0 0.883687 0.908664 0.0664024 0.0475491
0 0.108095 0.460933 0.0410089 0.0320253
0 0.418255 0.391015 0.0465744 0.0332607
