0 0.927993 0.390571 0.143942 0.142946
0 0.380502 0.0429755 0.083799 0.0714381
0 0.433774 0.113091 0.047826 0.0417798
0 0.61292 0.23696 0.0417633 0.0346883
0 0.614 0.0337249 0.0412922 0.0350912
0 0.248428 0.816757 0.0357053 0.0305294
0 0.44616 0.205066 0.0454868 0.037005
0 0.0289906 0.225987 0.0579811 0.124684
0 0.667579 0.972396 0.153092 0.0552074
0 0.154316 0.556961 0.0306903 0.0265471
0 0.154918 0.198357 0.0432597 0.0367706
0 0.0212451 0.813993 0.0393514 0.032412
0 0.590754 0.0779926 0.0372279 0.0310743
0 0.370578 0.107071 0.0411682 0.0367759
0 0.119773 0.060234 0.0320531 0.0284014
0 0.646414 0.0143156 0.0329252 0.0284751
0 0.0486439 0.800627 0.0311409 0.0258656
0 0.27665 0.850693 0.553299 0.298614
0 0.16787 0.0881112 0.032092 0.0276904
0 0.788824 0.32892 0.0348402 0.029049
0 0.778249 0.444581 0.0305594 0.025984
0 0.178 0.596955 0.0383908 0.0267084
0 0.273604 0.468832 0.0293686 0.0257578
0 0.578477 0.0121256 0.0327183 0.0241312
0 0.758049 0.100536 0.130717 0.105893
0 0.590419 0.92295 0.10742 0.0923698
