0 0.66089 0.600372 0.0596624 0.0462469
0 0.268235 0.0542335 0.0663317 0.0517916
0 0.513991 0.287757 0.0634947 0.0474141
0 0.16218 0.366156 0.0390722 0.0317021
0 0.976453 0.0353693 0.0470949 0.0481446
0 0.840496 0.21327 0.0471325 0.0363763
0 0.452078 0.160004 0.0511751 0.0395247
0 0.497685 0.786816 0.0494504 0.0360884
0 0.504334 0.838804 0.0378451 0.028791
0 0.0584681 0.167495 0.0361645 0.0294923
0 0.242753 0.406021 0.033109 0.0276925
0 0.65762 0.640874 0.0406672 0.035001
0 0.51487 0.238492 0.0587006 0.0450502
0 0.360319 0.912464 0.0494739 0.0384186
0 0.582293 0.174794 0.0327971 0.0253457
0 0.940765 0.989578 0.0542759 0.0208437
0 0.687381 0.991729 0.0421728 0.0165413
0 0.442192 0.135409 0.272612 0.219356
0 0.224452 0.0113055 0.0342331 0.0223066
0 0.829202 0.155735 0.0322155 0.0256806
0 0.197204 0.364402 0.0289947 0.0242624
0 0.0325572 0.605607 0.0651143 0.0814922
0 0.562059 0.0667459 0.0401776 0.0316463
