0 0.970607 0.131508 0.0452066 0.0436312
0 0.667654 0.233405 0.0382246 0.0375229
0 0.356163 0.0559839 0.0374369 0.0367901
0 0.459896 0.102997 0.0316599 0.0316013
0 0.771463 0.033818 0.107235 0.0673817
0 0.241015 0.820038 0.0363959 0.0347343
0 0.981074 0.516422 0.0327372 0.0323168
0 0.53543 0.823144 0.0388895 0.0382252
0 0.511615 0.259214 0.0448328 0.0444782
0 0.910066 0.204235 0.0395735 0.0384912
0 0.380274 0.784231 0.0427606 0.0415169
0 0.468409 0.910752 0.0488234 0.048073
0 0.142965 0.0592404 0.0307829 0.029578
0 0.586569 0.981559 0.0382282 0.0358892
0 0.936326 0.222585 0.0344879 0.033754
0 0.378062 0.170645 0.0310695 0.0303858
0 0.453711 0.951257 0.0671573 0.0676231
0 0.437047 0.351544 0.0506821 0.049755
0 0.822057 0.177527 0.0369869 0.0362109
0 0.145963 0.567983 0.0267423 0.0260242
0 0.681019 0.0864365 0.0402515 0.0393372
0 0.922684 0.256759 0.0289371 0.0321564
0 0.964628 0.423865 0.0270901 0.0265247
0 0.591389 0.103905 0.0322367 0.0304331
0 0.550852 0.415461 0.0550492 0.0570214
0 0.361696 0.811147 0.0287014 0.0291649
0 0.383265 0.84465 0.0329568 0.0315956
0 0.849055 0.0148343 0.0504801 0.0296685
0 0.885776 0.102406 0.035693 0.0346423
0 0.689017 0.171259 0.0305407 0.0302939
0 0.874914 0.643655 0.0395054 0.0379246
0 0.0934435 0.218152 0.186727 0.307597
0 0.462223 0.86252 0.0326015 0.0320297
0 0.867689 0.194061 0.0720654 0.0734967
0 0.354437 0.742637 0.0573786 0.0557516
