0 0.254757 0.897147 0.0635309 0.0537109
0 0.701622 0.297891 0.0729342 0.056362
0 0.281761 0.840705 0.0481354 0.0391594
0 0.916439 0.548802 0.0556164 0.0438771
0 0.718966 0.723246 0.0439304 0.0343084
0 0.724795 0.122955 0.0395279 0.0312933
0 0.730449 0.669238 0.0421713 0.0332232
0 0.632525 0.435596 0.0572201 0.0442895
0 0.653037 0.641235 0.0396757 0.0330249
0 0.552593 0.517448 0.0525471 0.0406667
0 0.635147 0.496379 0.0393181 0.0302526
0 0.724756 0.466948 0.0398819 0.031773
0 0.189062 0.833931 0.0342481 0.0296738
0 0.930363 0.477261 0.0318579 0.0267496
0 0.985134 0.445224 0.0277508 0.0264494
0 0.549564 0.191023 0.0813368 0.0650049
0 0.69289 0.75291 0.0322672 0.0262277
0 0.324033 0.98742 0.0321268 0.0239235
0 0.920171 0.246895 0.0469513 0.0389213
0 0.497048 0.609597 0.086203 0.0752058
