0 0.491788 0.859038 0.28854 0.261448
0 0.888757 0.689134 0.0445934 0.0435741
0 0.156881 0.530937 0.0442849 0.0416935
0 0.365455 0.339237 0.0612956 0.059465
0 0.522864 0.297484 0.0339668 0.0332798
0 0.930965 0.77239 0.0457346 0.0448617
0 0.590262 0.354532 0.0485365 0.0459408
0 0.0676064 0.0135719 0.0395435 0.0271438
0 0.568384 0.197381 0.0281635 0.0276492
0 0.266979 0.616508 0.0491153 0.0449241
0 0.324337 0.878723 0.0877913 0.0809176
0 0.382275 0.415694 0.0745817 0.0728239
0 0.482831 0.602844 0.0892515 0.0860723
0 0.215193 0.983907 0.0292042 0.0273361
0 0.11053 0.0569864 0.0343431 0.0332732
0 0.536392 0.657827 0.0643107 0.0614361
0 0.0222467 0.175737 0.0267229 0.0261586
0 0.324366 0.155125 0.0948713 0.0933146
0 0.0668759 0.53277 0.132779 0.17018
0 0.0358251 0.31431 0.0714555 0.120088
0 0.29413 0.391448 0.0425246 0.0418475
0 0.186171 0.808161 0.0299798 0.0281975
0 0.588409 0.489615 0.0345799 0.0329008
0 0.253627 0.504792 0.0325193 0.0310436
0 0.718301 0.965199 0.0381182 0.036462
0 0.684782 0.978541 0.0454107 0.0407913
0 0.965985 0.610249 0.027327 0.0272743
0 0.0528787 0.24717 0.0315817 0.0298806
0 0.268266 0.135147 0.0307786 0.0291975
0 0.969655 0.683002 0.0272427 0.0259924
0 0.433465 0.629076 0.0467738 0.041596
0 0.0424343 0.465808 0.0750857 0.0757282
0 0.120862 0.681704 0.0253308 0.0240446
0 0.110072 0.445558 0.0295781 0.0273111
0 0.108639 0.402055 0.0370343 0.0329781
0 0.061609 0.324596 0.0455372 0.0441669
0 0.961812 0.424852 0.0264999 0.0263531
0 0.918903 0.452493 0.0250084 0.0244596
0 0.920059 0.483249 0.037525 0.0353355
0 0.742352 0.626106 0.0346567 0.0334429
0 0.728074 0.925406 0.0349629 0.0325111
0 0.0722358 0.132641 0.0296597 0.0286585
0 0.714837 0.843007 0.03311 0.0321041
0 0.786719 0.0134607 0.0396402 0.0268623
0 0.644074 0.261018 0.650676 0.522035
0 0.0227714 0.345473 0.0455131 0.0573054
0 0.440196 0.988862 0.032295 0.0219368
