0 0.853739 0.350402 0.0543219 0.0389326
0 0.586691 0.208176 0.0502575 0.0378231
0 0.0629208 0.645863 0.0787977 0.0562969
0 0.460579 0.57021 0.0584702 0.0391247
0 0.712668 0.546999 0.0439271 0.0302876
0 0.185251 0.530301 0.087904 0.0565548
0 0.599145 0.593801 0.0439949 0.0327003
0 0.638486 0.270606 0.051214 0.0353576
0 0.855457 0.672144 0.050872 0.0332874
0 0.841785 0.291093 0.0383781 0.0285161
0 0.190524 0.633691 0.0456455 0.0312328
0 0.0561505 0.514772 0.0305301 0.02229
0 0.157658 0.204804 0.0366644 0.0288759
0 0.241588 0.610761 0.0405864 0.028601
0 0.855262 0.741364 0.190722 0.120733
0 0.604049 0.776315 0.0840738 0.0511778
0 0.304296 0.746445 0.0769751 0.0572358
0 0.69635 0.677448 0.156958 0.122958
0 0.328734 0.649872 0.0780577 0.0571246
0 0.950658 0.0832738 0.0986837 0.0817401
0 0.193762 0.00676542 0.0349361 0.0135308
0 0.389019 0.617774 0.0497585 0.0372269
0 0.705403 0.163835 0.0346136 0.0255717
0 0.239248 0.767328 0.0646048 0.0470436
0 0.069043 0.497206 0.138086 0.303429
0 0.0564192 0.782609 0.0563813 0.0364838
0 0.403341 0.772051 0.124499 0.0658636
0 0.126413 0.192217 0.0378516 0.0295761
0 0.582152 0.722002 0.0979907 0.0709169
0 0.727099 0.0178646 0.0523397 0.0357292
