0 0.127667 0.126554 0.191895 0.182216
0 0.910396 0.0990735 0.179209 0.191104
0 0.447586 0.0753726 0.136118 0.129405
0 0.726104 0.152975 0.0748893 0.0732621
0 0.203277 0.9457 0.0433376 0.0418964
0 0.33618 0.152342 0.0450422 0.0441541
0 0.642617 0.984406 0.0370749 0.0311878
0 0.338957 0.801344 0.0353709 0.0340015
0 0.194427 0.489349 0.385214 0.467962
0 0.848591 0.440266 0.0364796 0.0354564
0 0.978595 0.604276 0.0419266 0.0552748
0 0.400386 0.793654 0.030925 0.0308512
0 0.788761 0.112058 0.0604599 0.0589923
0 0.54309 0.303578 0.0345215 0.0337149
0 0.177836 0.884087 0.0295979 0.0290068
0 0.96103 0.33761 0.0771641 0.122744
0 0.61188 0.0275405 0.129923 0.0550704
0 0.530382 0.0345414 0.0792892 0.0690827
0 0.351761 0.0101049 0.0374992 0.0201148
0 0.906567 0.444111 0.0291174 0.0279831
0 0.983678 0.218177 0.0280762 0.028028
0 0.429722 0.910259 0.0622532 0.0600914
0 0.788647 0.300785 0.0302084 0.0288182
0 0.201975 0.901109 0.0258662 0.0255671
0 0.460886 0.954778 0.0452568 0.0426369
0 0.12076 0.252186 0.197177 0.190365
0 0.1608 0.263771 0.126095 0.12178
0 0.69979 0.00578207 0.040099 0.0115641
0 0.380642 0.418412 0.0273547 0.0270647
0 0.779478 0.867821 0.121039 0.117028
0 0.0123729 0.00783318 0.0246374 0.0156664
0 0.0726679 0.228742 0.103852 0.100254
0 0.877714 0.211287 0.0633209 0.0605979
