0 0.364779 0.0928314 0.155704 0.153606
0 0.40301 0.927742 0.15077 0.143337
0 0.30276 0.397595 0.0708697 0.0696423
0 0.918323 0.43286 0.0601635 0.0592402
0 0.530312 0.292126 0.0558588 0.0554448
0 0.823353 0.555104 0.0500788 0.0499189
0 0.426383 0.56434 0.0351415 0.0337371
0 0.842249 0.588887 0.0508965 0.049839
0 0.807291 0.496135 0.0389526 0.0385759
0 0.119125 0.668976 0.057593 0.0563751
0 0.906314 0.0798996 0.0360104 0.0354367
0 0.17558 0.155053 0.0331142 0.0329283
0 0.245464 0.844816 0.0412399 0.0396759
0 0.874468 0.0921213 0.0419916 0.042211
0 0.882998 0.246136 0.029355 0.0291907
0 0.795334 0.454342 0.0357279 0.0347174
0 0.737834 0.453225 0.103495 0.10188
0 0.734549 0.143527 0.0560164 0.0554018
0 0.400869 0.628238 0.0460648 0.0437212
0 0.692198 0.936747 0.0331263 0.0308247
0 0.86536 0.673852 0.0300615 0.0295658
0 0.100868 0.0382694 0.0601052 0.0619647
0 0.958028 0.983113 0.0338692 0.0321487
0 0.837532 0.637137 0.0345791 0.0328009
0 0.666908 0.767238 0.0394211 0.0384575
0 0.66016 0.415989 0.0264673 0.0251205
0 0.978677 0.701979 0.0421324 0.0575387
0 0.343422 0.371111 0.0279926 0.026461
0 0.775633 0.0867794 0.032147 0.0313217
0 0.98493 0.492498 0.028894 0.0304437
0 0.0626578 0.81808 0.0276102 0.0273396
0 0.39647 0.962008 0.0300918 0.0296501
0 0.426125 0.494477 0.0495148 0.0453314
0 0.169603 0.684198 0.0498753 0.0502657
0 0.169061 0.130855 0.030121 0.0294134
0 0.591744 0.938685 0.0316455 0.0308826
0 0.986105 0.428716 0.0277899 0.0376358
0 0.446406 0.798333 0.0499296 0.0470866
0 0.367449 0.288158 0.0281288 0.0268675
0 0.992733 0.568107 0.0145346 0.0233474
0 0.21131 0.178226 0.0247949 0.0242171
0 0.882976 0.522134 0.0287209 0.0287583
0 0.971084 0.814424 0.0245152 0.0237253
0 0.976372 0.51158 0.0344173 0.0332459
0 0.504946 0.986415 0.028387 0.0255383
0 0.992736 0.457266 0.0145285 0.0234913
0 0.960797 0.454117 0.0422035 0.0396269
0 0.405139 0.47152 0.0366368 0.0347134
0 0.93638 0.0915876 0.0278694 0.0266073
0 0.960716 0.485753 0.0279892 0.027236
0 0.740615 0.2105 0.0380926 0.0373671
0 0.29657 0.501885 0.058432 0.0549709
0 0.471861 0.638167 0.0244757 0.0243587
0 0.191218 0.437082 0.0263162 0.0255151
