0 0.215474 0.809904 0.202447 0.198439
0 0.29847 0.451296 0.107345 0.101547
0 0.298561 0.143249 0.108567 0.108577
0 0.516571 0.0743592 0.0633286 0.0619588
0 0.504239 0.571904 0.178 0.171135
0 0.239993 0.260012 0.205401 0.194793
0 0.919353 0.304028 0.161295 0.194723
0 0.48996 0.432518 0.0586687 0.0575012
0 0.86568 0.837445 0.042301 0.0420237
0 0.373208 0.346736 0.0925725 0.0880541
0 0.256163 0.67016 0.0688228 0.065421
0 0.349563 0.0462725 0.0549894 0.054913
0 0.621402 0.49655 0.0358614 0.0356588
0 0.62627 0.95977 0.169869 0.0803509
0 0.162799 0.365841 0.1672 0.155283
0 0.530096 0.555039 0.0320902 0.030751
0 0.426115 0.180321 0.0346132 0.0341636
0 0.388451 0.712737 0.104919 0.105804
0 0.215029 0.504721 0.0329261 0.0316748
0 0.818817 0.45653 0.0519384 0.051045
0 0.667128 0.251922 0.0431017 0.0418715
0 0.0613161 0.126108 0.0394609 0.041231
0 0.329855 0.0853445 0.0420051 0.0409345
0 0.112874 0.834386 0.140976 0.135324
0 0.822886 0.195408 0.169015 0.157398
0 0.186737 0.193238 0.0389833 0.0380651
0 0.777338 0.988322 0.0410769 0.0233562
0 0.363675 0.277946 0.0573085 0.0550993
0 0.881017 0.982035 0.0428772 0.0345856
0 0.829391 0.521594 0.0284805 0.0276232
0 0.904746 0.48346 0.145951 0.137617
0 0.913929 0.857302 0.0244862 0.0239395
0 0.549219 0.113066 0.0498213 0.0470798
0 0.424935 0.738962 0.0283748 0.0285825
0 0.469367 0.0102178 0.0300588 0.0200714
0 0.945729 0.544465 0.108541 0.213858
0 0.180309 0.0238365 0.0258694 0.0258486
0 0.286423 0.506044 0.0287906 0.0283026
0 0.603199 0.11547 0.0423701 0.0398362
0 0.856382 0.133286 0.0305382 0.0283331
0 0.856895 0.808187 0.0227888 0.0217722
0 0.3191 0.209519 0.0276452 0.0273347
0 0.429303 0.29235 0.0267081 0.0256853
0 0.562479 0.390761 0.126969 0.124466
0 0.608106 0.792372 0.196014 0.190084
0 0.434377 0.411127 0.0251354 0.0248182
