0 0.092916 0.961692 0.0908534 0.0724422
0 0.498601 0.342594 0.091254 0.0772542
0 0.374156 0.238741 0.0556653 0.0454793
0 0.865665 0.0480651 0.0485676 0.0382343
0 0.732574 0.554351 0.52696 0.401122
0 0.723632 0.0200841 0.0818613 0.0399033
0 0.453907 0.137573 0.0831045 0.0696521
0 0.439787 0.459658 0.0794764 0.0705563
0 0.0413115 0.848461 0.0604647 0.0478443
0 0.796012 0.0704024 0.0452797 0.0334017
0 0.644415 0.0337123 0.0841546 0.0659461
0 0.174521 0.96989 0.0770679 0.059606
0 0.793382 0.180469 0.107711 0.0751945
0 0.565971 0.411854 0.0893217 0.0769719
0 0.110899 0.651036 0.0527645 0.0421042
0 0.214852 0.669621 0.0446782 0.0368333
0 0.837477 0.88978 0.0364313 0.0311474
0 0.841354 0.0966409 0.0748175 0.0571775
0 0.127893 0.749486 0.0478808 0.0363771
0 0.675341 0.093448 0.0700268 0.0562908
0 0.50506 0.894515 0.036417 0.0276251
0 0.857611 0.146466 0.0561249 0.0432047
0 0.0264638 0.708051 0.0529276 0.0712937
0 0.352454 0.921505 0.0394102 0.0319534
0 0.558395 0.192902 0.083898 0.0694361
0 0.0438642 0.708745 0.0325095 0.0272049
0 0.24397 0.154677 0.0662838 0.053487
0 0.139967 0.911179 0.0807055 0.0598509
0 0.90053 0.168174 0.0622103 0.0447713
0 0.954758 0.179601 0.0601376 0.0453346
0 0.976061 0.34569 0.0478771 0.0475623
0 0.0234917 0.772474 0.0456904 0.0388224
0 0.831544 0.440324 0.122135 0.103653
0 0.0325481 0.409132 0.0309364 0.0276423
0 0.608612 0.0891568 0.0623594 0.0484236
0 0.0366564 0.925673 0.0733129 0.148252
0 0.765356 0.797114 0.275306 0.227413
0 0.586377 0.863703 0.0309376 0.0258274
0 0.229169 0.144808 0.0774849 0.0617053
0 0.226564 0.80645 0.0388891 0.0317503
0 0.902857 0.0635426 0.0505558 0.0377752
