0 0.0338714 0.505962 0.0655959 0.0675127
0 0.0368633 0.128769 0.0581828 0.057417
0 0.909935 0.375239 0.0444643 0.0438015
0 0.235717 0.0572294 0.0461623 0.0461713
0 0.81828 0.528521 0.0384662 0.037619
0 0.737482 0.27307 0.0361744 0.0353745
0 0.17297 0.700418 0.0357096 0.0341867
0 0.576722 0.976012 0.030172 0.0294956
0 0.466917 0.676661 0.0287912 0.028759
0 0.474565 0.399689 0.0299373 0.0298977
0 0.101044 0.260607 0.0320493 0.0315726
0 0.850236 0.19968 0.026445 0.0259494
0 0.133863 0.0394521 0.0285549 0.0277955
0 0.903252 0.750689 0.0269959 0.0264271
0 0.25848 0.775998 0.0295907 0.0283148
0 0.0827694 0.508456 0.0257966 0.0255888
0 0.557155 0.594852 0.0313361 0.0311246
0 0.0338624 0.00926796 0.0284117 0.0181692
0 0.991718 0.830289 0.016563 0.0305761
0 0.760533 0.220314 0.0247049 0.0245026
0 0.862229 0.487903 0.0236229 0.023885
0 0.0665949 0.197489 0.0269695 0.0260278
0 0.977755 0.904582 0.0322075 0.0327038
0 0.114255 0.569346 0.22851 0.369977
