0 0.740071 0.362124 0.0859977 0.0811041
0 0.30099 0.46338 0.0718577 0.0656519
0 0.847986 0.5567 0.0594173 0.0558024
0 0.908015 0.404474 0.0402128 0.0378705
0 0.502295 0.870999 0.0386255 0.035133
0 0.886602 0.0436043 0.170433 0.0872085
0 0.764454 0.543606 0.0527361 0.0498564
0 0.0896763 0.929022 0.115461 0.108138
0 0.532076 0.753428 0.0408716 0.0378105
0 0.652604 0.0399032 0.05377 0.0495384
0 0.78081 0.264748 0.0706306 0.064404
0 0.0279964 0.693534 0.0543584 0.0524496
0 0.870877 0.295642 0.0332066 0.0314542
0 0.2774 0.318065 0.0579883 0.0555837
0 0.883501 0.340114 0.0602467 0.0576664
0 0.303072 0.170958 0.033578 0.0309505
0 0.720841 0.55912 0.0339853 0.0302932
0 0.56492 0.698711 0.0637295 0.0616327
0 0.143817 0.567064 0.033102 0.0315277
0 0.962643 0.17072 0.0318228 0.0297805
0 0.767966 0.705233 0.0360271 0.0335382
0 0.221446 0.488631 0.0639782 0.0614484
0 0.148444 0.679031 0.0435589 0.0399782
0 0.614236 0.25671 0.0388264 0.0361608
0 0.35183 0.8749 0.0524321 0.049419
0 0.151184 0.96735 0.164988 0.0646889
0 0.503863 0.605575 0.0329031 0.0309103
0 0.692449 0.0210314 0.0353324 0.0335169
0 0.0669461 0.410306 0.0343575 0.0308292
0 0.716355 0.282908 0.0706011 0.0666558
0 0.512217 0.0562121 0.0462982 0.0433268
0 0.59656 0.0923954 0.0472675 0.0461177
0 0.43026 0.0587304 0.0297554 0.0283327
0 0.40457 0.219754 0.0528985 0.04681
0 0.183768 0.928443 0.0425679 0.0393461
0 0.676138 0.527601 0.207753 0.1955
0 0.020432 0.818209 0.0407341 0.058049
0 0.559239 0.479615 0.0357504 0.031594
0 0.630484 0.75227 0.0342695 0.0334612
0 0.378806 0.499386 0.0706294 0.0658772
0 0.531017 0.885374 0.0304623 0.0278177
0 0.754823 0.205052 0.038072 0.0343002
0 0.677277 0.336226 0.0897383 0.0843728
0 0.74521 0.293558 0.0437334 0.0415808
0 0.30391 0.106114 0.0275733 0.0255204
0 0.359808 0.905508 0.0387485 0.0360308
0 0.728862 0.898684 0.0251892 0.0247192
0 0.36849 0.85185 0.0362989 0.0355196
0 0.442243 0.528547 0.0355172 0.0325619
0 0.471334 0.612637 0.0320108 0.029722
0 0.345961 0.0849139 0.028421 0.0272339
0 0.628406 0.689928 0.0523383 0.0496784
0 0.58543 0.731232 0.0305241 0.0301752
0 0.481292 0.464858 0.0292646 0.0272682
0 0.441569 0.843247 0.0263509 0.0245739
0 0.0793291 0.839268 0.071876 0.0654068
0 0.700013 0.936323 0.0235492 0.0223944
0 0.955578 0.694298 0.0576431 0.0536631
0 0.835497 0.80211 0.0665283 0.0621418
0 0.309809 0.671109 0.0265791 0.0247398
0 0.597555 0.746365 0.0264469 0.0231365
