0 0.731836 0.776203 0.0457732 0.0454161
0 0.667883 0.754312 0.0445546 0.044242
0 0.61064 0.470328 0.0339272 0.0337227
0 0.69225 0.155932 0.0376491 0.0372247
0 0.797139 0.185446 0.0339359 0.0325112
0 0.644406 0.524386 0.0356236 0.0353362
0 0.106097 0.537417 0.036564 0.0349218
0 0.12534 0.578538 0.0343384 0.0341696
0 0.715595 0.849031 0.0298368 0.0292187
0 0.45355 0.987581 0.0426796 0.0246826
0 0.853335 0.187624 0.0302429 0.0298794
0 0.101836 0.959832 0.0298446 0.0291754
0 0.473518 0.740374 0.0389691 0.0380005
0 0.506646 0.220441 0.0293288 0.0295207
0 0.969388 0.298343 0.0311838 0.0307165
0 0.0122779 0.765226 0.0245557 0.0345624
0 0.533514 0.0353296 0.0274742 0.0266357
0 0.519565 0.295563 0.027598 0.0267439
0 0.742011 0.501545 0.0277805 0.0274311
0 0.599821 0.525616 0.0558496 0.0544188
0 0.6026 0.135915 0.0300187 0.0292976
0 0.414962 0.0335816 0.0866609 0.0671632
0 0.941448 0.26595 0.0285183 0.0273789
0 0.995424 0.147164 0.00915279 0.0377441
0 0.683713 0.101888 0.196495 0.186317
0 0.260368 0.566422 0.0300805 0.0305135
0 0.0230276 0.565894 0.0294246 0.0290191
0 0.990032 0.531177 0.0199358 0.0292458
0 0.736686 0.525325 0.0250235 0.025349
0 0.545134 0.216456 0.0233154 0.0234627
0 0.219066 0.907349 0.0264558 0.0262711
