0 0.103149 0.0857928 0.114639 0.111559
0 0.353411 0.512687 0.0764114 0.0754016
0 0.368426 0.595042 0.0569344 0.0555487
0 0.0217107 0.16269 0.0434214 0.0518452
0 0.373449 0.0363091 0.0479041 0.0462267
0 0.760372 0.634175 0.382351 0.389884
0 0.828574 0.896185 0.060183 0.0563913
0 0.645391 0.019485 0.0710916 0.0386999
0 0.861351 0.396636 0.0802994 0.0784041
0 0.397882 0.783501 0.0478745 0.045756
0 0.147127 0.0178964 0.0433119 0.0357928
0 0.945489 0.574571 0.0820053 0.0796284
0 0.0909872 0.746819 0.0377493 0.0344582
0 0.490371 0.451636 0.0490505 0.0480407
0 0.240707 0.517845 0.0615881 0.0598404
0 0.225827 0.0159025 0.0324706 0.0312712
0 0.852376 0.938002 0.0356274 0.0334175
0 0.343451 0.934916 0.0374412 0.0358908
0 0.451345 0.755794 0.0460145 0.0425556
0 0.136982 0.299882 0.0380078 0.037315
0 0.264268 0.322817 0.0449416 0.0435682
0 0.0909391 0.0165601 0.0485446 0.0330981
0 0.457302 0.0344318 0.0358122 0.0343754
0 0.0399948 0.23314 0.0362155 0.0347863
0 0.107408 0.238098 0.0342756 0.0339901
0 0.551668 0.149991 0.0362479 0.0355441
0 0.42409 0.421057 0.0494087 0.0477996
0 0.537681 0.314083 0.0469172 0.0458468
0 0.371166 0.150863 0.0322283 0.0314789
0 0.553248 0.100902 0.035144 0.0338713
0 0.211062 0.344307 0.0413874 0.0408427
0 0.382202 0.413954 0.0846132 0.0833156
0 0.295037 0.422598 0.0470667 0.0458915
0 0.262944 0.0831813 0.0257321 0.0251724
0 0.0592607 0.815906 0.118289 0.121859
0 0.217798 0.194687 0.0822357 0.0830397
0 0.591718 0.907391 0.290337 0.185219
0 0.616045 0.386411 0.0442064 0.0438417
0 0.245001 0.432928 0.0444196 0.0428118
0 0.286382 0.739319 0.0371572 0.0370041
0 0.0346289 0.207433 0.026007 0.0252463
0 0.48725 0.654672 0.0387432 0.0360175
0 0.635956 0.265376 0.0307825 0.0294236
0 0.126988 0.53142 0.0413745 0.0396624
0 0.308849 0.0403516 0.095354 0.0802473
0 0.353632 0.661487 0.0498915 0.0470457
0 0.263557 0.474399 0.0317416 0.0306241
0 0.434706 0.657929 0.0561516 0.0543169
0 0.404685 0.94153 0.0411678 0.0387726
0 0.475042 0.010491 0.0300964 0.0206802
0 0.91397 0.18746 0.031797 0.0307311
0 0.44968 0.689168 0.0974178 0.0929
0 0.0763909 0.492128 0.0470725 0.0454968
0 0.144858 0.661072 0.289716 0.398811
0 0.224414 0.0986025 0.0262135 0.0262285
0 0.105242 0.89151 0.210483 0.21698
0 0.582084 0.231683 0.231771 0.243759
0 0.740742 0.422224 0.0318966 0.031124
0 0.484174 0.211731 0.0314346 0.0301546
0 0.411611 0.628049 0.0403001 0.0378834
0 0.475916 0.511236 0.070247 0.0682581
0 0.317331 0.902894 0.276761 0.194211
0 0.0348966 0.56764 0.026099 0.0257494
0 0.45913 0.868835 0.0639765 0.0595425
0 0.0500672 0.886509 0.0986299 0.128048
0 0.345654 0.563054 0.0341282 0.0316906
0 0.213123 0.218978 0.0606939 0.0561673
0 0.943124 0.133677 0.113752 0.156232
