0 0.258509 0.244374 0.192712 0.148082
0 0.734781 0.101295 0.124114 0.103585
0 0.969385 0.494071 0.0568907 0.0417901
0 0.504151 0.593855 0.0432972 0.0332344
0 0.587748 0.275915 0.0747667 0.0570935
0 0.19386 0.57585 0.0333348 0.0245022
0 0.59387 0.0531241 0.0431458 0.0319295
0 0.925426 0.608406 0.0375309 0.0285994
0 0.553474 0.407789 0.0330076 0.0254969
0 0.0684969 0.140815 0.0340239 0.0261486
0 0.965253 0.210091 0.0377502 0.0286289
0 0.376979 0.54813 0.0375961 0.0280195
0 0.692663 0.965069 0.106256 0.0693226
0 0.0287614 0.486091 0.0389983 0.029776
0 0.123181 0.23311 0.0934417 0.0751614
0 0.00797655 0.616541 0.0158792 0.0399497
0 0.325901 0.0400662 0.200079 0.0795414
0 0.62355 0.11046 0.11672 0.089695
0 0.463875 0.738702 0.183848 0.142988
0 0.531648 0.647899 0.029587 0.0230806
