0 0.33474 0.882037 0.0861499 0.0833839
0 0.0860395 0.642118 0.172079 0.176391
0 0.606472 0.40695 0.218042 0.201355
0 0.293174 0.368598 0.117721 0.113358
0 0.12968 0.430851 0.0801422 0.0778772
0 0.259437 0.228269 0.065539 0.0619879
0 0.355591 0.287368 0.0906272 0.0863162
0 0.182897 0.429266 0.0415092 0.0388634
0 0.749268 0.484582 0.0528056 0.0500435
0 0.491584 0.300086 0.0424913 0.0415404
0 0.699288 0.80539 0.111262 0.106137
0 0.981997 0.431962 0.0349968 0.0350155
0 0.242248 0.924871 0.0282434 0.0282162
0 0.572716 0.130179 0.031938 0.0306839
0 0.8638 0.653811 0.0464558 0.0450628
0 0.0512295 0.207487 0.102381 0.174305
0 0.242691 0.130185 0.0333008 0.031677
0 0.472787 0.452955 0.0359829 0.0335228
0 0.880182 0.914296 0.092008 0.0891102
0 0.741502 0.937596 0.0390261 0.0376516
0 0.874563 0.696481 0.0751614 0.0718462
0 0.79574 0.599603 0.031091 0.0299812
0 0.897897 0.280905 0.0333096 0.0308161
0 0.952057 0.363231 0.0946806 0.142152
0 0.105976 0.0330145 0.0352029 0.0327906
0 0.0157259 0.0695296 0.0300341 0.0306173
0 0.0560565 0.512422 0.112113 0.223453
0 0.812302 0.41835 0.0286924 0.0269918
0 0.897258 0.652396 0.0253023 0.0244502
0 0.366844 0.353603 0.03728 0.0366271
0 0.763168 0.414624 0.0832881 0.0802893
0 0.0972354 0.141664 0.0448274 0.0422576
0 0.957849 0.915101 0.0356503 0.0363749
0 0.388348 0.837151 0.0244018 0.0239668
0 0.697741 0.212459 0.0347344 0.0323611
0 0.480658 0.235616 0.0859596 0.0820743
0 0.226153 0.296182 0.0296733 0.0291171
0 0.271578 0.942416 0.0257564 0.0251423
0 0.950655 0.164801 0.059223 0.0561048
0 0.657358 0.750587 0.0607035 0.0504522
0 0.299763 0.0976623 0.0379973 0.0354941
0 0.242513 0.0303363 0.0300585 0.028974
0 0.58428 0.247956 0.0303381 0.0282336
0 0.685861 0.587494 0.0240473 0.0244535
0 0.859353 0.917967 0.02635 0.025975
0 0.652914 0.945082 0.322492 0.109836
