0 0.364155 0.791804 0.0506428 0.0489192
0 0.24613 0.361584 0.0422984 0.0417358
0 0.396412 0.451721 0.0374051 0.0372057
0 0.717393 0.275355 0.051983 0.0511239
0 0.623782 0.948542 0.0417637 0.03957
0 0.577466 0.165878 0.0279198 0.0272161
0 0.781453 0.929772 0.0318752 0.0312332
0 0.187471 0.246455 0.0296872 0.0296478
0 0.339615 0.301694 0.0464816 0.045562
0 0.119455 0.807758 0.0287386 0.0281412
0 0.0443849 0.031468 0.0266907 0.0266499
0 0.170072 0.631174 0.0333036 0.033148
0 0.800649 0.992929 0.0312689 0.0139208
0 0.222874 0.226417 0.0437646 0.0449242
0 0.425179 0.322492 0.0278484 0.0272711
0 0.439784 0.455527 0.0501892 0.0502907
0 0.197353 0.66702 0.0485379 0.0465719
