0 0.470702 0.937855 0.045883 0.0454956
0 0.870327 0.121037 0.0539509 0.0521774
0 0.809185 0.585464 0.0356972 0.0341359
0 0.246502 0.464412 0.0429392 0.0412951
0 0.405413 0.0398738 0.0356745 0.0337071
0 0.472005 0.0137507 0.048251 0.0275014
0 0.454642 0.783288 0.0328211 0.0320919
0 0.676879 0.809849 0.0863983 0.0833679
0 0.1297 0.0317692 0.0427911 0.0405573
0 0.554599 0.514517 0.0529047 0.0503595
0 0.665436 0.514029 0.0330832 0.0315488
0 0.986623 0.223788 0.02672 0.0360702
0 0.484859 0.377866 0.0422737 0.0403055
0 0.0555598 0.337299 0.0342563 0.032948
0 0.229411 0.0833895 0.0758035 0.0693553
0 0.579558 0.986686 0.0303871 0.0261745
0 0.414663 0.835399 0.0296692 0.0284126
0 0.866291 0.592748 0.0337143 0.0325455
0 0.568053 0.158211 0.0465111 0.0449557
0 0.849699 0.57351 0.0287462 0.0279799
0 0.979986 0.351108 0.0400278 0.0501544
0 0.0837495 0.896566 0.0258774 0.0249504
0 0.70562 0.710574 0.0285698 0.0274778
0 0.525564 0.642493 0.0279226 0.027936
0 0.144953 0.4383 0.0731917 0.0713457
0 0.00671427 0.492036 0.0134285 0.0321331
0 0.792616 0.161124 0.0291057 0.0272966
0 0.108153 0.0558398 0.0265909 0.0243495
0 0.739137 0.928662 0.296776 0.142469
0 0.732167 0.400899 0.264316 0.26281
0 0.441954 0.992791 0.033667 0.0141037
0 0.141108 0.249915 0.0784274 0.0769772
0 0.29422 0.754844 0.0254902 0.0249881
0 0.106839 0.852305 0.0390058 0.0375156
0 0.92218 0.949196 0.155028 0.101608
