0 0.32806 0.783249 0.0443938 0.0384216
0 0.104673 0.436852 0.0418843 0.0350634
0 0.109383 0.759066 0.0406085 0.0326956
0 0.228871 0.58424 0.0318446 0.0280174
0 0.0808673 0.656645 0.0325869 0.0266432
0 0.0134026 0.849516 0.0267169 0.0385271
0 0.738605 0.618393 0.034265 0.027272
0 0.835923 0.313811 0.0359825 0.030505
0 0.909894 0.68771 0.0356403 0.0291462
0 0.0244799 0.0357086 0.0299252 0.025267
0 0.560401 0.400866 0.0382522 0.0322846
0 0.0330007 0.832766 0.0302259 0.0244007
0 0.234806 0.464115 0.0288459 0.0236008
0 0.86871 0.69098 0.0305618 0.0244105
0 0.0705333 0.793874 0.0317973 0.0260839
0 0.449709 0.985597 0.0385479 0.027932
