0 0.168842 0.250278 0.173208 0.156756
0 0.97679 0.950043 0.0415926 0.03487
0 0.812609 0.81448 0.043555 0.0352213
0 0.691254 0.179895 0.0450189 0.0380372
0 0.0417478 0.586015 0.0346741 0.0298756
0 0.828634 0.583326 0.116589 0.100821
0 0.670655 0.0876639 0.0464622 0.0370296
0 0.818513 0.16658 0.0402712 0.032561
0 0.25192 0.718642 0.0435396 0.0369627
0 0.0205894 0.636907 0.0411789 0.0512991
0 0.301713 0.986003 0.0439095 0.0279949
0 0.706888 0.246927 0.0328098 0.0290408
0 0.691142 0.565674 0.0785746 0.0682922
0 0.123856 0.144879 0.0483503 0.0373402
0 0.500156 0.90865 0.143591 0.116015
0 0.449446 0.0999833 0.0637718 0.0532575
0 0.371641 0.34479 0.0295366 0.0258583
0 0.277981 0.303116 0.121818 0.1051
0 0.328423 0.184606 0.0565381 0.0472105
0 0.944956 0.836748 0.110013 0.153645
0 0.406919 0.554034 0.05832 0.0500021
0 0.0157655 0.624178 0.0315309 0.0309258
0 0.971657 0.727968 0.0520304 0.0466312
0 0.864546 0.810311 0.0416519 0.0339176
0 0.581215 0.522357 0.0691804 0.0584251
0 0.564226 0.0840483 0.056962 0.0483837
0 0.368089 0.114065 0.0478004 0.037405
0 0.477516 0.751407 0.0340861 0.0277473
