0 0.207298 0.914243 0.201297 0.160993
0 0.355866 0.442702 0.0672909 0.0572395
0 0.269193 0.141031 0.190082 0.169018
0 0.526877 0.800973 0.0636757 0.04967
0 0.723885 0.175993 0.135071 0.107092
0 0.776652 0.707259 0.0495035 0.040827
0 0.678059 0.701219 0.0373588 0.0300816
0 0.13904 0.0422916 0.0426311 0.0365535
0 0.696754 0.0689312 0.227979 0.137862
0 0.118361 0.177368 0.0375439 0.0313147
0 0.875989 0.0870043 0.104383 0.0838928
0 0.143358 0.428698 0.167313 0.155349
0 0.726363 0.371073 0.252104 0.202357
0 0.622659 0.488558 0.0569815 0.0513668
