0 0.125947 0.584575 0.135699 0.12609
0 0.16676 0.375185 0.0507107 0.0465029
0 0.26895 0.978558 0.0509339 0.0419458
0 0.270022 0.556576 0.223793 0.205227
0 0.0823201 0.411152 0.0320406 0.0284471
0 0.196461 0.655541 0.0767921 0.0685961
0 0.0695969 0.65917 0.0533322 0.0477253
0 0.881048 0.810271 0.0335011 0.0305668
0 0.859236 0.954146 0.0354652 0.0335648
0 0.904351 0.0934718 0.109896 0.101069
0 0.0571217 0.570404 0.0252061 0.0235809
0 0.890596 0.0234369 0.0401329 0.034117
0 0.639082 0.623059 0.0336527 0.0317571
0 0.835576 0.878752 0.0332092 0.0321806
0 0.947601 0.491105 0.0307167 0.028787
0 0.195837 0.710067 0.043434 0.039114
0 0.64233 0.704146 0.0360992 0.0352612
0 0.610783 0.938523 0.0555441 0.0525818
0 0.204955 0.336868 0.0535441 0.046416
0 0.851715 0.76076 0.0289009 0.0258436
0 0.578163 0.0606709 0.0473137 0.0426111
0 0.65389 0.656972 0.0334875 0.0327812
0 0.317248 0.951629 0.0658095 0.059449
0 0.420574 0.0856707 0.0480712 0.0469702
0 0.803517 0.115088 0.0345543 0.0317598
0 0.0557237 0.450726 0.0565765 0.0509172
0 0.499351 0.0450243 0.0528272 0.050629
0 0.782752 0.625044 0.0589685 0.0557688
0 0.36573 0.934607 0.0382819 0.0348904
0 0.79561 0.0370673 0.082925 0.0735663
