0 0.533024 0.0481898 0.133523 0.0963039
0 0.363628 0.244581 0.0944876 0.0807889
0 0.760456 0.240299 0.0979723 0.0834252
0 0.548542 0.67242 0.100735 0.0842695
0 0.432284 0.182808 0.119339 0.100322
0 0.651433 0.347242 0.0458941 0.037561
0 0.588712 0.718897 0.0547697 0.0483839
0 0.670093 0.849411 0.0606712 0.0504053
0 0.643736 0.3986 0.0403744 0.0339324
0 0.587036 0.9754 0.0923405 0.0491998
0 0.516412 0.396914 0.0522261 0.0435223
0 0.843943 0.341527 0.0974672 0.0849565
0 0.768417 0.824981 0.0561255 0.0472116
0 0.472391 0.379658 0.0536573 0.0459265
0 0.359831 0.499779 0.0432602 0.0334087
0 0.490012 0.914716 0.119861 0.0967857
0 0.446347 0.255604 0.0553916 0.0443831
0 0.743001 0.987594 0.0520212 0.0248119
0 0.223625 0.486461 0.0454263 0.0364281
0 0.738631 0.455779 0.037739 0.0330608
0 0.873883 0.839164 0.0347021 0.0292315
0 0.844667 0.631121 0.0442799 0.037331
0 0.708494 0.329847 0.0432461 0.0351634
0 0.495578 0.724261 0.0539826 0.0439964
0 0.141977 0.702348 0.0942496 0.0852924
0 0.900806 0.20601 0.0448503 0.0350978
0 0.455138 0.307669 0.0297971 0.0240838
0 0.253161 0.805017 0.112469 0.0912834
0 0.568505 0.179642 0.0503218 0.0415921
0 0.43476 0.989281 0.0368858 0.0212738
0 0.548753 0.295199 0.0878606 0.0733004
0 0.824784 0.512855 0.066474 0.0550132
0 0.330411 0.534298 0.0364507 0.0292709
0 0.514148 0.970631 0.0608661 0.0505531
0 0.138041 0.265093 0.0426934 0.0359603
0 0.742941 0.304492 0.0462911 0.0351622
0 0.958954 0.191135 0.0820915 0.0725676
0 0.34772 0.660604 0.32078 0.251774
0 0.503873 0.542051 0.0328331 0.027935
0 0.823091 0.281953 0.0620105 0.0504129
0 0.343482 0.0695926 0.0337014 0.0276791
0 0.428086 0.376827 0.0301598 0.0265156
0 0.243864 0.209866 0.0314192 0.0254615
0 0.199331 0.043738 0.070911 0.0611775
0 0.330141 0.363812 0.0418983 0.0351322
0 0.0714322 0.393774 0.0287688 0.0253902
0 0.176076 0.213341 0.0459127 0.0386515
0 0.951557 0.364607 0.0680847 0.0553247
0 0.690514 0.744475 0.0340881 0.0269307
0 0.1499 0.549934 0.0395237 0.0307414
0 0.265852 0.257322 0.0492582 0.0385549
0 0.681136 0.230344 0.0732489 0.0621376
0 0.645145 0.0620065 0.0472235 0.0393548
0 0.273138 0.865748 0.0411914 0.0358154
0 0.712313 0.190566 0.0468648 0.0394252
0 0.756198 0.530559 0.0293669 0.0238792
0 0.161504 0.0573368 0.0693932 0.0577618
0 0.39712 0.718926 0.0277289 0.0233852
0 0.50423 0.329511 0.0401917 0.0328213
0 0.296105 0.0195268 0.126309 0.0387652
0 0.189558 0.706264 0.0256433 0.0246124
0 0.440056 0.736293 0.0393738 0.0326334
0 0.169912 0.415962 0.0288814 0.0243647
0 0.34147 0.788003 0.0324089 0.0275225
0 0.808723 0.0583922 0.0733652 0.063187
0 0.986719 0.562325 0.026436 0.0256084
0 0.0638695 0.632772 0.127645 0.165211
0 0.761736 0.783809 0.0548044 0.0487636
0 0.396943 0.336415 0.059579 0.0516407
0 0.891343 0.816033 0.217314 0.347772
0 0.269208 0.182794 0.043974 0.0380028
0 0.53889 0.737237 0.0460308 0.0421104
0 0.35544 0.8826 0.168723 0.131714
0 0.743485 0.331736 0.0276307 0.0241883
