0 0.580134 0.939047 0.131388 0.113278
0 0.0362646 0.5419 0.0565565 0.0436121
0 0.111105 0.171628 0.0769403 0.060256
0 0.240834 0.625793 0.0560375 0.0407961
0 0.956513 0.799005 0.0440317 0.0332536
0 0.68655 0.951338 0.0359514 0.0319708
0 0.940434 0.0508946 0.117596 0.0904116
0 0.86245 0.487803 0.0359749 0.0271905
0 0.964024 0.569089 0.0507748 0.0357498
0 0.347381 0.868625 0.0411647 0.0319197
0 0.311066 0.818028 0.0615412 0.0512781
0 0.30472 0.434876 0.0383497 0.0299576
0 0.301345 0.890305 0.0570047 0.0448345
0 0.365537 0.990315 0.0383362 0.0193707
0 0.129371 0.639805 0.0869929 0.0642076
0 0.488341 0.91122 0.0693684 0.0521965
0 0.703662 0.732246 0.0388981 0.029311
0 0.0552378 0.893466 0.0383334 0.0295141
0 0.18323 0.612993 0.0613981 0.0492836
0 0.456422 0.100921 0.17955 0.141591
0 0.898385 0.866652 0.0951838 0.0716238
0 0.530337 0.988641 0.0331034 0.022049
0 0.499108 0.778304 0.0433933 0.0332852
0 0.716367 0.0278341 0.0498803 0.0388764
0 0.886722 0.0151692 0.0676697 0.0296816
0 0.117521 0.477492 0.0581593 0.0443413
0 0.0721103 0.864772 0.031884 0.027425
0 0.728987 0.992603 0.0484083 0.0147943
0 0.0995345 0.532715 0.0641417 0.0460014
0 0.457678 0.955446 0.0489475 0.038479
0 0.366381 0.73402 0.0376753 0.0297207
