0 0.373912 0.899896 0.0961359 0.0885582
0 0.378101 0.567257 0.0704098 0.0659756
0 0.0728761 0.944288 0.0450881 0.0391361
0 0.136951 0.607005 0.035456 0.032817
0 0.107864 0.390829 0.126672 0.119714
0 0.719392 0.811684 0.0727683 0.0684832
0 0.0158367 0.74112 0.0310781 0.0332753
0 0.881329 0.868587 0.0325743 0.0302673
0 0.686856 0.95978 0.0365769 0.0320862
0 0.354728 0.967128 0.0942439 0.0657055
0 0.75877 0.645368 0.322514 0.295514
0 0.569821 0.736764 0.114621 0.111093
0 0.26135 0.486174 0.0301342 0.0288698
0 0.59575 0.55163 0.0308369 0.0298836
0 0.796452 0.932734 0.0397359 0.0361057
0 0.0242674 0.400437 0.0473075 0.0477931
0 0.0140548 0.63937 0.0279163 0.0576916
0 0.58634 0.928363 0.067121 0.0620369
0 0.28034 0.0119673 0.0236412 0.0223205
0 0.0892506 0.55289 0.0696757 0.0625383
0 0.0937493 0.490621 0.0384804 0.037151
