0 0.2696 0.453561 0.111134 0.108056
0 0.369683 0.415916 0.0692222 0.0680797
0 0.454867 0.294064 0.19379 0.187061
0 0.360448 0.538901 0.0737705 0.0711592
0 0.418098 0.668258 0.0788813 0.0774147
0 0.438106 0.733668 0.0588066 0.0585394
0 0.89501 0.521338 0.0606955 0.0603382
0 0.111384 0.905991 0.0670456 0.0655903
0 0.707681 0.178879 0.0586673 0.057789
0 0.690477 0.257025 0.05762 0.0570168
0 0.67097 0.0659731 0.04291 0.0420484
0 0.160573 0.952328 0.0640219 0.061504
0 0.117299 0.619852 0.072777 0.072331
0 0.692586 0.716571 0.0446808 0.0445517
0 0.676672 0.889134 0.0403766 0.03897
0 0.247105 0.805622 0.0617033 0.060087
0 0.307073 0.841295 0.0572357 0.0564339
0 0.370481 0.338845 0.0571831 0.0551646
0 0.916868 0.664252 0.0438042 0.0433824
0 0.441396 0.495729 0.0400223 0.0385656
0 0.138481 0.776798 0.0413398 0.0391663
0 0.207692 0.335252 0.0457841 0.0448599
0 0.739882 0.474031 0.0452473 0.0446622
0 0.751589 0.50907 0.0365797 0.0359259
0 0.0999288 0.176814 0.0347853 0.0350196
0 0.901311 0.0452154 0.082056 0.079841
0 0.0186874 0.823668 0.0365529 0.0354797
0 0.488218 0.139902 0.0362471 0.0360663
0 0.157794 0.833744 0.0338733 0.0330231
0 0.183595 0.633703 0.0392109 0.0392401
0 0.59837 0.670898 0.0316583 0.0311913
0 0.265331 0.227043 0.134843 0.12664
0 0.882045 0.242049 0.056513 0.0545756
0 0.851193 0.219317 0.0423985 0.0418316
0 0.674315 0.364985 0.0359708 0.0354661
0 0.332615 0.59512 0.0283577 0.0284077
0 0.901635 0.631462 0.0354225 0.0342934
0 0.864586 0.788536 0.0341511 0.0330229
0 0.011646 0.681459 0.0232919 0.0301504
0 0.284612 0.0346418 0.029911 0.0287021
0 0.103841 0.847183 0.0300854 0.0292068
0 0.240431 0.72913 0.21483 0.219022
0 0.490865 0.923135 0.05674 0.0558846
0 0.243198 0.555161 0.0263521 0.0260405
0 0.501547 0.198138 0.044638 0.0434088
0 0.251027 0.576991 0.0405602 0.0410909
0 0.114028 0.313044 0.0271068 0.027107
0 0.535404 0.212791 0.0488729 0.0485465
0 0.799327 0.0163675 0.0305191 0.0309191
0 0.638251 0.705699 0.0269136 0.0268531
0 0.191756 0.829991 0.0260823 0.0257902
0 0.334316 0.47091 0.0265084 0.0259969
0 0.616285 0.821558 0.0275335 0.0272224
0 0.590647 0.466123 0.0277259 0.0271253
0 0.205671 0.15252 0.026952 0.0264855
0 0.0151684 0.912532 0.0301976 0.124583
0 0.946396 0.616247 0.0531977 0.0523898
0 0.387027 0.860869 0.027614 0.0276894
0 0.312714 0.629576 0.0398445 0.0394554
0 0.358986 0.640634 0.0261519 0.0265656
0 0.891385 0.107227 0.036705 0.0353968
0 0.706962 0.684459 0.0265668 0.0254981
0 0.753244 0.60732 0.0739985 0.0693695
0 0.309883 0.697165 0.0435245 0.0420465
0 0.175377 0.053627 0.028098 0.0272969
0 0.58213 0.526078 0.0280893 0.0264999
0 0.955094 0.632855 0.0229736 0.0233474
0 0.321121 0.739361 0.060358 0.0570547
0 0.425099 0.123547 0.0930086 0.0923065
0 0.984666 0.633288 0.02962 0.030055
