0 0.50238 0.834207 0.0449306 0.0427971
0 0.763619 0.347813 0.0555989 0.0508675
0 0.582904 0.939948 0.0416416 0.0398777
0 0.241382 0.482944 0.0463914 0.040973
0 0.201724 0.3686 0.0432337 0.0412653
0 0.667538 0.279561 0.0494312 0.0473913
0 0.599697 0.59107 0.046409 0.042276
0 0.762072 0.948452 0.0425114 0.0388912
0 0.829732 0.567865 0.0444893 0.0408405
0 0.988479 0.659705 0.0230413 0.0484604
0 0.333777 0.546848 0.053562 0.0472802
0 0.32675 0.603705 0.0554225 0.0503616
0 0.679964 0.450942 0.0393238 0.0355412
0 0.431793 0.419524 0.0376962 0.0345465
0 0.816407 0.612323 0.0587593 0.0517647
0 0.0330645 0.404264 0.060511 0.0570387
0 0.698693 0.615745 0.0457502 0.0418182
0 0.449492 0.449721 0.0350961 0.0315194
0 0.521544 0.531902 0.0369942 0.0335073
0 0.708274 0.584129 0.0373699 0.0348579
0 0.813893 0.323124 0.0474136 0.0433566
0 0.794707 0.564612 0.0580274 0.0529335
0 0.292888 0.664258 0.0405684 0.0352818
0 0.8065 0.978327 0.040484 0.0384075
0 0.641435 0.625791 0.0509664 0.0472618
0 0.946609 0.635687 0.0282627 0.0255557
0 0.873298 0.612103 0.0426323 0.0394485
0 0.486015 0.585051 0.0345186 0.033861
0 0.356383 0.459219 0.0468455 0.040435
0 0.506062 0.336224 0.0401806 0.0376399
0 0.384064 0.0084722 0.0378107 0.0169148
0 0.895846 0.262331 0.0329788 0.030854
0 0.178728 0.979394 0.0480998 0.0412113
0 0.798434 0.489836 0.0325508 0.0300466
0 0.587614 0.624663 0.0403543 0.0385089
0 0.955427 0.111691 0.0389181 0.0355368
0 0.367871 0.68951 0.0401296 0.0373899
0 0.616911 0.734683 0.0375612 0.0352234
0 0.734294 0.464086 0.0306458 0.0272015
0 0.753104 0.170907 0.0383444 0.0379255
0 0.954483 0.0360324 0.0375259 0.0350694
0 0.46758 0.704614 0.0594546 0.0553709
0 0.525664 0.66734 0.0381701 0.0363018
0 0.434007 0.491754 0.0464728 0.0423951
0 0.464502 0.601571 0.0314117 0.0287676
0 0.982596 0.0546791 0.0348078 0.0361072
0 0.768039 0.64675 0.0381931 0.0354116
0 0.623063 0.895593 0.0366098 0.0346395
0 0.663057 0.955568 0.026947 0.0252415
0 0.502627 0.681629 0.0326979 0.0320829
0 0.879299 0.286665 0.0333418 0.0319865
0 0.975522 0.552089 0.0482391 0.0698569
0 0.367184 0.358103 0.0287924 0.0279355
0 0.095107 0.713443 0.0367948 0.0296307
0 0.33842 0.643228 0.040178 0.0336594
0 0.731919 0.404672 0.0286852 0.0254137
0 0.790786 0.62351 0.0439367 0.0427389
0 0.276009 0.312 0.0335329 0.0312358
0 0.398563 0.500279 0.0385478 0.0356965
0 0.815337 0.653482 0.0298718 0.0267436
0 0.412163 0.265232 0.032996 0.0314658
0 0.11673 0.453797 0.0362464 0.0331141
0 0.847665 0.291537 0.0316679 0.0296177
0 0.310626 0.98947 0.0505626 0.0210136
0 0.54809 0.636536 0.0343765 0.0318819
0 0.721267 0.381459 0.0346187 0.0308363
0 0.124176 0.211824 0.0392182 0.0361072
0 0.735781 0.562818 0.0401242 0.0368612
0 0.795674 0.814184 0.0286301 0.0270445
0 0.465343 0.664945 0.0422876 0.0390696
0 0.492345 0.40014 0.0308109 0.0281544
0 0.458901 0.085307 0.0298215 0.0287734
0 0.712573 0.258107 0.0377817 0.034692
0 0.0602569 0.963862 0.0332426 0.0296242
0 0.419852 0.624644 0.0301025 0.0292091
0 0.480038 0.420176 0.029558 0.0279708
0 0.480552 0.52297 0.0504242 0.0488563
0 0.454656 0.862042 0.0315359 0.0300446
0 0.593765 0.534919 0.033743 0.0317578
0 0.874337 0.128204 0.0432682 0.041569
0 0.437222 0.609911 0.0299658 0.0273078
0 0.378403 0.514093 0.0299158 0.02719
0 0.715976 0.308684 0.0279453 0.0257121
0 0.179198 0.762381 0.0311774 0.0274797
0 0.743076 0.209474 0.028837 0.0269841
0 0.604688 0.277318 0.0324347 0.0296082
0 0.992688 0.178292 0.0146244 0.036168
