0 0.38749 0.180493 0.0705478 0.0682723
0 0.542892 0.85757 0.0680236 0.0638489
0 0.427571 0.547144 0.0382654 0.0372957
0 0.593687 0.460774 0.0494783 0.0474283
0 0.368456 0.266852 0.0523411 0.0500441
0 0.314368 0.909904 0.0646774 0.0645977
0 0.695008 0.411834 0.0583277 0.0555137
0 0.799596 0.519443 0.0346405 0.0330814
0 0.544152 0.40677 0.0436144 0.0421553
0 0.610189 0.124482 0.0458578 0.0443928
0 0.707695 0.177593 0.0415902 0.0412234
0 0.737893 0.774295 0.0339043 0.0332479
0 0.68859 0.506599 0.0311054 0.0302645
0 0.730773 0.399995 0.0549582 0.0522404
0 0.108156 0.695104 0.0578096 0.0572616
0 0.378968 0.0755876 0.0319716 0.0300077
0 0.630037 0.0422074 0.0892092 0.0837005
0 0.325848 0.534289 0.0342618 0.033827
0 0.150211 0.158572 0.300423 0.317144
0 0.355515 0.859651 0.0819294 0.076384
0 0.497881 0.760721 0.0350849 0.0325079
0 0.519188 0.792467 0.0545944 0.0515867
0 0.86768 0.239786 0.0347631 0.0324548
0 0.0675982 0.922472 0.0297426 0.0281219
0 0.343119 0.14873 0.0297264 0.0289836
0 0.583035 0.0809079 0.0391512 0.0385039
0 0.490848 0.981865 0.0471014 0.0353729
0 0.287706 0.548064 0.0277051 0.0275311
0 0.11936 0.484334 0.0322844 0.0310829
0 0.852462 0.987311 0.0337843 0.025378
0 0.870628 0.437335 0.0471115 0.0444772
0 0.866911 0.937904 0.0272926 0.0262194
0 0.907428 0.897092 0.0666496 0.0637409
0 0.398321 0.784559 0.0326313 0.0309534
0 0.264987 0.867437 0.330101 0.265127
0 0.931523 0.967953 0.0636396 0.059483
0 0.0912258 0.973814 0.0464762 0.0445606
0 0.959813 0.20742 0.0269764 0.0253196
0 0.735421 0.532337 0.247203 0.22928
0 0.612643 0.690109 0.222051 0.206539
0 0.821998 0.770866 0.0347847 0.0329035
0 0.188416 0.38766 0.134824 0.130005
0 0.0829119 0.659221 0.030258 0.0313038
0 0.575487 0.509901 0.0254911 0.0247346
0 0.989272 0.0510181 0.0214561 0.0347736
0 0.486495 0.420166 0.0565036 0.0559772
0 0.599391 0.713498 0.0295804 0.028916
0 0.35088 0.351572 0.0244938 0.0237426
0 0.0970839 0.838626 0.0368337 0.0347496
0 0.315915 0.796965 0.120109 0.124276
0 0.274306 0.64223 0.100671 0.0974047
