0 0.376243 0.608507 0.0951825 0.0933954
0 0.6544 0.885698 0.154882 0.15231
0 0.587305 0.645168 0.0431124 0.0421381
0 0.192143 0.0478563 0.0510397 0.0504903
0 0.652155 0.641795 0.0464375 0.0450438
0 0.709891 0.598604 0.0461102 0.0459691
0 0.780678 0.909151 0.0349973 0.0334082
0 0.980606 0.114054 0.0387882 0.049003
0 0.878768 0.303619 0.0300083 0.0295856
0 0.113663 0.0499878 0.032475 0.0321481
0 0.96882 0.899753 0.0619678 0.0707975
0 0.374291 0.251673 0.0297899 0.0287627
0 0.101331 0.887748 0.0323481 0.0308189
0 0.623839 0.101631 0.0343222 0.0342043
0 0.234514 0.896258 0.0247054 0.0246628
0 0.212493 0.21769 0.0274426 0.0269074
0 0.615442 0.141619 0.0397685 0.038366
0 0.781667 0.874271 0.0282867 0.027347
0 0.657489 0.288324 0.183881 0.179894
0 0.843891 0.623798 0.0572447 0.0570266
0 0.678317 0.873839 0.0239235 0.0239079
0 0.47644 0.643542 0.120412 0.119278
0 0.750118 0.613413 0.0451967 0.044629
0 0.735706 0.651559 0.0297815 0.0296312
0 0.679947 0.462492 0.0293652 0.0285231
0 0.651197 0.71337 0.0598553 0.0586004
0 0.58799 0.486264 0.052137 0.0495074
0 0.145518 0.590717 0.0476436 0.046321
0 0.633138 0.769067 0.0694436 0.0670639
0 0.119345 0.968854 0.0228059 0.0214108
0 0.935027 0.616804 0.0243586 0.0235817
