0 0.117847 0.535766 0.235412 0.199044
0 0.735889 0.70551 0.0420843 0.0342286
0 0.530368 0.605213 0.0525751 0.0360518
0 0.559575 0.782852 0.0457497 0.0337025
0 0.314563 0.840344 0.108209 0.0869989
0 0.624797 0.688277 0.0351378 0.0262613
0 0.667954 0.878864 0.132841 0.104314
0 0.0531086 0.627811 0.0328361 0.0236881
0 0.0486179 0.789071 0.0972358 0.172929
0 0.225309 0.860517 0.0651231 0.0508602
0 0.0337216 0.112287 0.0292778 0.0241546
0 0.257158 0.903575 0.0656899 0.048164
0 0.217103 0.709583 0.0476348 0.0334965
0 0.146163 0.642689 0.0338638 0.0264833
0 0.261028 0.968843 0.0667255 0.0557062
0 0.739936 0.400045 0.520127 0.347067
0 0.715972 0.292713 0.03307 0.0231388
0 0.823209 0.9932 0.0282993 0.0133656
0 0.668111 0.952566 0.045063 0.0377937
0 0.168923 0.990784 0.0354131 0.0184082
0 0.0276618 0.089367 0.0258372 0.0239857
0 0.729134 0.992989 0.0320142 0.0136177
0 0.683969 0.695645 0.0496028 0.0429766
0 0.82785 0.845031 0.214195 0.173628
0 0.240406 0.958793 0.108314 0.0791155
0 0.976495 0.190598 0.0307726 0.0253715
0 0.690898 0.244791 0.0438391 0.0343487
0 0.225222 0.660325 0.0384937 0.0314615
