0 0.127128 0.767308 0.0463298 0.04321
0 0.590679 0.973357 0.0394828 0.0371845
0 0.312022 0.620478 0.0440606 0.039758
0 0.39574 0.592448 0.0382843 0.0366271
0 0.190026 0.699003 0.0365525 0.0337122
0 0.209443 0.506819 0.0342797 0.0324427
0 0.0413813 0.186971 0.0471913 0.046749
0 0.596891 0.331087 0.0381876 0.0368096
0 0.0831343 0.588323 0.0279552 0.025877
0 0.647734 0.311736 0.0307011 0.0285305
0 0.776763 0.0442148 0.0359861 0.0338189
0 0.426182 0.0776125 0.028458 0.0267166
0 0.934191 0.86067 0.0255262 0.0250248
0 0.178923 0.154341 0.355795 0.308681
0 0.723226 0.808064 0.0253452 0.0244944
0 0.410356 0.796745 0.0271024 0.0256352
0 0.557378 0.268196 0.149232 0.14046
0 0.0258058 0.137034 0.0516116 0.0592567
0 0.821266 0.34996 0.0258671 0.0244266
0 0.855333 0.38687 0.0267641 0.0248725
0 0.80146 0.0519532 0.0251238 0.0235245
