0 0.71864 0.718029 0.246308 0.239328
0 0.933183 0.716871 0.117652 0.116152
0 0.0523014 0.180685 0.0390635 0.0377536
0 0.782343 0.94411 0.0445675 0.043697
0 0.177478 0.281911 0.0533375 0.0539135
0 0.960898 0.176062 0.0363474 0.0362095
0 0.971356 0.602438 0.0359772 0.0350081
0 0.148328 0.693169 0.0478895 0.0459765
0 0.817302 0.18709 0.0381365 0.0372319
0 0.710239 0.0817371 0.0335854 0.0331346
0 0.620426 0.149853 0.0422617 0.0410773
0 0.217063 0.740871 0.0378968 0.0375194
0 0.591468 0.107822 0.0294438 0.0285549
0 0.574412 0.455913 0.0333509 0.0333393
0 0.872627 0.555083 0.0393204 0.0387743
0 0.655817 0.164816 0.0367719 0.0358187
0 0.746513 0.131555 0.0300722 0.0290468
0 0.305669 0.143124 0.0361673 0.0347373
0 0.682981 0.547432 0.034572 0.0329867
0 0.503677 0.478071 0.0341053 0.03279
0 0.716896 0.555009 0.037491 0.0373423
0 0.562163 0.228022 0.0287809 0.0284577
0 0.564001 0.699776 0.0296497 0.0294788
0 0.869814 0.340231 0.0283653 0.0281122
0 0.213292 0.4107 0.0370724 0.0343157
0 0.210708 0.688322 0.02729 0.0261013
0 0.695138 0.201364 0.0263798 0.025709
0 0.246104 0.0852449 0.0364464 0.0356285
0 0.0116028 0.524948 0.0232055 0.0289963
0 0.238489 0.546441 0.295272 0.284151
0 0.074548 0.149801 0.0351785 0.0345169
0 0.867804 0.589117 0.0366421 0.0366541
0 0.396147 0.676707 0.0274215 0.0266039
0 0.786121 0.425448 0.191967 0.191154
0 0.0609213 0.469015 0.0454637 0.0460668
0 0.449799 0.712656 0.0330378 0.0325418
0 0.82068 0.872839 0.0478117 0.0464046
0 0.0542705 0.540259 0.0277285 0.0269176
0 0.395753 0.722373 0.0373291 0.0361472
