0 0.111946 0.776746 0.104229 0.0951511
0 0.384885 0.431159 0.0618962 0.0589619
0 0.24988 0.470478 0.0467962 0.0451962
0 0.391963 0.374545 0.0476796 0.0461099
0 0.326086 0.905855 0.0379037 0.0355511
0 0.401474 0.0523955 0.030151 0.0291979
0 0.205506 0.409859 0.0564708 0.0531285
0 0.707359 0.16892 0.0372152 0.034734
0 0.551137 0.823568 0.0345989 0.0320938
0 0.576685 0.532561 0.0406062 0.0383665
0 0.160808 0.541488 0.0438155 0.0406237
0 0.828202 0.589291 0.111515 0.106454
0 0.829183 0.829113 0.0295649 0.0276369
0 0.861842 0.822608 0.0296986 0.028315
0 0.818042 0.64892 0.0304937 0.0299566
0 0.147551 0.588549 0.0484348 0.0442556
0 0.64788 0.919343 0.028186 0.0259941
0 0.460074 0.798713 0.0298035 0.0273895
0 0.507367 0.644293 0.0607553 0.05548
0 0.404687 0.52354 0.0327835 0.0315802
0 0.0121427 0.0742203 0.0242854 0.0308575
0 0.109054 0.455229 0.0390882 0.036344
0 0.691873 0.484377 0.0296967 0.0285417
0 0.266628 0.754676 0.0291901 0.0262898
0 0.736669 0.542624 0.0308163 0.0293098
0 0.646825 0.660263 0.0345447 0.0321235
0 0.486151 0.498171 0.0284764 0.0275876
0 0.682611 0.664156 0.0271515 0.025441
0 0.0978032 0.437957 0.0298436 0.0284176
0 0.128634 0.680067 0.0482994 0.0434668
0 0.737987 0.584279 0.0272276 0.0249805
0 0.240957 0.811003 0.0248017 0.0234966
0 0.230342 0.556005 0.0278628 0.0259064
0 0.640435 0.797143 0.0754211 0.0713018
0 0.706818 0.543116 0.0281418 0.0267403
0 0.261066 0.417224 0.0435003 0.0419565
0 0.0229149 0.61198 0.0350583 0.0328644
0 0.42596 0.548614 0.0388737 0.035741
0 0.00879941 0.0325119 0.0175964 0.0293071
0 0.118502 0.0400286 0.0326957 0.0299973
0 0.450843 0.822307 0.0253797 0.0244076
0 0.509339 0.458319 0.092185 0.0790767
