0 0.496143 0.574157 0.0398022 0.0373959
0 0.81207 0.0931274 0.0750114 0.0677153
0 0.706082 0.147209 0.0428391 0.0374665
0 0.694685 0.185729 0.0622702 0.0570145
0 0.641963 0.0808641 0.051956 0.0483714
0 0.145737 0.465161 0.038116 0.036737
0 0.240554 0.438625 0.0402032 0.0388853
0 0.867831 0.0878746 0.0453508 0.0428169
0 0.734497 0.196227 0.039704 0.0381292
0 0.236915 0.416467 0.0371563 0.034432
0 0.833933 0.04518 0.0352766 0.0323485
0 0.334072 0.182914 0.0256726 0.0248056
0 0.648725 0.934668 0.166969 0.130128
0 0.649297 0.141452 0.0323847 0.0318431
0 0.84628 0.449737 0.0286346 0.0266093
0 0.321755 0.401585 0.0265568 0.0257085
