0 0.666473 0.734501 0.114839 0.0907259
0 0.378333 0.443607 0.0584738 0.0442116
0 0.496996 0.184887 0.0732894 0.0580442
0 0.481884 0.499107 0.0670686 0.0527767
0 0.766023 0.801598 0.0629532 0.0455004
0 0.580643 0.10321 0.0543852 0.0419213
0 0.928884 0.0557918 0.0583145 0.0467265
0 0.642792 0.0664275 0.0918825 0.0704797
0 0.51086 0.906693 0.0668982 0.0476948
0 0.541108 0.865777 0.0458906 0.035294
0 0.610877 0.0170715 0.0916637 0.0337209
0 0.242681 0.366023 0.0399858 0.0311712
0 0.744954 0.0677441 0.0455126 0.0353172
0 0.211691 0.453603 0.0317885 0.0261437
0 0.154522 0.885146 0.0371378 0.0311974
0 0.429547 0.777137 0.0379538 0.0278824
0 0.26632 0.68976 0.0371791 0.0306089
0 0.820718 0.790896 0.0383865 0.0284104
0 0.370809 0.596977 0.0382076 0.0304188
0 0.841805 0.0142016 0.0446381 0.0284032
0 0.987455 0.504827 0.0250906 0.0351433
0 0.447397 0.526974 0.0384136 0.0277348
0 0.0404323 0.317069 0.0349525 0.0278839
0 0.963629 0.556044 0.0355707 0.0276056
0 0.978024 0.846246 0.0437832 0.0442482
0 0.279474 0.557018 0.0335033 0.0264156
0 0.154778 0.286718 0.0817701 0.067933
0 0.402206 0.0591645 0.0454186 0.0373225
0 0.531276 0.971828 0.0348951 0.0270531
0 0.920848 0.120117 0.0416262 0.0365293
0 0.573641 0.168659 0.0361296 0.0276605
0 0.407559 0.357549 0.0402225 0.0301395
0 0.0304708 0.632433 0.0293137 0.0235844
0 0.641775 0.833756 0.0346576 0.0260748
0 0.731269 0.267871 0.0302185 0.0241699
0 0.183209 0.598594 0.195663 0.153135
0 0.499894 0.54383 0.0314081 0.0252766
