0 0.80858 0.791769 0.0930204 0.0870462
0 0.244763 0.668898 0.0468589 0.0396162
0 0.592406 0.473792 0.116748 0.107757
0 0.640271 0.836157 0.0420586 0.0390312
0 0.792742 0.358381 0.0840653 0.0771638
0 0.411091 0.680912 0.0433832 0.0386982
0 0.92152 0.375402 0.0665981 0.0610636
0 0.627589 0.348886 0.034866 0.0318404
0 0.706257 0.304125 0.105753 0.0989131
0 0.0619167 0.0694714 0.0700961 0.0607162
0 0.959332 0.457276 0.0389202 0.0360275
0 0.0298106 0.217182 0.0374568 0.0344383
0 0.121149 0.444601 0.0601411 0.0525194
0 0.545535 0.208741 0.126768 0.113324
0 0.270678 0.392828 0.0361803 0.0325212
0 0.463049 0.210255 0.101916 0.089962
0 0.662043 0.692201 0.069879 0.0648462
0 0.529025 0.659766 0.0503274 0.0465264
0 0.169459 0.798919 0.0317736 0.0291498
0 0.873382 0.404337 0.0443939 0.0395819
0 0.870333 0.34212 0.0549089 0.0485637
0 0.767627 0.987636 0.0434441 0.02449
0 0.1022 0.508959 0.0709785 0.0639392
0 0.177184 0.0243678 0.085851 0.0487357
0 0.627386 0.743402 0.0371001 0.0351125
0 0.308124 0.87797 0.0561159 0.0477913
0 0.666949 0.797704 0.0332972 0.031502
0 0.049945 0.762111 0.0882416 0.0768005
0 0.020621 0.110198 0.041242 0.0430895
0 0.0409577 0.803872 0.0359636 0.0328983
0 0.659177 0.652291 0.0624165 0.0597238
0 0.858456 0.862139 0.0375021 0.0348618
0 0.91667 0.515843 0.041848 0.0384335
0 0.8606 0.141671 0.2788 0.280705
0 0.900451 0.867481 0.0522432 0.048262
0 0.809012 0.24411 0.0398296 0.0361845
0 0.439675 0.966721 0.0449364 0.040484
0 0.451768 0.594735 0.161499 0.151776
0 0.22202 0.393161 0.0794239 0.0661955
0 0.6777 0.296346 0.0513206 0.0464472
0 0.255127 0.52152 0.0637811 0.0534843
0 0.212605 0.754996 0.0280895 0.0263163
0 0.135467 0.161643 0.0578452 0.0526936
0 0.574788 0.991524 0.0475921 0.016953
0 0.928716 0.986221 0.104652 0.0272923
0 0.580926 0.605266 0.10199 0.0951364
0 0.819815 0.406679 0.0542568 0.0487315
0 0.937791 0.901597 0.0589355 0.0517681
0 0.263688 0.148414 0.0510539 0.0427734
0 0.0650814 0.134815 0.0363504 0.0330179
0 0.350315 0.816767 0.0362825 0.032943
0 0.18899 0.356832 0.0364173 0.0325393
0 0.913528 0.990148 0.0663963 0.0194199
0 0.0547165 0.549871 0.0627808 0.0608547
0 0.337357 0.557434 0.0583253 0.0515356
0 0.76322 0.587442 0.0379738 0.034856
0 0.872399 0.612325 0.0516825 0.0454678
0 0.691682 0.171192 0.0467927 0.0444063
0 0.0465486 0.496114 0.0377676 0.0334431
0 0.831602 0.403643 0.0337994 0.0332449
0 0.923472 0.417475 0.0457569 0.0417666
0 0.503416 0.0303095 0.113357 0.0605859
0 0.485648 0.102455 0.156105 0.131758
0 0.145066 0.257841 0.0359719 0.0317322
0 0.0259207 0.146789 0.0518415 0.0734016
