0 0.258005 0.566377 0.062007 0.0482199
0 0.761726 0.430757 0.0639465 0.0517514
0 0.95961 0.0335422 0.0807805 0.0668564
0 0.50946 0.503364 0.0764206 0.0578508
0 0.0288886 0.718754 0.0558673 0.0443456
0 0.335991 0.778444 0.0587401 0.043313
0 0.0770311 0.965737 0.0892333 0.0658711
0 0.547645 0.461895 0.065069 0.0500874
0 0.500973 0.356458 0.0579606 0.0450458
0 0.302162 0.621492 0.0518039 0.038559
0 0.221918 0.608646 0.0577497 0.0430092
0 0.751814 0.374243 0.0691031 0.0566004
0 0.610589 0.452502 0.0385567 0.029905
0 0.832912 0.788177 0.0588665 0.0455368
0 0.943659 0.0838365 0.0406319 0.0307941
0 0.551516 0.973992 0.0335561 0.0264944
0 0.408633 0.31842 0.0426195 0.0333726
0 0.820543 0.44759 0.0419724 0.0309446
0 0.629666 0.499567 0.0414064 0.0315181
0 0.6375 0.992036 0.0442774 0.0159287
0 0.759714 0.308947 0.0453924 0.0350829
0 0.469695 0.682656 0.0332903 0.0274771
0 0.312998 0.846475 0.0373265 0.0278524
0 0.0659261 0.465868 0.0365022 0.0276243
0 0.34827 0.291618 0.0309833 0.025016
0 0.687925 0.329772 0.0324059 0.0264229
0 0.27592 0.229253 0.0358681 0.0267886
0 0.908313 0.596285 0.0378548 0.0296644
0 0.559631 0.196912 0.0316894 0.0259974
0 0.251696 0.499018 0.0298257 0.0239656
0 0.950963 0.232213 0.0384655 0.0287146
0 0.610782 0.0107694 0.0900191 0.0215387
0 0.376413 0.721084 0.0378593 0.029495
0 0.432104 0.143479 0.0299983 0.0247026
0 0.831811 0.625288 0.0377651 0.0322093
0 0.326629 0.149935 0.0307338 0.0236438
0 0.961314 0.507492 0.0772358 0.0792765
0 0.70954 0.638826 0.0338609 0.0293733
0 0.454033 0.610852 0.0322819 0.0286007
0 0.34003 0.954373 0.0325568 0.0247215
