0 0.742587 0.286697 0.154752 0.134829
0 0.937182 0.174954 0.0311737 0.0279528
0 0.705481 0.625992 0.0375515 0.0317116
0 0.343397 0.115055 0.0306634 0.027954
0 0.715402 0.0893238 0.056112 0.0479503
0 0.679718 0.533525 0.0642131 0.0502474
0 0.144065 0.481555 0.0391272 0.0331154
0 0.802025 0.205073 0.0379766 0.0329242
0 0.685788 0.757029 0.0479326 0.0385946
0 0.505136 0.927905 0.0307514 0.0267164
0 0.412276 0.186339 0.0318983 0.0279275
0 0.209995 0.419294 0.0325856 0.0261173
0 0.0500756 0.630633 0.0396289 0.0344214
0 0.857386 0.236134 0.0972488 0.0775692
