0 0.77984 0.402604 0.103358 0.099978
0 0.627701 0.821622 0.130636 0.127848
0 0.325805 0.44815 0.11002 0.106624
0 0.862985 0.624606 0.0567062 0.0548849
0 0.193118 0.547884 0.0556959 0.0526678
0 0.473259 0.574905 0.0917311 0.0898514
0 0.666962 0.337209 0.042123 0.0401964
0 0.917707 0.878762 0.0439514 0.0414808
0 0.702772 0.552006 0.0381424 0.0374588
0 0.502785 0.645863 0.0443284 0.0431255
0 0.753113 0.958461 0.037985 0.0366179
0 0.549622 0.807132 0.0352674 0.0352236
0 0.703016 0.851899 0.0578522 0.0554138
0 0.881507 0.822705 0.0376005 0.0363918
0 0.67108 0.0645451 0.0301785 0.0295842
0 0.300342 0.920952 0.0319591 0.0308153
0 0.959877 0.385056 0.0801958 0.0919031
0 0.420928 0.692068 0.132694 0.123175
0 0.506229 0.325933 0.0294003 0.0282409
0 0.404773 0.134328 0.0332607 0.0318255
0 0.410215 0.724978 0.0324358 0.0323692
0 0.42243 0.746598 0.135662 0.120461
0 0.409915 0.446903 0.0639316 0.0598915
0 0.820074 0.345317 0.0452842 0.0412745
0 0.970652 0.786645 0.0502911 0.0482096
0 0.20467 0.174432 0.353996 0.333702
0 0.77774 0.301259 0.0895189 0.0843016
0 0.160391 0.517988 0.0273529 0.0265179
0 0.0337891 0.0629168 0.0277779 0.0269883
0 0.296328 0.770374 0.0289535 0.0280154
0 0.78119 0.699588 0.0303929 0.0282465
