0 0.291595 0.035306 0.0894734 0.070612
0 0.736887 0.980755 0.0659161 0.0379131
0 0.303486 0.509548 0.0796322 0.0786654
0 0.209893 0.936538 0.0413683 0.0411545
0 0.475456 0.991085 0.0369053 0.0178293
0 0.183741 0.354764 0.0333942 0.0327963
0 0.106593 0.54664 0.0617566 0.0607213
0 0.39302 0.250582 0.050501 0.0503715
0 0.116891 0.890635 0.0944331 0.0944431
0 0.111561 0.0542127 0.074686 0.0722251
0 0.846109 0.0626104 0.0668903 0.0685128
0 0.155567 0.805525 0.0333314 0.0323591
0 0.168116 0.775932 0.0381264 0.036374
0 0.258782 0.653604 0.0692514 0.0683189
0 0.240239 0.814313 0.100429 0.0953907
0 0.0894428 0.957392 0.0462946 0.0443108
0 0.0665293 0.457909 0.125762 0.125456
0 0.0507984 0.346194 0.082832 0.0832221
0 0.8861 0.604815 0.0786991 0.0774651
0 0.950498 0.277895 0.0378551 0.0362772
0 0.683524 0.945554 0.0791074 0.0776287
0 0.00954358 0.347023 0.0190872 0.0305298
0 0.669674 0.0560588 0.0496447 0.0505078
0 0.554837 0.951178 0.0302023 0.0285934
0 0.849444 0.812439 0.0907001 0.0855873
0 0.406591 0.498645 0.0489694 0.0482516
0 0.470523 0.585412 0.0717531 0.0717585
0 0.368863 0.955879 0.0975022 0.0864094
