0 0.790668 0.743529 0.418664 0.415265
0 0.211555 0.691031 0.196028 0.189097
0 0.377592 0.777032 0.0336157 0.0320147
0 0.207431 0.875771 0.0555885 0.0538765
0 0.574504 0.211965 0.547285 0.422937
0 0.375893 0.666735 0.150571 0.140078
0 0.844866 0.980407 0.0598259 0.0390524
0 0.0728778 0.35774 0.035578 0.0332819
0 0.279405 0.308179 0.0377626 0.0352049
0 0.51815 0.798873 0.193114 0.187155
0 0.0294439 0.667721 0.0324174 0.0298698
0 0.615834 0.906077 0.0280937 0.0293804
0 0.193982 0.806416 0.0436484 0.0409057
0 0.639775 0.929953 0.175966 0.138802
0 0.103029 0.641786 0.0272651 0.0262623
0 0.0762334 0.17803 0.0342674 0.0308957
0 0.0116854 0.49657 0.0233708 0.0258202
0 0.613625 0.813301 0.0371273 0.0333595
0 0.630619 0.896112 0.0291737 0.0291027
