0 0.813564 0.541424 0.0678128 0.0653015
0 0.426282 0.522633 0.0377271 0.0374917
0 0.890377 0.757351 0.0528004 0.0514109
0 0.749577 0.0244523 0.0666019 0.0489046
0 0.240057 0.166622 0.0529102 0.0524188
0 0.854514 0.0470989 0.0463596 0.0456832
0 0.506645 0.26385 0.0334545 0.0325173
0 0.232257 0.0207867 0.0544061 0.0413941
0 0.156486 0.577452 0.0401599 0.0393
0 0.899986 0.398336 0.0392576 0.0385033
0 0.518523 0.154917 0.0511898 0.0504544
0 0.0927568 0.134706 0.0337031 0.0324039
0 0.0617794 0.0187672 0.0361954 0.03582
0 0.387003 0.270164 0.0679851 0.0653927
0 0.720905 0.610706 0.0339968 0.0326326
0 0.121942 0.27644 0.0416906 0.0408894
0 0.985937 0.257253 0.0280899 0.0347363
0 0.27537 0.0381633 0.0559842 0.0554965
0 0.407633 0.735373 0.0513419 0.0502546
0 0.969947 0.340329 0.0571415 0.057699
0 0.84374 0.429685 0.039148 0.037105
0 0.970661 0.440995 0.0578136 0.0764478
0 0.861307 0.579328 0.0314396 0.0300995
0 0.056595 0.25685 0.0313107 0.0307386
0 0.643652 0.447629 0.0394594 0.0384711
0 0.95756 0.0981368 0.0335289 0.0321828
0 0.272847 0.549775 0.0306949 0.0303864
0 0.7811 0.777961 0.0290136 0.0277269
0 0.682966 0.416912 0.0380276 0.0361918
0 0.683945 0.0850312 0.0804345 0.0774903
0 0.0767099 0.379601 0.040625 0.0392818
0 0.221194 0.687585 0.0428296 0.0437502
0 0.163211 0.21452 0.0333733 0.0336405
0 0.672347 0.787329 0.0265784 0.0271761
0 0.381584 0.421238 0.0310691 0.0291608
0 0.292505 0.0904537 0.0475204 0.0452454
0 0.932626 0.604469 0.0333427 0.0319898
0 0.810854 0.0069992 0.0388179 0.0139984
0 0.923803 0.55493 0.0270473 0.0268547
0 0.741772 0.637492 0.0378229 0.0359501
0 0.483581 0.303883 0.111571 0.107203
0 0.472716 0.16999 0.0307845 0.0304749
0 0.112807 0.299275 0.0285943 0.0273008
0 0.927564 0.0729725 0.0319443 0.0307413
0 0.193718 0.411548 0.139206 0.135968
0 0.98039 0.0666547 0.0285786 0.0277391
0 0.778306 0.718291 0.0330235 0.031636
0 0.815858 0.452291 0.0343796 0.0342814
0 0.695549 0.12372 0.0504609 0.0486842
0 0.978452 0.204397 0.0424515 0.0815719
0 0.97695 0.375787 0.0442913 0.0479771
0 0.88229 0.506856 0.0279762 0.0285948
0 0.821633 0.0837832 0.0510124 0.0466766
0 0.0405064 0.611742 0.036247 0.0346433
0 0.315508 0.348861 0.0285393 0.0278374
0 0.0375031 0.46437 0.0332825 0.0337698
