0 0.604851 0.535235 0.0660748 0.0660341
0 0.622152 0.679003 0.0625981 0.0606074
0 0.742113 0.0764019 0.0633114 0.0620326
0 0.592263 0.383323 0.0539743 0.0524024
0 0.540994 0.128689 0.0418019 0.0410779
0 0.563953 0.439486 0.0500532 0.049292
0 0.754558 0.255706 0.0342699 0.0324384
0 0.351548 0.412141 0.0473071 0.0473985
0 0.568455 0.77048 0.0284706 0.0288491
0 0.635888 0.93907 0.0426708 0.0427792
0 0.627027 0.902131 0.0358732 0.034787
0 0.547665 0.208756 0.0383526 0.0377995
0 0.487502 0.137121 0.0347227 0.0329079
0 0.199853 0.7315 0.0328288 0.0336958
0 0.451664 0.396569 0.0407124 0.0406893
0 0.58757 0.231461 0.0303279 0.0295142
0 0.18355 0.0146009 0.039618 0.029151
0 0.184136 0.79932 0.0721958 0.0706743
0 0.157927 0.750992 0.0314953 0.0310133
0 0.466541 0.257508 0.0286562 0.0281002
0 0.375209 0.649465 0.0269143 0.0264709
0 0.362809 0.450095 0.047095 0.0477055
0 0.886111 0.97863 0.0308943 0.0309546
0 0.48736 0.5738 0.0308742 0.0301363
0 0.642589 0.967733 0.0335083 0.0339443
0 0.992523 0.269962 0.0149548 0.0586192
0 0.917599 0.477427 0.0394157 0.0383608
0 0.601315 0.102045 0.0296338 0.0285796
0 0.160362 0.15972 0.0309185 0.0300882
0 0.520209 0.218352 0.0245467 0.0243282
0 0.973653 0.650466 0.0300819 0.0287324
0 0.135475 0.199399 0.0336932 0.0335629
0 0.490741 0.21507 0.0261133 0.0249772
0 0.766627 0.886222 0.0275455 0.0266445
0 0.322778 0.717968 0.0286262 0.0292782
0 0.505259 0.15987 0.0279816 0.0275588
0 0.483519 0.273221 0.026508 0.0256233
0 0.457354 0.369637 0.0455553 0.0468317
0 0.176232 0.964609 0.046764 0.0445383
0 0.416821 0.363356 0.0396227 0.0389388
0 0.475467 0.167572 0.0278155 0.0268096
0 0.78492 0.0293488 0.0270788 0.0257381
0 0.213861 0.436029 0.0331494 0.0313772
0 0.539774 0.174436 0.0258644 0.0255008
