0 0.720412 0.779209 0.0722537 0.069466
0 0.704819 0.819194 0.228758 0.219315
0 0.808814 0.147689 0.0413933 0.0398266
0 0.0729019 0.479486 0.0484614 0.0459949
0 0.82043 0.934052 0.0490437 0.0470921
0 0.403983 0.850992 0.118244 0.112785
0 0.413643 0.98265 0.0582759 0.0343456
0 0.636082 0.376467 0.0318244 0.0317265
0 0.507561 0.0110642 0.0559729 0.0221284
0 0.345464 0.914447 0.0390459 0.0373375
0 0.97183 0.701894 0.0303246 0.029825
0 0.93928 0.573134 0.0308952 0.0295363
0 0.0526684 0.438259 0.0493081 0.047082
0 0.118768 0.412383 0.0564 0.0522679
0 0.0325082 0.468019 0.044869 0.0424328
0 0.676709 0.0529268 0.0272964 0.0267133
0 0.378623 0.967985 0.0443823 0.0408516
0 0.616843 0.310109 0.0266934 0.0259693
0 0.280196 0.0795704 0.108601 0.106278
0 0.689438 0.693893 0.0398632 0.0378702
0 0.707815 0.394128 0.0258955 0.0256004
0 0.088778 0.650563 0.0502975 0.0467346
0 0.989206 0.0141001 0.0215107 0.0282003
0 0.707506 0.690648 0.0693554 0.0633598
0 0.815863 0.933349 0.18317 0.133302
0 0.851179 0.774652 0.0719337 0.0676861
0 0.727186 0.962766 0.0296382 0.0293211
