0 0.601889 0.683879 0.0457844 0.0435965
0 0.652178 0.460011 0.0365184 0.0349692
0 0.641224 0.0402845 0.0385628 0.0362716
0 0.726477 0.749499 0.0543825 0.0510367
0 0.479594 0.877514 0.0444394 0.0406422
0 0.0814653 0.379662 0.0264804 0.0249105
0 0.0120477 0.289837 0.0240955 0.0436401
0 0.548107 0.731675 0.0337719 0.0319367
0 0.849225 0.296075 0.0308477 0.028847
0 0.851078 0.926272 0.0339985 0.032663
0 0.120527 0.43828 0.0260276 0.025411
0 0.409176 0.344753 0.0260223 0.0248441
0 0.784613 0.755649 0.0347431 0.0328457
0 0.679754 0.677601 0.0387659 0.0359535
0 0.423645 0.330526 0.0265303 0.0255833
0 0.992576 0.883922 0.0148475 0.0365471
