0 0.544397 0.282515 0.101553 0.0986819
0 0.224248 0.897245 0.266363 0.205511
0 0.478946 0.210643 0.0931198 0.0900387
0 0.804966 0.443354 0.0778996 0.0770604
0 0.801769 0.898644 0.0737923 0.0722858
0 0.180591 0.548187 0.0599244 0.0592752
0 0.689814 0.944657 0.0545596 0.0532421
0 0.696274 0.519744 0.0412161 0.0395447
0 0.253794 0.448275 0.0374827 0.0364366
0 0.265589 0.568714 0.0617565 0.0600061
0 0.0739882 0.827291 0.0345068 0.0345716
0 0.549349 0.0723121 0.0844825 0.0832672
0 0.438097 0.297759 0.0391856 0.0377253
0 0.956703 0.761724 0.0558994 0.0537224
0 0.384969 0.909134 0.0426134 0.0397873
0 0.409396 0.645285 0.0545765 0.0541142
0 0.765441 0.519087 0.0404697 0.0402498
0 0.255951 0.388441 0.0399181 0.0389071
0 0.361018 0.620011 0.0294716 0.0296586
0 0.0748145 0.173646 0.0530371 0.050375
0 0.61173 0.602888 0.0317337 0.0299902
0 0.21173 0.414127 0.0324666 0.0321751
0 0.281666 0.524033 0.0362927 0.03484
0 0.363307 0.755003 0.0358558 0.0350676
0 0.806033 0.231379 0.104851 0.0989998
0 0.785382 0.683928 0.0385404 0.0367804
0 0.105883 0.837498 0.0350341 0.0342773
0 0.853106 0.456943 0.0350649 0.0349855
0 0.55211 0.928279 0.0413965 0.0396873
0 0.0295137 0.530582 0.0588344 0.0772014
0 0.712288 0.785798 0.0413656 0.041179
0 0.888325 0.438762 0.0380783 0.0365993
0 0.701164 0.905704 0.0357309 0.0322186
0 0.880092 0.897137 0.0420925 0.0385101
0 0.838755 0.971829 0.031987 0.0307808
0 0.842102 0.80739 0.0607491 0.0592342
0 0.587102 0.34486 0.0319791 0.0318886
0 0.32159 0.617289 0.029415 0.0300357
0 0.793846 0.0290847 0.0399126 0.0389446
0 0.445503 0.71164 0.0379412 0.0368933
0 0.441662 0.615855 0.0454961 0.0431335
0 0.152543 0.509551 0.0308984 0.0306557
0 0.9894 0.962309 0.0211994 0.0347313
0 0.191425 0.591272 0.0371724 0.0362796
0 0.688035 0.695681 0.0557203 0.0559216
0 0.868483 0.947815 0.0363428 0.0353096
0 0.390882 0.567517 0.0356513 0.034841
0 0.473799 0.736945 0.038973 0.0393896
0 0.744541 0.680227 0.0353083 0.0329662
0 0.990045 0.471245 0.0199101 0.0347113
0 0.229606 0.872369 0.0532234 0.0501392
0 0.500739 0.04986 0.0648113 0.0614739
0 0.801079 0.746188 0.0629374 0.0588044
0 0.316162 0.463212 0.0353306 0.033618
0 0.740943 0.232389 0.03181 0.0297845
0 0.234987 0.123199 0.034633 0.03297
0 0.493715 0.823454 0.0300095 0.028014
0 0.234288 0.360529 0.0272551 0.0273909
0 0.528054 0.12525 0.0394236 0.0374738
0 0.374179 0.284606 0.037553 0.0378861
0 0.831897 0.645922 0.0302311 0.0271692
0 0.458351 0.137181 0.0318422 0.0295028
0 0.648991 0.437702 0.053843 0.0514165
0 0.547768 0.971429 0.0649487 0.0563877
0 0.982816 0.558102 0.0289114 0.0278383
0 0.41957 0.691274 0.0345835 0.0346353
0 0.142442 0.431396 0.0256936 0.0244274
0 0.109945 0.30221 0.0272938 0.0276978
0 0.256089 0.242626 0.0314984 0.0303392
0 0.589507 0.98622 0.0400906 0.0275591
0 0.371628 0.0199293 0.0420768 0.039685
0 0.929165 0.4408 0.0287258 0.029022
0 0.0857719 0.512632 0.0279827 0.0279074
0 0.236264 0.327076 0.027244 0.0268314
0 0.312808 0.668421 0.0292088 0.0283798
0 0.152452 0.0881555 0.0326376 0.0321522
0 0.517432 0.941426 0.026652 0.026309
0 0.55348 0.670972 0.0588588 0.05646
0 0.295514 0.492981 0.0340867 0.0328847
0 0.437028 0.117518 0.0253383 0.0250993
0 0.84288 0.685697 0.0324902 0.0302563
0 0.690678 0.470261 0.053834 0.0496153
0 0.265001 0.278153 0.0274957 0.0266229
0 0.269101 0.73 0.0338239 0.0328218
0 0.764995 0.847445 0.0287777 0.0285873
0 0.742305 0.482927 0.515391 0.528639
0 0.77487 0.60424 0.0269681 0.0254253
0 0.816546 0.77271 0.055076 0.0539598
0 0.0773939 0.328066 0.0262441 0.025142
0 0.931243 0.468624 0.0339691 0.0330798
0 0.604963 0.653959 0.0378292 0.0356607
0 0.791577 0.297053 0.0559551 0.0549124
0 0.466443 0.117481 0.0309431 0.0294968
0 0.879835 0.843178 0.0346376 0.0328213
0 0.0711733 0.545062 0.032956 0.0328262
0 0.673922 0.495173 0.0321128 0.0308624
0 0.187715 0.196955 0.0274893 0.0256151
0 0.0864055 0.592574 0.0336304 0.0330637
0 0.372267 0.184552 0.0293963 0.0279286
0 0.947764 0.298136 0.104005 0.25717
0 0.817715 0.837668 0.0332417 0.0319124
0 0.216679 0.0903203 0.0389379 0.0382696
0 0.203487 0.811024 0.0748461 0.0711208
0 0.504961 0.561592 0.033931 0.0302315
