0 0.166749 0.694576 0.132424 0.0912647
0 0.601107 0.864188 0.193603 0.141941
0 0.231667 0.380645 0.115429 0.0884195
0 0.7356 0.278302 0.132191 0.0992329
0 0.128517 0.588203 0.123305 0.0920433
0 0.257756 0.812362 0.0956004 0.0747421
0 0.192786 0.277768 0.179181 0.126591
0 0.591443 0.367323 0.0949417 0.0692754
0 0.842117 0.500656 0.110527 0.0870922
0 0.321072 0.342131 0.0747468 0.05289
0 0.179731 0.845722 0.0432909 0.0320446
0 0.11315 0.432251 0.044234 0.0347393
0 0.468417 0.272167 0.0730734 0.052354
0 0.248235 0.179829 0.0640233 0.0465838
0 0.301478 0.737335 0.0654896 0.0469416
0 0.963166 0.761799 0.0733482 0.0768431
0 0.262821 0.536755 0.0916534 0.0651114
0 0.036581 0.589603 0.040795 0.0310602
0 0.689048 0.531229 0.124885 0.100692
0 0.234925 0.470764 0.0575734 0.0427628
0 0.0795263 0.0272961 0.051103 0.0399928
0 0.772468 0.945285 0.100172 0.0759132
0 0.859413 0.689913 0.042795 0.0323868
0 0.564267 0.422744 0.105545 0.075517
0 0.978987 0.295336 0.0420258 0.0383917
0 0.979295 0.182284 0.03629 0.02766
0 0.572769 0.577811 0.13017 0.099474
0 0.9092 0.344287 0.0821609 0.0609104
0 0.148309 0.485984 0.0425235 0.031042
0 0.307924 0.404351 0.0625597 0.0479973
0 0.880638 0.0834693 0.0904285 0.0688952
0 0.848905 0.928319 0.0988956 0.0783438
0 0.817211 0.731249 0.0836172 0.0623676
0 0.935065 0.37522 0.129824 0.101231
0 0.540264 0.677693 0.0366253 0.0275436
0 0.878489 0.84713 0.0950508 0.074968
0 0.0187872 0.473221 0.0373568 0.0962337
0 0.367378 0.151606 0.0836021 0.065739
0 0.797399 0.427655 0.0610279 0.0447567
0 0.42983 0.729554 0.0389896 0.0270845
0 0.476866 0.962471 0.0356836 0.0253508
0 0.979837 0.441683 0.039683 0.0633649
0 0.261114 0.704639 0.0631586 0.0463266
0 0.390712 0.0202607 0.0664914 0.0405214
0 0.709225 0.588711 0.0455198 0.0379814
0 0.0716516 0.509313 0.0861959 0.0635724
0 0.430518 0.552704 0.384517 0.281891
0 0.351173 0.75836 0.0507898 0.0370813
0 0.926658 0.143636 0.0773863 0.0599261
0 0.899558 0.0482265 0.0449051 0.0324039
0 0.376988 0.526385 0.0309196 0.0255899
0 0.358134 0.29539 0.0429644 0.0305721
0 0.147705 0.838063 0.295411 0.321382
0 0.672354 0.204082 0.189615 0.14573
0 0.363987 0.266929 0.0540222 0.0376345
0 0.865819 0.792577 0.031686 0.0244413
0 0.195146 0.759713 0.0695697 0.0555902
0 0.950083 0.553146 0.0313278 0.0258707
0 0.142346 0.303929 0.0941676 0.0700862
0 0.326233 0.792707 0.0642862 0.0479595
0 0.902819 0.507045 0.0433199 0.0334253
0 0.564511 0.966945 0.133643 0.0661099
0 0.97131 0.946612 0.0549599 0.0488417
0 0.347375 0.472308 0.0467638 0.0381125
0 0.691597 0.0819068 0.285583 0.163814
0 0.199296 0.986244 0.0344459 0.0255562
0 0.030113 0.666 0.060226 0.0752457
0 0.0255103 0.728595 0.0510205 0.0460758
0 0.906813 0.271532 0.113956 0.086947
0 0.830847 0.381326 0.0328224 0.0260992
0 0.838664 0.671636 0.0525497 0.0363522
0 0.614402 0.480092 0.0874617 0.0656853
0 0.814673 0.0297781 0.0822523 0.0594218
0 0.894088 0.972339 0.05989 0.0501757
