0 0.102177 0.555536 0.0440032 0.0335852
0 0.856937 0.966967 0.0468647 0.0358994
0 0.683318 0.243007 0.0399527 0.0309785
0 0.554771 0.324808 0.0431854 0.0311143
0 0.377641 0.120458 0.0416883 0.0277297
0 0.291972 0.985999 0.0399095 0.0269135
0 0.168447 0.635045 0.0345581 0.0270224
0 0.523404 0.0337496 0.10527 0.066955
0 0.0750175 0.0183543 0.072112 0.0367085
0 0.748209 0.860723 0.188565 0.137139
0 0.952026 0.957912 0.0959487 0.0841763
0 0.259422 0.828715 0.0401563 0.0306271
0 0.830617 0.0727861 0.1189 0.0981349
0 0.308008 0.213753 0.0361918 0.0262834
0 0.455768 0.251901 0.0351928 0.025571
0 0.968382 0.00873822 0.0632365 0.0174461
0 0.210648 0.0267731 0.0614851 0.0463864
0 0.145717 0.797473 0.129734 0.104496
