0 0.435983 0.278462 0.201326 0.178875
0 0.616482 0.616023 0.160844 0.149328
0 0.251665 0.265883 0.0937472 0.0848847
0 0.449608 0.884047 0.103981 0.0976719
0 0.860019 0.846675 0.0909374 0.0855858
0 0.97336 0.68349 0.0531216 0.0598679
0 0.182025 0.687495 0.112797 0.106614
0 0.745889 0.0273988 0.0746407 0.0547977
0 0.250392 0.52838 0.043524 0.0404972
0 0.33008 0.960672 0.0958049 0.0781685
0 0.737392 0.266784 0.113109 0.10568
0 0.0488684 0.899646 0.0422233 0.0392511
0 0.593574 0.779036 0.06567 0.0618639
0 0.543876 0.115884 0.0855835 0.0780752
0 0.365184 0.64656 0.0482178 0.0457325
0 0.187829 0.881585 0.0523873 0.0501663
0 0.284752 0.450979 0.0450954 0.0411497
0 0.840895 0.134046 0.0366169 0.0339077
0 0.562883 0.925474 0.0799654 0.0749329
0 0.763364 0.479407 0.0612413 0.055974
0 0.750846 0.658157 0.0494791 0.0453498
0 0.305485 0.659357 0.0603611 0.0563002
0 0.52443 0.868686 0.0610617 0.0584251
0 0.613195 0.956237 0.0429951 0.0396534
0 0.888677 0.0222744 0.0797623 0.0445226
0 0.948958 0.891057 0.0325871 0.0301609
0 0.173735 0.499987 0.0784442 0.0723265
0 0.581966 0.877508 0.0383095 0.0361843
0 0.482592 0.74101 0.0455919 0.0424825
0 0.374139 0.136827 0.0459816 0.042254
0 0.758231 0.560235 0.0456659 0.0428307
0 0.845508 0.0974011 0.0498514 0.0435817
0 0.956342 0.957453 0.0348349 0.032782
0 0.106452 0.957488 0.0405349 0.0381834
0 0.0892453 0.836716 0.0339579 0.0314884
0 0.557976 0.741234 0.0360216 0.0338106
0 0.271988 0.0256035 0.036628 0.0352311
0 0.0139993 0.800609 0.0279986 0.0389385
0 0.302673 0.810062 0.101213 0.0992044
0 0.0578183 0.760107 0.0617377 0.0555416
0 0.707794 0.791115 0.0346079 0.0325371
0 0.804781 0.297726 0.0420591 0.0377584
0 0.726569 0.130577 0.0327408 0.0298018
0 0.58828 0.716151 0.044058 0.0413238
0 0.91863 0.34303 0.0310661 0.0274685
0 0.60345 0.464243 0.0536934 0.0495372
0 0.376249 0.423538 0.0693931 0.0613194
0 0.222604 0.816803 0.0492876 0.0444496
0 0.1207 0.912448 0.048205 0.0416447
0 0.0637653 0.274732 0.041531 0.0391494
0 0.620961 0.507969 0.0680676 0.0618856
0 0.426501 0.0912182 0.0562887 0.0502197
0 0.699296 0.363275 0.0351789 0.0320085
0 0.446116 0.383755 0.0728873 0.0645448
0 0.852124 0.904608 0.0297543 0.0283602
0 0.337105 0.0314989 0.0842693 0.0627399
0 0.405496 0.957076 0.055698 0.0538404
0 0.776041 0.58092 0.0402805 0.0372679
0 0.270532 0.822659 0.0344214 0.0316137
0 0.37048 0.480375 0.0503113 0.0452549
0 0.832904 0.762733 0.0319681 0.0289564
0 0.973399 0.173126 0.053203 0.0563065
0 0.348532 0.802896 0.0281479 0.0268221
0 0.264675 0.410111 0.0415016 0.038043
0 0.372772 0.0794812 0.0453679 0.0432745
0 0.486553 0.669438 0.0302559 0.0302667
0 0.205513 0.756518 0.0414809 0.0386715
0 0.632617 0.0638385 0.0463383 0.0420458
0 0.261865 0.953937 0.0423442 0.0371979
0 0.029709 0.0111444 0.059418 0.0222376
0 0.519752 0.463231 0.0749718 0.0701448
0 0.655948 0.468261 0.0417377 0.0385515
0 0.256504 0.743236 0.0454269 0.0438534
0 0.995533 0.905459 0.00893497 0.0416189
0 0.0114646 0.751713 0.0229292 0.0261252
0 0.256243 0.0720243 0.0312577 0.0280157
0 0.810585 0.893123 0.0601288 0.0576481
0 0.140017 0.944641 0.0307851 0.0289003
0 0.0685828 0.024138 0.0303888 0.0279806
0 0.19678 0.838016 0.0282294 0.026228
0 0.989369 0.788633 0.0212616 0.0241766
0 0.645903 0.146147 0.0279647 0.0268919
0 0.150448 0.973032 0.0356351 0.0318573
0 0.0874051 0.107556 0.0325975 0.0308093
0 0.169321 0.0838647 0.0348304 0.0325855
0 0.0763556 0.789119 0.0489018 0.0465406
0 0.695961 0.879894 0.0299282 0.0289389
0 0.876541 0.180309 0.0593554 0.0540946
0 0.73764 0.691351 0.0311512 0.0295157
0 0.508033 0.445257 0.0934626 0.0882522
0 0.371869 0.688378 0.0448288 0.0422615
0 0.985871 0.824401 0.0282578 0.0538223
