0 0.612587 0.114166 0.0473959 0.0458802
0 0.446125 0.897766 0.0351795 0.0323517
0 0.527851 0.672736 0.033861 0.0310411
0 0.652246 0.1291 0.0297552 0.0286577
0 0.159857 0.453532 0.0350337 0.0339099
0 0.248364 0.386683 0.0295366 0.0280266
0 0.355381 0.506799 0.0421255 0.0412489
0 0.344969 0.0327772 0.0291708 0.0276424
0 0.125178 0.0929264 0.0316927 0.0309261
0 0.179566 0.424299 0.0286246 0.0274292
0 0.146758 0.428522 0.0307743 0.0288509
0 0.881382 0.0124404 0.0262405 0.0241103
0 0.963113 0.270384 0.0263184 0.0252597
0 0.220038 0.638179 0.0326946 0.03214
0 0.56542 0.418788 0.0265909 0.0252466
0 0.646497 0.566355 0.0297478 0.0278864
0 0.500379 0.83092 0.0290295 0.0280052
0 0.525262 0.595734 0.0253083 0.0247176
0 0.925258 0.868821 0.0309761 0.0312201
0 0.828502 0.234376 0.026482 0.0257095
