0 0.730128 0.538489 0.271984 0.230378
0 0.381888 0.357347 0.265876 0.201198
0 0.306398 0.905772 0.233399 0.18718
0 0.121923 0.43084 0.130286 0.106138
0 0.445359 0.520759 0.303969 0.246103
0 0.0779498 0.302123 0.101531 0.0774921
0 0.0410258 0.176165 0.075083 0.0548102
0 0.618298 0.753666 0.0447695 0.0335025
0 0.241015 0.445158 0.102779 0.0820419
0 0.934576 0.282001 0.130849 0.125552
0 0.30783 0.652828 0.0629518 0.0482107
0 0.443274 0.135905 0.106984 0.0920223
0 0.0580069 0.867747 0.116014 0.183579
0 0.134549 0.24694 0.0675149 0.049226
0 0.126016 0.661173 0.107708 0.087527
0 0.202993 0.771543 0.0483162 0.0393745
0 0.0684541 0.0426999 0.0619682 0.047427
0 0.511916 0.772353 0.275279 0.207736
0 0.165921 0.529713 0.238465 0.195982
0 0.082322 0.112253 0.0530179 0.040604
0 0.0247639 0.232352 0.0495279 0.0447414
0 0.205292 0.212664 0.108318 0.0839447
0 0.158545 0.161534 0.0485436 0.0367921
0 0.235116 0.133377 0.0442572 0.0327053
0 0.0476728 0.0133382 0.0393031 0.0259405
0 0.562899 0.633681 0.143132 0.107058
0 0.0219764 0.618415 0.0438268 0.132178
0 0.427455 0.11532 0.0712036 0.0503063
0 0.722303 0.135508 0.107239 0.080587
0 0.979965 0.887454 0.0391348 0.0803844
0 0.0422024 0.548814 0.0415501 0.0356531
0 0.297614 0.263919 0.0815882 0.0647552
0 0.450019 0.466632 0.0498821 0.0412258
0 0.133393 0.876507 0.0328322 0.028149
0 0.555024 0.967302 0.204783 0.0652863
0 0.919857 0.701211 0.0333729 0.0264275
0 0.95918 0.630845 0.0791054 0.0644474
0 0.479194 0.0996726 0.0384489 0.0311508
0 0.408921 0.0199588 0.0445122 0.037825
0 0.10358 0.148936 0.0472509 0.0364879
0 0.610027 0.431684 0.117795 0.090868
0 0.0335219 0.980787 0.0660473 0.0376244
0 0.843713 0.914361 0.246378 0.171278
0 0.81557 0.190734 0.102933 0.0825956
0 0.122527 0.575084 0.115476 0.095043
0 0.866701 0.413024 0.126242 0.0872289
0 0.854858 0.160229 0.0674164 0.0484198
