0 0.306333 0.129448 0.0762147 0.0738776
0 0.585784 0.669448 0.0605797 0.0580435
0 0.476522 0.174581 0.0443783 0.0419754
0 0.952798 0.361142 0.0944038 0.127717
0 0.744919 0.0802894 0.0719807 0.0673341
0 0.444457 0.311635 0.0369288 0.0352573
0 0.692237 0.793117 0.0325017 0.0312489
0 0.806165 0.107033 0.0788906 0.0707677
0 0.749158 0.563917 0.0337424 0.0326189
0 0.699035 0.41539 0.028186 0.0268433
0 0.812115 0.272595 0.0329458 0.030242
0 0.705034 0.8947 0.0287815 0.0279053
0 0.225543 0.675449 0.256773 0.256115
0 0.37262 0.0475255 0.0537376 0.0488582
0 0.751752 0.535629 0.0333492 0.0322544
0 0.0124106 0.952942 0.0248211 0.0361778
0 0.608106 0.430547 0.0325068 0.0314878
0 0.425061 0.706649 0.0299665 0.0290941
