0 0.381823 0.918811 0.0661887 0.064743
0 0.308923 0.0739609 0.0346765 0.0329571
0 0.0495975 0.422349 0.0428292 0.0409192
0 0.346687 0.236295 0.0537972 0.052508
0 0.377235 0.511431 0.0366448 0.0361279
0 0.664329 0.840073 0.0300192 0.0298603
0 0.801207 0.21281 0.0304083 0.0295519
0 0.933522 0.288031 0.0298265 0.0293013
0 0.925527 0.628982 0.0269547 0.0275846
0 0.248424 0.980571 0.0490955 0.0388574
0 0.667162 0.749911 0.027236 0.0262604
0 0.364806 0.264089 0.0275438 0.0285194
0 0.0401289 0.173469 0.026012 0.0263262
0 0.304951 0.294029 0.0244555 0.0240405
0 0.267474 0.783773 0.030182 0.0313297
0 0.349693 0.256286 0.0526087 0.0503391
0 0.493985 0.93131 0.0252055 0.0249903
0 0.121091 0.570262 0.0243706 0.023694
0 0.275162 0.612599 0.0484864 0.0472943
0 0.850295 0.922359 0.0241821 0.0242559
0 0.606432 0.589137 0.0254977 0.0252619
0 0.57987 0.265727 0.0233932 0.0225858
