0 0.227799 0.434246 0.190666 0.151574
0 0.761547 0.705778 0.0494551 0.0374359
0 0.870835 0.638998 0.0737347 0.0525486
0 0.787793 0.629413 0.0648497 0.048386
0 0.937878 0.58864 0.124245 0.131801
0 0.381469 0.795794 0.0583792 0.0408985
0 0.0913755 0.810205 0.0965272 0.0704429
0 0.256479 0.756503 0.0818163 0.0582081
0 0.835658 0.162595 0.178909 0.135045
0 0.912502 0.305527 0.036665 0.0275858
0 0.389058 0.93843 0.0414346 0.0287556
0 0.821627 0.542367 0.0387772 0.030092
0 0.849053 0.46241 0.0524345 0.0384779
0 0.467121 0.0588287 0.0419332 0.0321724
0 0.467522 0.957829 0.0709509 0.0512295
0 0.418066 0.170057 0.0817732 0.0649243
0 0.772995 0.248076 0.0478294 0.0337376
0 0.644411 0.347396 0.0848675 0.0608141
0 0.336129 0.493563 0.042723 0.0336063
0 0.942968 0.422598 0.114065 0.181714
0 0.639006 0.413985 0.0432156 0.0283854
0 0.109632 0.947696 0.119611 0.0891888
0 0.906477 0.931073 0.0493019 0.0353077
0 0.105202 0.477627 0.0355861 0.0244907
0 0.434363 0.240225 0.0966562 0.0699257
0 0.884308 0.132383 0.0814098 0.0614893
0 0.192991 0.80589 0.0401976 0.0281923
0 0.667571 0.0825023 0.0402788 0.0294795
0 0.789016 0.307973 0.0343337 0.0239251
0 0.174225 0.00940441 0.0313962 0.0185095
0 0.0356647 0.436176 0.0713294 0.0877767
0 0.385071 0.180558 0.144045 0.102272
0 0.520002 0.213823 0.0977077 0.0802783
0 0.496539 0.653781 0.0479694 0.0366914
0 0.585136 0.871803 0.0421623 0.0299213
0 0.417692 0.726873 0.0390356 0.0290579
0 0.40416 0.829226 0.0520196 0.0382996
