0 0.286614 0.683345 0.0669577 0.064213
0 0.907253 0.389694 0.0372211 0.0361197
0 0.448681 0.488946 0.0360205 0.0347733
0 0.0545158 0.0742807 0.0977948 0.0918486
0 0.633417 0.733507 0.0382734 0.0380722
0 0.131842 0.237714 0.0313645 0.0306519
0 0.630918 0.697671 0.0406719 0.0391365
0 0.0162368 0.473218 0.0324736 0.0349907
0 0.480606 0.664953 0.0292247 0.0284182
0 0.0993975 0.393237 0.0423081 0.0414204
0 0.150746 0.419887 0.0297534 0.0281232
0 0.919842 0.888458 0.0313473 0.0305811
0 0.540146 0.814174 0.0362855 0.0347141
0 0.361016 0.560924 0.0256536 0.0246408
0 0.834023 0.962741 0.0294292 0.0282021
0 0.520138 0.452575 0.0261431 0.0243717
0 0.26453 0.879547 0.297897 0.24039
0 0.0648478 0.418098 0.045355 0.0445147
0 0.545147 0.772033 0.0262611 0.0256594
0 0.191213 0.481244 0.0254179 0.0248886
0 0.847221 0.180292 0.0277542 0.0261185
0 0.58645 0.482136 0.0304484 0.0302952
0 0.606615 0.897155 0.0261209 0.0262016
0 0.992418 0.918949 0.0151644 0.0322735
0 0.438606 0.0971226 0.0241063 0.0241019
0 0.212034 0.775776 0.027932 0.0278242
0 0.0689771 0.92954 0.137954 0.140919
0 0.0941377 0.635955 0.186798 0.205671
0 0.309012 0.603338 0.0273171 0.0278517
0 0.0239411 0.441239 0.0276115 0.0275328
