0 0.270129 0.350098 0.138274 0.123694
0 0.187135 0.784492 0.336572 0.306191
0 0.830742 0.193054 0.152275 0.133583
0 0.540812 0.0389445 0.132275 0.0778889
0 0.460999 0.923695 0.0544334 0.0450476
0 0.702655 0.497942 0.122938 0.113679
0 0.154211 0.21488 0.0341003 0.0295804
0 0.682091 0.637585 0.0440395 0.0387026
0 0.603221 0.895129 0.0303983 0.0276978
0 0.073912 0.648355 0.0363041 0.0335072
0 0.195845 0.468071 0.0330537 0.0307396
0 0.467948 0.597042 0.0291357 0.0274275
0 0.619304 0.0294325 0.0289282 0.0259943
0 0.174175 0.329417 0.0277567 0.0256319
0 0.913862 0.0405529 0.0363482 0.0316317
0 0.657344 0.105586 0.0330552 0.0306944
0 0.589463 0.198717 0.0364075 0.0314338
0 0.0376661 0.115317 0.0305518 0.0278437
0 0.375711 0.360726 0.0827065 0.0708579
0 0.0295721 0.344808 0.0260552 0.024994
0 0.096991 0.953151 0.193027 0.0935852
0 0.431429 0.145998 0.0330971 0.0293293
0 0.254163 0.957264 0.138673 0.0850153
0 0.344677 0.293818 0.0526908 0.0473509
0 0.940444 0.179762 0.119112 0.119033
0 0.743692 0.313195 0.0282604 0.0256345
0 0.140819 0.0737948 0.037324 0.034755
0 0.516567 0.166989 0.0325569 0.0287944
0 0.684971 0.504873 0.0278719 0.0251866
0 0.178334 0.449232 0.0654937 0.0598871
0 0.642907 0.712313 0.0293415 0.0258064
0 0.0530199 0.370319 0.0551691 0.0500387
0 0.536663 0.138304 0.0274893 0.0234186
0 0.401361 0.133594 0.0274442 0.0242286
0 0.477483 0.718048 0.0266016 0.0246009
0 0.923102 0.46119 0.0695007 0.0555836
0 0.769508 0.78033 0.0303574 0.0273781
0 0.608977 0.403075 0.0487632 0.0402148
0 0.0678351 0.569291 0.114129 0.103324
0 0.785153 0.553269 0.0748812 0.0660796
0 0.468485 0.29979 0.139533 0.12871
0 0.033714 0.315782 0.0260066 0.0253101
0 0.282343 0.226265 0.0755888 0.0635747
0 0.441074 0.111661 0.0284278 0.0266811
0 0.981398 0.0727487 0.0296556 0.0259668
0 0.140873 0.555295 0.0506232 0.0437493
0 0.958211 0.713817 0.0265835 0.0242132
0 0.614177 0.437143 0.0371603 0.0307952
0 0.5546 0.90101 0.0268805 0.0249496
0 0.381184 0.559265 0.0278415 0.0270107
0 0.0344378 0.687435 0.0272615 0.0226667
0 0.191092 0.459487 0.0429816 0.0459095
0 0.982657 0.765873 0.034478 0.0642968
0 0.202599 0.394871 0.0246643 0.0222436
