0 0.561951 0.577042 0.0653839 0.0632407
0 0.241544 0.208686 0.0784802 0.0764987
0 0.426271 0.806546 0.0417482 0.0395491
0 0.217889 0.269823 0.0528715 0.0497805
0 0.628438 0.161841 0.0348085 0.0327486
0 0.182271 0.300836 0.0396507 0.0386215
0 0.328116 0.270924 0.0347235 0.0323955
0 0.14651 0.147171 0.0728327 0.0693764
0 0.47304 0.335891 0.030631 0.029682
0 0.176486 0.555574 0.0377023 0.0361521
0 0.410252 0.912211 0.0318508 0.031078
0 0.469099 0.189519 0.0347179 0.0321917
0 0.570312 0.714979 0.0377162 0.0357521
0 0.625463 0.311798 0.0318748 0.0307015
0 0.219045 0.416309 0.0314994 0.0290687
0 0.16622 0.674808 0.0309605 0.0290968
0 0.0388752 0.346424 0.0327821 0.031457
0 0.142667 0.466127 0.0348927 0.0338067
0 0.213898 0.350703 0.0306239 0.0295508
0 0.950046 0.794104 0.0259693 0.0250947
0 0.610448 0.297065 0.0322671 0.0313958
0 0.0948932 0.216648 0.0279586 0.028065
0 0.343441 0.634866 0.0297833 0.0266633
0 0.606862 0.710217 0.0396771 0.0386086
0 0.666827 0.934878 0.0299776 0.0287827
0 0.763521 0.130739 0.0248857 0.0235276
0 0.766927 0.0965689 0.310769 0.193018
0 0.896913 0.854972 0.0248747 0.0248196
0 0.940525 0.498971 0.0331627 0.0300677
0 0.948609 0.496122 0.0278332 0.0259838
