0 0.172549 0.296801 0.338491 0.265227
0 0.22043 0.653773 0.0710818 0.0517257
0 0.0228933 0.631963 0.0457866 0.0424936
0 0.0521316 0.732624 0.0547133 0.0410309
0 0.199617 0.855671 0.061704 0.0508423
0 0.777739 0.664026 0.0806019 0.0673985
0 0.0685688 0.54373 0.0384026 0.0297968
0 0.159249 0.894873 0.0379438 0.03064
0 0.571837 0.428654 0.324582 0.259085
0 0.649198 0.522866 0.122416 0.0939901
0 0.347292 0.967093 0.0473577 0.0389812
0 0.739978 0.520178 0.0546556 0.0418598
0 0.599616 0.81148 0.162392 0.133116
0 0.874201 0.704602 0.0320648 0.0251249
0 0.658439 0.205712 0.0299223 0.0233275
0 0.849362 0.638482 0.0784771 0.0589267
0 0.669124 0.612966 0.0356882 0.0275473
0 0.0509605 0.590001 0.0350065 0.0277685
0 0.262075 0.065475 0.307489 0.13095
0 0.250803 0.587507 0.0670879 0.0520742
0 0.144193 0.939355 0.0402073 0.0328987
0 0.974317 0.686302 0.0512318 0.0635448
0 0.607059 0.615232 0.0724277 0.0579647
0 0.427861 0.642265 0.069746 0.056472
0 0.976789 0.560567 0.0293594 0.0248486
0 0.489715 0.921137 0.0408434 0.0345383
0 0.7213 0.187259 0.548614 0.353799
0 0.409901 0.940358 0.0298744 0.0250736
0 0.300173 0.522019 0.0980154 0.0771485
0 0.569523 0.457588 0.0753549 0.0595106
0 0.505363 0.631687 0.0583595 0.0463915
0 0.444255 0.539777 0.0727783 0.057984
0 0.0667483 0.0454657 0.133497 0.0907206
