0 0.579925 0.15721 0.0952405 0.0904849
0 0.606262 0.86546 0.0528006 0.050214
0 0.127562 0.822187 0.091152 0.0858582
0 0.518106 0.459652 0.0676773 0.0618869
0 0.768123 0.632929 0.0609741 0.0606096
0 0.219535 0.921182 0.0731208 0.070171
0 0.50206 0.947646 0.0451231 0.0430347
0 0.298941 0.583814 0.0565106 0.0547277
0 0.385294 0.775936 0.0461915 0.042515
0 0.652191 0.247684 0.0497347 0.0460499
0 0.970004 0.476668 0.057143 0.0577572
0 0.153563 0.275803 0.050616 0.0466884
0 0.614605 0.205543 0.0368051 0.0347106
0 0.0193959 0.0577698 0.0387919 0.0422876
0 0.439575 0.676783 0.0504591 0.0474104
0 0.789323 0.692079 0.0410721 0.0392694
0 0.797069 0.901501 0.0349026 0.0329742
0 0.414765 0.740556 0.0414411 0.0377966
0 0.857521 0.471548 0.27476 0.25957
0 0.235607 0.979254 0.0695144 0.0414916
0 0.0287316 0.0131757 0.0574444 0.0263515
0 0.441188 0.520479 0.0587317 0.0528472
0 0.286867 0.916739 0.0440879 0.0417568
0 0.460162 0.450109 0.109779 0.0996046
0 0.548758 0.528791 0.049133 0.0464922
0 0.629881 0.432465 0.0331154 0.0309078
0 0.835053 0.8054 0.0413307 0.0405664
0 0.927907 0.815074 0.0379704 0.0368003
0 0.586287 0.272348 0.0349776 0.0344693
0 0.87944 0.846877 0.0320967 0.0309982
0 0.554903 0.936554 0.037968 0.0366573
0 0.204396 0.634408 0.0366563 0.0334036
0 0.67343 0.744449 0.0537193 0.051248
0 0.0710199 0.439387 0.0300889 0.0285728
0 0.683154 0.715713 0.0503447 0.0451858
0 0.049359 0.117277 0.0435316 0.0406007
0 0.328344 0.909137 0.0399457 0.0379253
0 0.0438079 0.197159 0.0518754 0.0475109
0 0.376589 0.0310689 0.0317452 0.0295583
0 0.609341 0.587592 0.0479061 0.044766
0 0.946633 0.22515 0.052565 0.0506
0 0.305143 0.972611 0.083567 0.0546194
0 0.603507 0.800842 0.0416683 0.0384138
0 0.982714 0.919408 0.0324631 0.0309101
0 0.111288 0.901775 0.0431677 0.0405247
0 0.578194 0.0406931 0.0584514 0.0574495
0 0.339829 0.824224 0.0830365 0.075597
0 0.808236 0.736756 0.0429636 0.0415551
0 0.9518 0.42275 0.0435692 0.0413958
0 0.181782 0.00971457 0.051039 0.0194291
0 0.57015 0.554441 0.0419869 0.0414402
0 0.756821 0.584615 0.0584631 0.053761
0 0.535079 0.724374 0.0479497 0.045516
0 0.941481 0.584566 0.0429302 0.0408824
0 0.795252 0.800826 0.039546 0.0371073
0 0.368938 0.986777 0.0324621 0.0255238
0 0.882453 0.647771 0.0362558 0.0337192
0 0.502489 0.516409 0.0470297 0.0423693
0 0.728352 0.458525 0.0617837 0.0575649
0 0.653016 0.33921 0.0495693 0.0453813
0 0.792528 0.839415 0.0675211 0.0643869
0 0.941 0.34669 0.0439783 0.0412271
0 0.646323 0.186155 0.0327337 0.0302751
0 0.443263 0.311974 0.0304541 0.0271839
0 0.564521 0.40297 0.0448769 0.0417877
0 0.889051 0.886751 0.0417969 0.0400612
0 0.626077 0.529977 0.0545377 0.0482903
0 0.229503 0.772777 0.0457637 0.0441895
0 0.959116 0.574552 0.081341 0.104363
0 0.850553 0.53225 0.0421299 0.0428267
0 0.688281 0.878012 0.0490303 0.0474918
0 0.984897 0.784635 0.0302061 0.0419762
0 0.305334 0.112847 0.0628494 0.0571091
0 0.494653 0.248087 0.0297591 0.0277925
0 0.323187 0.742563 0.0356119 0.0344635
0 0.673799 0.110987 0.0353425 0.0327336
0 0.74704 0.18835 0.0389229 0.0376086
0 0.261942 0.797069 0.0409624 0.040465
0 0.622754 0.835292 0.0402777 0.0390194
0 0.645806 0.131218 0.028827 0.0287048
0 0.477998 0.116308 0.0739574 0.065394
0 0.886394 0.753835 0.0363937 0.0358208
0 0.740122 0.911303 0.0708054 0.0688187
0 0.811729 0.544144 0.0347457 0.0327438
0 0.83606 0.219894 0.0455652 0.0418798
0 0.700824 0.0429798 0.0282091 0.0270957
0 0.986197 0.382849 0.0276066 0.0317859
0 0.290369 0.0693009 0.0320106 0.0296577
0 0.526419 0.388124 0.0360735 0.0338013
0 0.367624 0.903589 0.0410929 0.0365843
0 0.5526 0.236927 0.0306709 0.0292794
0 0.743099 0.0729019 0.028613 0.0262224
0 0.584794 0.474186 0.0478938 0.0433184
0 0.94121 0.706651 0.0483566 0.0469121
0 0.112277 0.591304 0.029714 0.0284355
0 0.307681 0.81266 0.0449854 0.0451157
0 0.117287 0.36322 0.234573 0.283267
0 0.502221 0.889706 0.0890917 0.0830383
0 0.680796 0.452366 0.0346336 0.0313702
0 0.130422 0.235614 0.0495814 0.0441261
0 0.620182 0.271549 0.0282862 0.0275554
0 0.395519 0.842376 0.0269072 0.026403
0 0.959149 0.25438 0.0360046 0.0341129
0 0.905948 0.933686 0.0582083 0.0558189
0 0.569833 0.897117 0.0483787 0.0454279
0 0.697453 0.818524 0.029817 0.0288109
0 0.395525 0.103785 0.0958518 0.0876623
0 0.446041 0.621701 0.0376051 0.0358318
0 0.7847 0.180211 0.0324799 0.0320825
0 0.969576 0.720266 0.0518349 0.0526126
0 0.630935 0.506396 0.0332845 0.0310099
0 0.190346 0.745978 0.0522293 0.0487022
0 0.161587 0.445673 0.0498003 0.0457769
0 0.103157 0.656649 0.0600808 0.0573919
0 0.693585 0.988697 0.0576927 0.0226051
0 0.442734 0.648531 0.037887 0.0366072
0 0.607948 0.969411 0.0606222 0.0600092
0 0.20335 0.8794 0.0402227 0.0377832
0 0.00498142 0.267496 0.00990011 0.0450809
0 0.928918 0.298667 0.0415236 0.0395032
0 0.165349 0.989598 0.05771 0.0205456
0 0.139016 0.203725 0.0763811 0.0721974
0 0.336144 0.424358 0.0285996 0.0272984
0 0.0224485 0.806793 0.0349503 0.0344109
0 0.0292417 0.0853709 0.0349165 0.0324094
0 0.593141 0.0122044 0.0457513 0.0244088
