0 0.937479 0.325703 0.0883083 0.0710651
0 0.736973 0.616489 0.0577675 0.0455068
0 0.333923 0.55722 0.0627538 0.0507763
0 0.918976 0.430537 0.0494509 0.0388354
0 0.145978 0.425097 0.0534425 0.0394896
0 0.634552 0.201057 0.084787 0.0672453
0 0.356567 0.476689 0.0383224 0.0305894
0 0.461939 0.318373 0.0495762 0.0365512
0 0.863038 0.653372 0.0314835 0.0261881
0 0.35204 0.389318 0.0381772 0.0288155
0 0.277494 0.878832 0.0363925 0.0308441
0 0.0951246 0.618382 0.0345855 0.0280527
0 0.838865 0.20772 0.0345711 0.0276156
0 0.689625 0.270841 0.0373725 0.0298732
0 0.427164 0.094262 0.0369484 0.0285922
0 0.866971 0.391409 0.0344368 0.0272527
0 0.936418 0.51446 0.0343365 0.0241041
0 0.62406 0.242235 0.0679568 0.0502606
0 0.90152 0.0332979 0.031654 0.0257071
0 0.988097 0.524604 0.0238067 0.0257919
0 0.0869127 0.209183 0.0344088 0.0266994
0 0.266607 0.12025 0.0309206 0.0252317
0 0.718872 0.945295 0.0307129 0.0270855
