0 0.293717 0.419046 0.0412499 0.0405648
0 0.462531 0.623417 0.0461731 0.044369
0 0.91028 0.656425 0.17944 0.319688
0 0.05555 0.0119768 0.0379478 0.023651
0 0.69128 0.27391 0.0335823 0.0321585
0 0.34349 0.70365 0.0295064 0.0272303
0 0.936642 0.0853371 0.0412651 0.0391917
0 0.0581211 0.255995 0.0326984 0.0320394
0 0.903321 0.270568 0.0472761 0.0457303
0 0.726646 0.140297 0.0831989 0.0750949
0 0.358297 0.0784692 0.0378223 0.0358405
0 0.872248 0.277426 0.25512 0.349746
0 0.750075 0.825229 0.0288013 0.0281511
0 0.328516 0.678764 0.0288645 0.0273924
0 0.637375 0.764871 0.0333574 0.032213
0 0.4139 0.137026 0.0361661 0.035904
0 0.625753 0.783792 0.0249325 0.024596
0 0.611552 0.957161 0.0289581 0.0272579
0 0.832559 0.154145 0.110016 0.100497
0 0.00749477 0.920152 0.0149675 0.0324089
0 0.265472 0.849645 0.0264173 0.0259312
