0 0.166115 0.220125 0.0418826 0.0370561
0 0.716255 0.709171 0.0353312 0.0277559
0 0.345954 0.373131 0.493078 0.392771
0 0.247443 0.10519 0.0333449 0.0288659
0 0.365326 0.304601 0.038377 0.0343572
0 0.928684 0.32422 0.134207 0.112811
0 0.0788533 0.587194 0.0593812 0.0480526
0 0.66523 0.28761 0.0359968 0.0314326
0 0.0346555 0.458427 0.0393893 0.0327374
0 0.0156544 0.654577 0.0311888 0.032375
0 0.23564 0.0674173 0.0414418 0.0339045
0 0.530322 0.26543 0.0323597 0.0293797
0 0.0633218 0.305217 0.0837173 0.0723857
0 0.243347 0.116583 0.388169 0.233167
0 0.70491 0.233295 0.129953 0.113844
