0 0.2521 0.67945 0.105361 0.102295
0 0.649274 0.445281 0.052413 0.0509976
0 0.30386 0.378865 0.0589098 0.0550761
0 0.642618 0.713906 0.0324923 0.0309868
0 0.119441 0.239517 0.0381725 0.0360875
0 0.706778 0.458654 0.0473262 0.0464603
0 0.80085 0.336724 0.0329535 0.0317648
0 0.0470827 0.811217 0.0941111 0.196994
0 0.317063 0.325716 0.0498538 0.0472215
0 0.368253 0.251036 0.0351254 0.032737
0 0.581235 0.658031 0.027482 0.0265522
0 0.417712 0.524093 0.0934876 0.0929523
0 0.112153 0.306489 0.0282411 0.027039
0 0.90577 0.518262 0.0293098 0.0288393
0 0.35711 0.186689 0.0301715 0.0284
0 0.292824 0.85031 0.494092 0.299381
0 0.713723 0.962876 0.0687456 0.0668251
0 0.320282 0.185522 0.027045 0.0260449
0 0.926846 0.931772 0.146308 0.136456
0 0.796158 0.865609 0.0249525 0.0244377
