0 0.647453 0.0533339 0.075967 0.069452
0 0.512396 0.128837 0.0747639 0.0706814
0 0.0906176 0.316441 0.0931474 0.0871661
0 0.15192 0.181843 0.0467014 0.0424249
0 0.731346 0.748901 0.0770781 0.0727603
0 0.451681 0.237664 0.079498 0.0745757
0 0.309222 0.965133 0.0394178 0.0383419
0 0.619319 0.223501 0.0377117 0.0351301
0 0.706791 0.199733 0.0335148 0.03041
0 0.320776 0.341919 0.0488784 0.0459267
0 0.239916 0.380864 0.047164 0.0447992
0 0.288202 0.029499 0.0570615 0.0524979
0 0.58366 0.589658 0.0690023 0.0637566
0 0.855174 0.588668 0.0679764 0.0664036
0 0.384329 0.0221711 0.0781879 0.044323
0 0.0189422 0.461499 0.0375432 0.0363381
0 0.420881 0.0546449 0.0413031 0.0384007
0 0.311713 0.865674 0.0326982 0.0326248
0 0.571904 0.957966 0.0480403 0.0437828
0 0.970509 0.525395 0.05758 0.0600735
0 0.260928 0.912034 0.0388695 0.0383804
0 0.394327 0.37039 0.043352 0.0387734
0 0.795005 0.649076 0.0546221 0.0514791
0 0.226507 0.357812 0.0854832 0.081841
0 0.451147 0.0226771 0.0652533 0.0453542
0 0.50222 0.393372 0.0857257 0.0783416
0 0.183037 0.93182 0.0280192 0.0277191
0 0.900509 0.541565 0.0347815 0.0325347
0 0.330221 0.222316 0.0655634 0.0567853
0 0.858104 0.530007 0.0352161 0.0324471
0 0.721375 0.939186 0.0325853 0.0306381
0 0.734341 0.907491 0.0566662 0.0510277
0 0.144014 0.0458576 0.0347064 0.0328156
0 0.179934 0.738313 0.0355998 0.0344038
0 0.887602 0.225757 0.031073 0.0282046
0 0.216978 0.274695 0.0367662 0.0328435
0 0.152691 0.716974 0.0318344 0.0315609
0 0.785956 0.72599 0.0671792 0.0660728
0 0.619937 0.109757 0.0270378 0.0251769
0 0.231672 0.689254 0.0308082 0.0293004
0 0.495355 0.316825 0.0471052 0.0426614
0 0.482354 0.174949 0.0346953 0.0317607
0 0.89074 0.972614 0.0519609 0.0457291
0 0.0562016 0.748849 0.0275085 0.0257483
0 0.0527414 0.719561 0.0317632 0.0315838
0 0.266404 0.0720307 0.0358404 0.0317615
0 0.881287 0.796936 0.0562099 0.0514771
0 0.0336006 0.181574 0.0335204 0.0323392
0 0.504436 0.448726 0.0402089 0.0355457
0 0.257707 0.68036 0.0336116 0.0336052
0 0.387701 0.934039 0.0275553 0.0278524
0 0.078351 0.0107993 0.0427062 0.0215986
0 0.0604789 0.359508 0.0333173 0.0316927
0 0.51926 0.218225 0.034799 0.032972
0 0.95376 0.777189 0.0924807 0.10546
0 0.791701 0.824739 0.0537561 0.0489769
0 0.985696 0.203485 0.0286088 0.0311592
0 0.456778 0.78473 0.0292623 0.027023
0 0.526832 0.825431 0.0571211 0.0553333
0 0.742329 0.498528 0.0394561 0.0360809
0 0.528101 0.603876 0.050732 0.0460514
0 0.464095 0.342407 0.0447781 0.0409533
0 0.565472 0.224426 0.059798 0.0546301
0 0.137537 0.441736 0.0279882 0.0257801
0 0.770989 0.950985 0.0568584 0.0511215
0 0.740173 0.681321 0.0598089 0.0575607
0 0.848199 0.363617 0.0405758 0.0391546
0 0.373112 0.298442 0.0403675 0.0381704
0 0.824226 0.962052 0.0319452 0.0294731
0 0.758711 0.988162 0.0507842 0.0235863
0 0.782811 0.882606 0.0310868 0.0286303
0 0.137828 0.864172 0.0326839 0.0313709
0 0.960547 0.278107 0.0423891 0.0388029
0 0.88564 0.831689 0.0360716 0.0329716
0 0.755147 0.550396 0.0272102 0.0258987
0 0.455332 0.362877 0.0335672 0.0293589
0 0.11217 0.84089 0.037177 0.0363567
0 0.0892884 0.789397 0.0245582 0.0243124
0 0.833857 0.720425 0.0349411 0.0337185
0 0.808242 0.389891 0.283432 0.284728
0 0.181697 0.3393 0.0333965 0.0313806
0 0.673548 0.443767 0.0535082 0.0494501
0 0.490092 0.065235 0.0905884 0.0824248
0 0.213654 0.717153 0.0240096 0.0235741
0 0.163373 0.535133 0.0530741 0.0484686
0 0.682725 0.361136 0.0370839 0.0342834
0 0.211116 0.776738 0.0305493 0.0296941
