0 0.148513 0.661983 0.236763 0.209761
0 0.841896 0.0909623 0.0894106 0.0776889
0 0.326579 0.281749 0.176899 0.164173
0 0.565895 0.508333 0.177353 0.157107
0 0.467171 0.267633 0.0589634 0.0558384
0 0.589711 0.426887 0.178978 0.15673
0 0.297351 0.543429 0.187308 0.163681
0 0.712037 0.645783 0.0525193 0.047018
0 0.726327 0.20683 0.0588571 0.0532585
0 0.593733 0.826626 0.0914812 0.0805943
0 0.228229 0.0372065 0.0990094 0.0744131
0 0.646059 0.279226 0.0393946 0.0367409
0 0.0602632 0.454434 0.0481425 0.042513
0 0.756776 0.756073 0.0589789 0.0511281
0 0.0782108 0.915611 0.156422 0.168778
0 0.909008 0.955324 0.0520096 0.0445812
0 0.781013 0.506663 0.0326204 0.0284493
0 0.773178 0.156467 0.0836056 0.0720176
0 0.796768 0.605051 0.0471874 0.0420588
0 0.681823 0.0259843 0.137659 0.0519686
0 0.122087 0.858491 0.0344946 0.030402
0 0.584854 0.115765 0.0723729 0.0672941
0 0.69878 0.614255 0.0393898 0.0356115
0 0.397619 0.59165 0.0638449 0.0604492
0 0.863945 0.271292 0.0658302 0.0587911
0 0.161758 0.2338 0.125043 0.114785
0 0.857935 0.486115 0.0298382 0.0282817
0 0.216651 0.385059 0.0459619 0.0415635
0 0.857162 0.740349 0.0348591 0.0312546
0 0.597428 0.221085 0.0343153 0.0322654
0 0.975273 0.740684 0.0494545 0.0539092
0 0.248168 0.781976 0.0304105 0.0277072
0 0.890065 0.690486 0.101202 0.0920284
0 0.124647 0.42242 0.0380341 0.0338493
0 0.149657 0.654409 0.0273966 0.0252228
0 0.770657 0.369899 0.042313 0.0395483
0 0.979392 0.806441 0.0389664 0.037809
0 0.450342 0.76675 0.0296503 0.0253721
0 0.310715 0.150149 0.0462787 0.0425601
0 0.772103 0.0909198 0.0355436 0.0322043
0 0.871522 0.910532 0.0465296 0.0397717
0 0.656181 0.961939 0.0501873 0.0428333
0 0.867473 0.0321196 0.246339 0.0634878
0 0.731646 0.357929 0.0312155 0.0283808
0 0.127512 0.114049 0.0343399 0.0312253
0 0.699346 0.116708 0.0333057 0.0304519
0 0.284977 0.623449 0.0620695 0.0559717
0 0.676095 0.381859 0.0730299 0.0679057
0 0.743806 0.0343793 0.0419271 0.036895
0 0.518096 0.166766 0.0290103 0.0261615
