0 0.937995 0.0418429 0.0545284 0.052224
0 0.141526 0.86309 0.0474897 0.0453373
0 0.495329 0.494974 0.0460402 0.0437069
0 0.602566 0.523569 0.037741 0.0349059
0 0.539997 0.59913 0.0334717 0.0316603
0 0.302418 0.690031 0.0339507 0.0332583
0 0.0788015 0.700503 0.0413891 0.0400036
0 0.299461 0.346079 0.0300014 0.0285522
0 0.0453887 0.126694 0.0336958 0.0318383
0 0.604083 0.688288 0.0325817 0.0296938
0 0.442664 0.10533 0.0331737 0.0310943
0 0.109261 0.492279 0.031761 0.0298153
0 0.0997215 0.60796 0.0361466 0.034518
0 0.0262729 0.169889 0.0320537 0.0304351
0 0.527592 0.958661 0.0440695 0.042495
0 0.761459 0.356112 0.0328798 0.031333
0 0.582041 0.214412 0.0312756 0.0297314
0 0.401819 0.940253 0.0360756 0.0347923
0 0.288737 0.938775 0.0309504 0.0291521
0 0.495838 0.965751 0.0472913 0.0457245
0 0.805016 0.86732 0.0626816 0.0552086
0 0.853419 0.169224 0.0270996 0.0268712
0 0.990949 0.231796 0.017989 0.0322149
0 0.0415548 0.520076 0.0291174 0.0278955
0 0.525068 0.187191 0.0289618 0.027761
0 0.216755 0.648749 0.0292491 0.0274998
0 0.15941 0.457629 0.0274007 0.0256012
0 0.240703 0.732183 0.0405698 0.0373357
0 0.0486987 0.674775 0.0409065 0.0393122
0 0.325564 0.71584 0.0263882 0.0262668
0 0.818521 0.0232358 0.0335358 0.0313249
0 0.646589 0.332396 0.0268827 0.025592
0 0.969963 0.238217 0.02964 0.0280779
0 0.32313 0.335427 0.0277159 0.0261703
0 0.474877 0.0469722 0.0341096 0.032017
0 0.528044 0.776714 0.0255499 0.0243885
0 0.124965 0.196058 0.026819 0.0257037
0 0.212451 0.762815 0.028438 0.0276297
0 0.0985547 0.0239223 0.0361402 0.0340848
0 0.983744 0.201617 0.0290413 0.0278855
