0 0.841648 0.963176 0.0938126 0.0736477
0 0.802571 0.659672 0.0470686 0.044588
0 0.941838 0.322279 0.0410616 0.0383205
0 0.490275 0.13007 0.0372353 0.0364846
0 0.105837 0.657935 0.0365369 0.0338697
0 0.0611659 0.0615382 0.0745403 0.0706617
0 0.251567 0.621858 0.0369089 0.0356697
0 0.948737 0.0477346 0.0356405 0.0340547
0 0.188537 0.0200523 0.0834281 0.039913
0 0.0188567 0.0256785 0.0344699 0.0324394
0 0.15644 0.269014 0.0415763 0.0382143
0 0.163816 0.905526 0.327632 0.188837
0 0.308724 0.16332 0.0699663 0.0668807
0 0.821028 0.453984 0.0356647 0.0351021
0 0.0573754 0.197119 0.114751 0.189925
0 0.301823 0.290031 0.0313978 0.0294987
0 0.535436 0.26652 0.0286556 0.0274904
0 0.656972 0.828098 0.0512028 0.0470764
0 0.79528 0.410515 0.033228 0.0307417
0 0.91056 0.196292 0.0942486 0.0888999
0 0.457828 0.0121919 0.0792583 0.0243838
0 0.166415 0.408667 0.144336 0.133049
0 0.334195 0.438992 0.0418053 0.040803
