0 0.517231 0.802433 0.0570969 0.056555
0 0.89953 0.115861 0.0340103 0.0327909
0 0.958259 0.665713 0.0396805 0.0388313
0 0.677343 0.484713 0.0427439 0.0421524
0 0.177071 0.31924 0.056162 0.0561605
0 0.518023 0.882104 0.0297737 0.0282101
0 0.622587 0.744305 0.0282665 0.027473
0 0.86409 0.202095 0.0303288 0.0283383
0 0.481013 0.303923 0.036409 0.0345783
0 0.9712 0.264705 0.0298998 0.0281747
0 0.038325 0.333212 0.0299454 0.0291917
0 0.61568 0.335436 0.115286 0.115201
0 0.501536 0.410034 0.0512457 0.0517838
0 0.61859 0.0261062 0.0640387 0.0520945
0 0.671114 0.21576 0.0606159 0.0573839
0 0.458028 0.0869467 0.0654453 0.0654064
0 0.734757 0.482864 0.0402305 0.039709
0 0.669025 0.403974 0.031784 0.0317434
0 0.750628 0.159425 0.0315521 0.0295734
0 0.86883 0.911976 0.0347548 0.0328785
0 0.0202249 0.210951 0.0404498 0.0576406
0 0.715101 0.557767 0.0360988 0.0348454
