0 0.448743 0.197903 0.080225 0.0619191
0 0.565739 0.919018 0.0467854 0.0361511
0 0.159618 0.977033 0.0533067 0.0448128
0 0.347511 0.610521 0.037869 0.0313663
0 0.877483 0.108428 0.0423416 0.0325917
0 0.799475 0.0361134 0.039439 0.0301303
0 0.246889 0.218939 0.0324754 0.0258825
0 0.954761 0.300259 0.0370628 0.0287029
0 0.48753 0.00922334 0.0466513 0.0184467
0 0.395415 0.0719099 0.0343534 0.0271735
0 0.494333 0.284272 0.0599772 0.0484827
0 0.45652 0.259309 0.034434 0.0250012
0 0.286643 0.44919 0.0339941 0.0258313
0 0.785546 0.00993352 0.0310194 0.019867
0 0.890127 0.299392 0.0520683 0.0435308
