0 0.803409 0.831681 0.165355 0.163286
0 0.246786 0.752403 0.0734869 0.070751
0 0.349459 0.417369 0.0804145 0.0772613
0 0.822722 0.165118 0.271856 0.276313
0 0.331375 0.782478 0.0582422 0.0573372
0 0.583017 0.846728 0.180347 0.17615
0 0.061579 0.782898 0.0398413 0.0394405
0 0.304169 0.881431 0.0402734 0.0387966
0 0.191984 0.781752 0.0490583 0.0458145
0 0.603645 0.802837 0.0626286 0.0596752
0 0.349715 0.96348 0.0398886 0.0390421
0 0.88245 0.736525 0.0427731 0.0429245
0 0.194355 0.868342 0.0336114 0.0332609
0 0.362236 0.888763 0.0379317 0.0374821
0 0.506274 0.880732 0.0335798 0.0323746
0 0.634835 0.604142 0.0670984 0.0656043
0 0.129437 0.581965 0.0666435 0.0641418
0 0.131628 0.881479 0.0325399 0.0322208
0 0.720972 0.647793 0.0291683 0.028006
0 0.154981 0.485761 0.0315955 0.02994
0 0.848951 0.694236 0.0295708 0.0290586
0 0.443501 0.852634 0.032686 0.0327299
0 0.479486 0.732433 0.031432 0.0307123
0 0.42282 0.966255 0.0293899 0.0286514
0 0.767879 0.382628 0.22934 0.223398
0 0.817326 0.564694 0.03036 0.0299044
0 0.194595 0.746618 0.0326102 0.032357
0 0.313477 0.948214 0.0316959 0.0305613
0 0.776279 0.529771 0.0292963 0.0292208
0 0.245979 0.479575 0.0297129 0.029637
0 0.297299 0.0727514 0.0456179 0.0436548
0 0.286425 0.227504 0.133429 0.126811
0 0.216351 0.462164 0.0395389 0.0376919
0 0.51703 0.516293 0.0716631 0.068302
0 0.332874 0.849534 0.0351022 0.0337196
0 0.531446 0.402484 0.031628 0.0283676
0 0.586937 0.559507 0.0347212 0.033643
0 0.771157 0.932598 0.343595 0.134535
0 0.085973 0.821283 0.0283867 0.0280699
0 0.287715 0.556904 0.0286922 0.0286642
0 0.925146 0.435248 0.0275097 0.0273149
0 0.22914 0.417929 0.0506964 0.0506241
0 0.874844 0.30874 0.0256342 0.0248221
0 0.500658 0.945178 0.0271481 0.0268585
0 0.894298 0.435493 0.0277153 0.027612
0 0.353497 0.867258 0.0271031 0.0282021
0 0.960572 0.395002 0.0678137 0.0651368
0 0.283182 0.975251 0.0264379 0.0255217
0 0.394195 0.893552 0.0243343 0.0258907
0 0.38923 0.988291 0.0271055 0.0225079
0 0.600408 0.597331 0.0259184 0.0254548
