0 0.240403 0.401972 0.182495 0.17272
0 0.623679 0.121605 0.22026 0.198186
0 0.749481 0.567883 0.13554 0.12718
0 0.49246 0.577752 0.0755379 0.0701229
0 0.184566 0.639788 0.0843321 0.077446
0 0.0630266 0.688574 0.124058 0.112583
0 0.475718 0.497964 0.0566341 0.0534012
0 0.836681 0.230566 0.104329 0.0925944
0 0.965708 0.555723 0.0685833 0.0748135
0 0.960804 0.688135 0.0783919 0.102658
0 0.276208 0.828574 0.11795 0.108052
0 0.0657371 0.274923 0.0867491 0.0802973
0 0.88639 0.657327 0.0465664 0.041921
0 0.57957 0.589644 0.0523758 0.0498456
0 0.27748 0.263646 0.0851385 0.0799777
0 0.609852 0.507966 0.0509966 0.0490189
0 0.403428 0.328865 0.0564984 0.0522625
0 0.75349 0.700605 0.0423508 0.0397347
0 0.464424 0.53976 0.0334167 0.0323773
0 0.685155 0.210876 0.0534787 0.0504364
0 0.137352 0.860803 0.0824391 0.0758003
0 0.906385 0.0280404 0.0803936 0.0560808
0 0.862775 0.517887 0.0344631 0.0324421
0 0.709042 0.0490174 0.0590565 0.0512577
0 0.782632 0.489981 0.0428489 0.0389662
0 0.112772 0.316149 0.0366706 0.0351628
0 0.593538 0.239463 0.0389761 0.0363093
0 0.819262 0.599513 0.0357662 0.0336575
0 0.0195441 0.47928 0.0390161 0.09091
0 0.836798 0.481949 0.0571205 0.0545153
0 0.611906 0.66036 0.097225 0.0923434
0 0.629215 0.410506 0.0573698 0.0534976
0 0.426439 0.541956 0.0349401 0.0321705
0 0.850849 0.307372 0.0361824 0.0327823
0 0.740749 0.289688 0.04076 0.0385347
0 0.281864 0.923118 0.0846747 0.0722927
0 0.48813 0.204059 0.0326836 0.0305364
0 0.0630918 0.549665 0.0380801 0.0357008
0 0.113329 0.24146 0.0331199 0.0311784
0 0.747835 0.0197863 0.092413 0.0392706
0 0.254567 0.714692 0.091131 0.0809278
0 0.640264 0.780895 0.646006 0.43821
0 0.798371 0.117128 0.0405318 0.0358444
0 0.130125 0.759245 0.125937 0.109061
0 0.91057 0.064388 0.039658 0.034773
0 0.0666237 0.806148 0.0457069 0.0425982
0 0.0214944 0.340189 0.0282902 0.0262593
0 0.389451 0.552037 0.0411579 0.0370386
0 0.857731 0.0502644 0.0428028 0.0410639
0 0.0374149 0.766217 0.0494007 0.043478
0 0.641346 0.495721 0.0251809 0.0248425
0 0.379057 0.437 0.0651433 0.0593627
0 0.370593 0.376199 0.0281884 0.0254542
0 0.774765 0.0454442 0.0402195 0.0358093
0 0.354158 0.598754 0.0403811 0.0369333
0 0.201893 0.888296 0.0589569 0.0525728
0 0.386485 0.360547 0.0287928 0.0273322
0 0.506518 0.00804217 0.0337446 0.0160152
0 0.103548 0.625434 0.0419164 0.0379148
0 0.145793 0.679857 0.0345473 0.0315434
0 0.961969 0.038919 0.0395355 0.0370138
0 0.309931 0.0249377 0.0412416 0.0377475
0 0.0206577 0.940375 0.037221 0.035751
0 0.964558 0.0074644 0.0459896 0.0149288
0 0.723756 0.635768 0.114629 0.111291
0 0.382847 0.620372 0.0380026 0.0347509
0 0.589707 0.53776 0.0268657 0.024999
0 0.457119 0.246183 0.189544 0.181718
0 0.86073 0.787071 0.0451008 0.0430384
