0 0.401911 0.189514 0.0722139 0.0697519
0 0.190045 0.529043 0.0598136 0.0580803
0 0.655102 0.0182458 0.0634119 0.0360331
0 0.821247 0.951761 0.111319 0.0964775
0 0.969552 0.618945 0.0603666 0.064509
0 0.68549 0.246824 0.0459208 0.0438184
0 0.903963 0.894349 0.0426336 0.0409233
0 0.524609 0.931083 0.0372473 0.0360493
0 0.567703 0.13202 0.0352011 0.0343019
0 0.433188 0.389148 0.0455099 0.0436597
0 0.48047 0.977113 0.0531323 0.0452801
0 0.397241 0.473653 0.0448128 0.0439417
0 0.59026 0.546368 0.0726006 0.0659097
0 0.707955 0.131921 0.0323897 0.0315719
0 0.988218 0.0721061 0.0234219 0.037687
0 0.0372549 0.674684 0.0740273 0.110038
0 0.463588 0.826599 0.0366008 0.0343327
0 0.840164 0.244131 0.039459 0.0387902
0 0.289236 0.259351 0.029621 0.0291877
0 0.47167 0.438045 0.0777979 0.0730223
0 0.948121 0.512321 0.0419788 0.0403208
0 0.969715 0.243202 0.0533951 0.0504443
0 0.976067 0.474224 0.0317123 0.0310883
0 0.408764 0.821406 0.0379083 0.0356979
0 0.120594 0.442517 0.034412 0.0332422
0 0.708566 0.316919 0.0319377 0.0306584
0 0.504819 0.180731 0.0358126 0.032851
0 0.315984 0.372953 0.0276003 0.0267025
0 0.862284 0.887312 0.04111 0.0408104
0 0.321948 0.221808 0.0320434 0.0307806
0 0.954993 0.0219174 0.0306602 0.0276723
0 0.368883 0.427308 0.0467819 0.045348
0 0.886729 0.222051 0.050136 0.0476555
0 0.0761953 0.921937 0.0367707 0.0359526
0 0.528358 0.567807 0.0530901 0.0499348
0 0.741706 0.123007 0.0280458 0.0272034
0 0.850389 0.663876 0.117321 0.115411
0 0.930014 0.128531 0.0468842 0.0432854
0 0.0781202 0.79967 0.0450175 0.043878
0 0.924305 0.685734 0.0402185 0.0392153
0 0.792953 0.336597 0.0323872 0.0301014
0 0.330895 0.701475 0.0262686 0.0250696
0 0.650612 0.327892 0.0291914 0.0276781
0 0.373536 0.231172 0.0294886 0.0285718
0 0.653698 0.546123 0.0421105 0.0387668
0 0.572094 0.908791 0.0343851 0.0329222
0 0.880213 0.206927 0.0712582 0.0691535
0 0.981464 0.299462 0.0370716 0.0479424
0 0.414037 0.734443 0.0267185 0.0254261
0 0.901024 0.769107 0.0288723 0.0296436
0 0.892735 0.29879 0.034856 0.0327538
0 0.984382 0.498797 0.0312358 0.0317637
0 0.623754 0.228096 0.0317513 0.033592
0 0.639604 0.225232 0.0573629 0.0484674
