0 0.321735 0.530392 0.0912714 0.0873372
0 0.759974 0.16735 0.298889 0.280077
0 0.390704 0.449986 0.0600353 0.057123
0 0.57365 0.639954 0.0564637 0.0529267
0 0.606205 0.761646 0.0655072 0.0615504
0 0.0523279 0.337847 0.0380213 0.0368893
0 0.437601 0.504346 0.0534769 0.0512506
0 0.771846 0.557242 0.111506 0.107109
0 0.110989 0.53697 0.0526187 0.0490665
0 0.223075 0.871509 0.128675 0.126498
0 0.287699 0.159384 0.0688246 0.0680366
0 0.897015 0.745225 0.0315548 0.0302839
0 0.20938 0.636455 0.0483744 0.0469193
0 0.364909 0.676627 0.0391427 0.0375179
0 0.399838 0.171934 0.0424169 0.0397174
0 0.667986 0.420077 0.0312197 0.0290634
0 0.310353 0.197976 0.061624 0.0601332
0 0.0284132 0.883619 0.0333787 0.0321121
0 0.733027 0.370185 0.0648823 0.0588277
0 0.603834 0.374775 0.0284868 0.026668
0 0.224154 0.983646 0.0684529 0.0327084
0 0.423045 0.673484 0.032008 0.0305581
0 0.36581 0.357668 0.0279414 0.0265113
0 0.707225 0.4447 0.0297228 0.0283033
0 0.520592 0.800881 0.0393665 0.039013
0 0.25802 0.350996 0.0582212 0.0534851
0 0.978459 0.0360845 0.0356583 0.0322027
0 0.116121 0.722284 0.0982023 0.0943079
0 0.855896 0.0456297 0.0303501 0.0272912
0 0.291448 0.382575 0.0475247 0.0458649
0 0.32591 0.433865 0.0722488 0.0667904
0 0.484913 0.98572 0.0508353 0.0285608
0 0.403434 0.71238 0.0357273 0.0333735
0 0.00737113 0.904461 0.0147423 0.0373928
0 0.150627 0.777225 0.0596831 0.056053
0 0.283681 0.64349 0.0308626 0.0300461
0 0.422214 0.0412867 0.0459863 0.0433486
0 0.0217089 0.767521 0.0257539 0.0246542
0 0.313287 0.977833 0.0652885 0.0440899
0 0.276359 0.0140928 0.0895267 0.0281857
0 0.385174 0.766281 0.0573611 0.0534254
0 0.317904 0.0312664 0.0319655 0.0310437
0 0.252035 0.640673 0.0337938 0.0322512
0 0.313884 0.606209 0.0384589 0.0371571
0 0.179602 0.267839 0.0393966 0.0374323
0 0.279835 0.595606 0.0324123 0.0320438
0 0.427691 0.261273 0.0254877 0.0240797
0 0.531473 0.0517564 0.0375198 0.0353835
0 0.773775 0.70703 0.0327611 0.0321958
0 0.146142 0.13879 0.0286247 0.0282871
0 0.117939 0.0877731 0.0323021 0.0285961
0 0.0905506 0.117997 0.0291199 0.0286092
0 0.294913 0.719722 0.0440982 0.0414426
0 0.38753 0.53678 0.038776 0.0387117
0 0.0533381 0.0562251 0.105931 0.110978
0 0.977152 0.578188 0.023835 0.0230007
0 0.989886 0.836022 0.0201908 0.0317936
0 0.461026 0.411855 0.102619 0.0979375
0 0.325387 0.902265 0.0804027 0.0736816
0 0.547777 0.983136 0.0609525 0.033419
0 0.495328 0.0220898 0.0400624 0.0399467
