0 0.679788 0.326938 0.382504 0.266654
0 0.948074 0.94809 0.103374 0.0824368
0 0.148527 0.816483 0.113422 0.0866718
0 0.0760893 0.534279 0.0950543 0.0767797
0 0.438409 0.393081 0.0450521 0.0337443
0 0.864672 0.423733 0.163888 0.120728
0 0.763575 0.169049 0.0556431 0.0417309
0 0.0466915 0.248584 0.0482108 0.0379223
0 0.899316 0.806516 0.0424305 0.0325642
0 0.696305 0.837778 0.0515818 0.0364964
0 0.201774 0.908961 0.0548969 0.043519
0 0.536006 0.232622 0.101797 0.0730132
0 0.916193 0.607151 0.0494806 0.0352137
0 0.220822 0.973067 0.0785545 0.0526672
0 0.249849 0.798922 0.0391016 0.0320833
0 0.141319 0.964607 0.0497185 0.0375433
0 0.391853 0.812514 0.0427927 0.0313433
0 0.806251 0.0510522 0.0845028 0.0654306
0 0.24745 0.904858 0.0494712 0.0352596
0 0.033456 0.802052 0.0429388 0.0379332
0 0.0831915 0.118198 0.0427495 0.0318759
0 0.427597 0.902342 0.0389355 0.0276218
0 0.973559 0.830159 0.0516369 0.10133
0 0.989573 0.769853 0.0208529 0.0368397
0 0.634636 0.935028 0.0492277 0.0370918
0 0.370642 0.0462899 0.151313 0.0923791
0 0.289321 0.841303 0.0352951 0.0271086
0 0.978373 0.122323 0.0372917 0.030594
0 0.36056 0.12601 0.0458812 0.0316985
0 0.836497 0.221734 0.0375193 0.028009
0 0.982807 0.332431 0.0342814 0.0361969
0 0.335198 0.802816 0.0330515 0.0249826
0 0.365932 0.761691 0.0332952 0.0245256
0 0.515275 0.18381 0.0353631 0.0268927
0 0.40254 0.967307 0.0342243 0.0261673
0 0.85993 0.277487 0.0367283 0.02626
0 0.325363 0.214929 0.036671 0.0269262
0 0.566519 0.135654 0.0898088 0.0656989
0 0.533909 0.135013 0.0341476 0.0262173
0 0.250101 0.0859379 0.13413 0.0966985
0 0.125881 0.162526 0.0510714 0.0351673
0 0.350545 0.425814 0.032152 0.0252724
0 0.261329 0.020775 0.0929372 0.041299
0 0.954515 0.367207 0.0363903 0.0290285
0 0.229878 0.865569 0.029087 0.0228397
0 0.389502 0.842433 0.040915 0.0293894
0 0.667392 0.946445 0.0371222 0.026963
0 0.473214 0.669613 0.0455376 0.0317929
