0 0.143849 0.367736 0.0678331 0.0512191
0 0.210436 0.859178 0.377657 0.280931
0 0.515966 0.779358 0.0788649 0.0588553
0 0.140733 0.424779 0.0451225 0.0355131
0 0.868849 0.743309 0.0440327 0.0351732
0 0.44655 0.0441413 0.0660582 0.0510045
0 0.0230153 0.295932 0.037989 0.0286824
0 0.704734 0.0582619 0.112857 0.09102
0 0.140385 0.734787 0.0884128 0.0680779
0 0.0315933 0.401929 0.048784 0.0379132
0 0.934522 0.933009 0.044829 0.0341143
0 0.483169 0.286897 0.066186 0.0511717
0 0.0954443 0.269943 0.083845 0.0639077
0 0.046293 0.35042 0.0809187 0.0582783
0 0.0694189 0.846008 0.0324247 0.026775
0 0.305944 0.614899 0.0356514 0.0281357
0 0.033163 0.827494 0.0296172 0.0236317
0 0.704961 0.499501 0.0325055 0.0251778
0 0.715745 0.737374 0.0369207 0.0290621
0 0.836101 0.0821422 0.0705633 0.0574219
0 0.00749544 0.573967 0.0149909 0.0294636
0 0.134028 0.019659 0.0371318 0.0282837
0 0.326955 0.371462 0.050392 0.0342432
0 0.301305 0.493804 0.0536138 0.0424453
0 0.40694 0.261232 0.0485899 0.0367105
0 0.42371 0.107932 0.0325498 0.0261197
0 0.0821849 0.148154 0.0331649 0.0269718
0 0.0506899 0.529323 0.0277814 0.0225892
0 0.85609 0.639117 0.0292538 0.0229193
0 0.0312874 0.242668 0.0608675 0.0507127
0 0.179546 0.668003 0.0536272 0.0425797
0 0.0576221 0.634274 0.0831977 0.0687524
0 0.877208 0.177579 0.0593094 0.0457526
0 0.624942 0.982877 0.0458957 0.0338051
0 0.363243 0.282956 0.0724005 0.0544177
