0 0.48178 0.882907 0.148401 0.144225
0 0.0827865 0.694721 0.119448 0.118699
0 0.755743 0.878662 0.283633 0.242677
0 0.23265 0.936631 0.0971931 0.0940971
0 0.0757185 0.926298 0.0523027 0.0510225
0 0.184916 0.836965 0.0501384 0.049226
0 0.292711 0.496768 0.0437305 0.042983
0 0.7143 0.923201 0.119164 0.112754
0 0.689942 0.462714 0.235304 0.226972
0 0.564254 0.675717 0.0557936 0.0544767
0 0.375095 0.590942 0.221473 0.219649
0 0.894586 0.813257 0.0710701 0.0690001
0 0.276182 0.454729 0.0479123 0.0478786
0 0.426623 0.676568 0.0392811 0.038842
0 0.212879 0.354763 0.0486832 0.0486496
0 0.0490589 0.884829 0.0459262 0.0457888
0 0.227901 0.95623 0.037046 0.0361349
0 0.316689 0.968086 0.0477357 0.046262
0 0.16709 0.458483 0.0501271 0.0498824
0 0.979646 0.972583 0.0405869 0.052705
0 0.552304 0.809919 0.0470882 0.0471407
0 0.842679 0.636239 0.0462021 0.0452017
0 0.257492 0.105114 0.0367823 0.037058
0 0.896825 0.722429 0.061006 0.0588713
0 0.37336 0.42301 0.0321446 0.0316256
0 0.275268 0.76565 0.0644073 0.0645716
0 0.32077 0.708509 0.035713 0.0349554
0 0.421882 0.967398 0.062705 0.0601315
0 0.483711 0.803663 0.043029 0.0429806
0 0.226821 0.301531 0.0591699 0.0593088
0 0.250979 0.816909 0.0590765 0.0588751
0 0.705912 0.653956 0.0349434 0.0350674
0 0.162017 0.49461 0.0432047 0.0416149
0 0.124793 0.90927 0.0304056 0.0311108
0 0.0406115 0.991023 0.0266659 0.017881
0 0.192358 0.164665 0.0304001 0.0297684
0 0.0142373 0.417351 0.0284672 0.0578216
0 0.233836 0.173449 0.025953 0.0257591
0 0.539131 0.291806 0.0362442 0.0351645
0 0.882536 0.957763 0.0330471 0.032021
0 0.156757 0.381277 0.0726219 0.0680849
0 0.573673 0.728505 0.0593842 0.0583135
0 0.497396 0.770175 0.039411 0.0380423
0 0.607412 0.656929 0.0316929 0.0300467
0 0.419616 0.28158 0.0409686 0.0392235
0 0.306489 0.535286 0.032259 0.0323986
0 0.492267 0.316749 0.0431858 0.0415089
0 0.0420424 0.0194087 0.0294994 0.0289491
0 0.461034 0.625809 0.0370113 0.0363197
0 0.859761 0.983321 0.0432751 0.0333588
0 0.547318 0.962869 0.0929116 0.0738302
0 0.38131 0.29898 0.0305273 0.0304461
0 0.564553 0.595365 0.0510256 0.0488808
0 0.521524 0.720623 0.0437017 0.0432525
0 0.669386 0.0924013 0.0267693 0.0262413
0 0.0894507 0.990172 0.0242309 0.0196561
0 0.323059 0.340282 0.0491942 0.0462374
0 0.572198 0.884376 0.0298882 0.0285631
0 0.845902 0.198825 0.165022 0.168628
0 0.486569 0.964423 0.0415687 0.0409279
0 0.139654 0.0601705 0.036565 0.0367991
0 0.713831 0.987611 0.0582423 0.0245037
0 0.449551 0.986646 0.087468 0.0267071
0 0.619551 0.825596 0.0274954 0.0265865
0 0.0178371 0.241255 0.0336866 0.0341866
0 0.0251218 0.602126 0.0492207 0.0622844
0 0.385592 0.198743 0.0440272 0.0424339
0 0.716452 0.333181 0.180631 0.170591
0 0.765418 0.179662 0.0275738 0.0252042
0 0.414096 0.304505 0.0338409 0.0343371
0 0.350903 0.74132 0.0354035 0.0353495
0 0.175531 0.187515 0.0297409 0.0305382
0 0.816221 0.60683 0.0289995 0.0282869
0 0.675524 0.186448 0.173423 0.172545
0 0.0513238 0.267699 0.0389167 0.039135
0 0.108288 0.881842 0.0275755 0.0289143
0 0.377029 0.11416 0.0292891 0.0278316
0 0.200197 0.251332 0.0333253 0.0331134
0 0.453786 0.104713 0.0718538 0.073862
0 0.408354 0.332382 0.0354679 0.0358922
0 0.0798929 0.332898 0.0313871 0.0318637
0 0.0308923 0.122527 0.0382702 0.0348723
0 0.252353 0.515558 0.0477074 0.0455639
0 0.676613 0.577833 0.179335 0.174412
0 0.0976046 0.518517 0.0327186 0.0347586
0 0.271058 0.348209 0.028213 0.0278219
0 0.195957 0.28472 0.0287274 0.0274076
0 0.760783 0.990449 0.048175 0.0191029
0 0.343755 0.055961 0.0304255 0.0287296
