0 0.050522 0.952472 0.0705516 0.062661
0 0.894518 0.0864198 0.0574821 0.0556076
0 0.531996 0.654682 0.0574678 0.0537483
0 0.13309 0.475665 0.0610284 0.056957
0 0.462691 0.72461 0.041214 0.0387329
0 0.133355 0.325623 0.0375456 0.0353868
0 0.476345 0.622862 0.0543448 0.0522881
0 0.12861 0.544559 0.0343812 0.0330379
0 0.0963605 0.204045 0.0341197 0.0311176
0 0.754332 0.154793 0.0322123 0.0307803
0 0.831117 0.589047 0.0293175 0.0279721
0 0.916358 0.567247 0.0266157 0.0265242
0 0.250059 0.992823 0.0335804 0.0143539
0 0.186969 0.0866515 0.0694301 0.0671756
0 0.079063 0.987324 0.0347597 0.0248367
0 0.824421 0.463507 0.0396828 0.040338
0 0.409789 0.123103 0.0364722 0.0337091
0 0.353729 0.536193 0.0283893 0.026148
0 0.255042 0.407425 0.0260993 0.0253355
0 0.656145 0.983141 0.0695861 0.0333977
0 0.733496 0.313348 0.0316686 0.0298628
