0 0.56954 0.373698 0.030444 0.0287922
0 0.661775 0.688091 0.557748 0.530144
0 0.102749 0.841547 0.0466687 0.0444637
0 0.377954 0.983231 0.0505744 0.0335386
0 0.323319 0.163446 0.0281941 0.0273988
0 0.153575 0.012841 0.0448331 0.0256821
0 0.591527 0.71537 0.0273859 0.0256102
0 0.0334167 0.311568 0.0630254 0.0600981
0 0.410979 0.874438 0.0434154 0.04151
0 0.170232 0.863307 0.0512095 0.0508892
0 0.586025 0.031034 0.0429838 0.0431628
0 0.554891 0.45951 0.0541855 0.0495581
0 0.980103 0.576543 0.0396223 0.0414392
0 0.305161 0.669656 0.04072 0.0393562
0 0.632624 0.982282 0.0433096 0.0354353
0 0.0719465 0.922988 0.0346846 0.0337187
0 0.182961 0.611576 0.040897 0.0390183
0 0.112132 0.922418 0.0351803 0.0340553
0 0.0560596 0.447269 0.0421853 0.041412
0 0.312412 0.740284 0.0600094 0.0578991
0 0.609779 0.955237 0.0491264 0.047607
0 0.875059 0.30618 0.227986 0.217321
0 0.0393889 0.34178 0.0347887 0.036686
0 0.602132 0.0851333 0.0696834 0.0664067
0 0.735384 0.367196 0.0746271 0.0734106
0 0.500991 0.908929 0.0414059 0.0382311
0 0.913982 0.458652 0.0814833 0.0795517
0 0.496703 0.0977281 0.0611181 0.0629053
0 0.117035 0.948091 0.0408391 0.0399813
