0 0.223448 0.540648 0.100765 0.0973665
0 0.587846 0.730212 0.111838 0.110104
0 0.294787 0.359088 0.0722552 0.0707356
0 0.700155 0.940155 0.165156 0.118698
0 0.146352 0.939191 0.0644425 0.0587112
0 0.419629 0.692785 0.159756 0.150779
0 0.282949 0.940159 0.0513226 0.0481026
0 0.217495 0.467727 0.0583287 0.0567924
0 0.685412 0.494826 0.030493 0.0298292
0 0.194371 0.650504 0.0331375 0.0311737
0 0.648075 0.0788558 0.0443464 0.0419509
0 0.651417 0.433901 0.0361929 0.034568
0 0.716604 0.451487 0.0356487 0.0339539
0 0.207819 0.0442758 0.0494118 0.0476083
0 0.543009 0.0132958 0.0567705 0.0265892
0 0.179965 0.699115 0.0306679 0.0288443
0 0.888401 0.243635 0.0284817 0.0286579
0 0.199156 0.917544 0.0584083 0.0541235
0 0.772436 0.671159 0.0282284 0.0271382
0 0.887418 0.994057 0.0310057 0.0117035
0 0.331385 0.729662 0.0279174 0.0262726
0 0.780648 0.390729 0.0320055 0.0324239
0 0.0242654 0.68044 0.0484159 0.177724
0 0.694295 0.352219 0.0356266 0.0341414
0 0.466502 0.0234996 0.0727301 0.0469991
0 0.638558 0.252902 0.028866 0.0273815
0 0.454998 0.340563 0.0371099 0.0358005
