0 0.507621 0.811807 0.0837526 0.082939
0 0.801692 0.289064 0.0800348 0.0780956
0 0.162113 0.0632011 0.0577388 0.0559036
0 0.920595 0.11183 0.0588919 0.0565611
0 0.0231245 0.375748 0.0458843 0.0577974
0 0.981701 0.163131 0.0364664 0.0447214
0 0.573414 0.176995 0.458494 0.35399
0 0.201476 0.101991 0.0425988 0.0409558
0 0.380585 0.760325 0.0312949 0.0303453
0 0.102331 0.727976 0.0315976 0.0303123
0 0.0918163 0.421836 0.0355767 0.0344612
0 0.37018 0.265573 0.0296268 0.0284242
0 0.472918 0.102753 0.0317802 0.0307519
0 0.728442 0.851707 0.04054 0.0400829
0 0.361869 0.364895 0.0331968 0.0323868
0 0.861769 0.400588 0.0305841 0.02958
0 0.873512 0.0380038 0.0285475 0.0276374
0 0.143185 0.364113 0.0286872 0.0268424
0 0.2944 0.0627254 0.0275311 0.0260524
0 0.642725 0.13611 0.0296057 0.0281291
0 0.162148 0.792494 0.027519 0.027098
0 0.957059 0.103973 0.0276634 0.0264488
0 0.0869706 0.947507 0.029633 0.0279617
