0 0.118963 0.97982 0.0569437 0.0395733
0 0.210969 0.943327 0.081274 0.0625584
0 0.434108 0.65108 0.0411167 0.0327242
0 0.350759 0.229024 0.0517015 0.03948
0 0.902536 0.349344 0.0709093 0.0566919
0 0.829506 0.69358 0.0540607 0.0387523
0 0.0659991 0.83051 0.03995 0.0321814
0 0.119093 0.882449 0.0572343 0.0455853
0 0.364102 0.879051 0.0510637 0.040984
0 0.98137 0.905979 0.0372602 0.038938
0 0.830364 0.869708 0.0477013 0.0350895
0 0.626732 0.976256 0.0450816 0.0337921
0 0.267482 0.699955 0.0355986 0.0261999
0 0.61452 0.27924 0.0401386 0.0320336
0 0.815545 0.324177 0.0380432 0.0297009
0 0.203841 0.389502 0.287142 0.197977
0 0.0910525 0.264768 0.035499 0.0294927
0 0.236907 0.466933 0.241296 0.196246
0 0.668493 0.988905 0.0547804 0.0221909
0 0.725529 0.980308 0.0419623 0.0352257
0 0.412602 0.911352 0.0416894 0.0320011
0 0.703308 0.0379901 0.0362617 0.02954
0 0.412385 0.944033 0.0398553 0.0310734
0 0.691601 0.0115671 0.0630325 0.0231343
0 0.400174 0.559476 0.0328126 0.0268978
0 0.288613 0.977914 0.0696614 0.044172
0 0.784482 0.413093 0.0395164 0.0317816
0 0.432201 0.293049 0.173764 0.138999
0 0.938249 0.765289 0.04146 0.0309563
0 0.264342 0.951739 0.0400836 0.0310646
0 0.395355 0.326771 0.0534618 0.0398524
0 0.200647 0.237621 0.128906 0.108114
0 0.0662922 0.704653 0.0338682 0.0267282
0 0.40483 0.253611 0.238699 0.210495
0 0.525068 0.109169 0.0541599 0.0446615
0 0.0744314 0.268523 0.134124 0.103771
0 0.662011 0.837998 0.0346754 0.0294502
0 0.652939 0.951179 0.0356279 0.0280764
0 0.268319 0.453581 0.0325842 0.0270295
0 0.507583 0.897041 0.0331018 0.0275463
0 0.174006 0.909295 0.0395346 0.0301483
0 0.244884 0.427877 0.0295357 0.0231332
0 0.541033 0.166018 0.108696 0.0849551
0 0.0817247 0.897267 0.0371157 0.0281805
0 0.595774 0.778799 0.0352121 0.0282899
0 0.103437 0.841416 0.0352796 0.026556
0 0.370882 0.373224 0.105216 0.0814172
0 0.440346 0.0743229 0.457227 0.148646
