0 0.731979 0.243049 0.0689065 0.0669769
0 0.489147 0.120933 0.0385532 0.0371365
0 0.302097 0.982049 0.0453357 0.0357721
0 0.557036 0.267603 0.0337778 0.0335466
0 0.210913 0.0130465 0.0354673 0.0259652
0 0.661337 0.780967 0.0304293 0.0296377
0 0.716337 0.819566 0.0362244 0.0352039
0 0.855834 0.462208 0.0311827 0.0293049
0 0.258872 0.246541 0.038941 0.0378853
0 0.0413768 0.842348 0.0287477 0.0273293
0 0.674673 0.828385 0.0472239 0.0465509
0 0.0583258 0.920588 0.0289023 0.0272232
0 0.897569 0.21793 0.100167 0.0957037
0 0.162016 0.262213 0.104037 0.0931653
0 0.0469443 0.726099 0.0935438 0.157058
0 0.11419 0.447048 0.228087 0.387063
0 0.618142 0.400125 0.0762285 0.074781
0 0.113601 0.146782 0.0626625 0.0599867
0 0.749992 0.280977 0.0435108 0.0412151
0 0.923678 0.552201 0.0246117 0.02402
0 0.94622 0.666497 0.0480362 0.0457943
0 0.25199 0.0159219 0.0357088 0.0315133
0 0.865137 0.0772888 0.269726 0.15437
0 0.416435 0.00571565 0.0311584 0.0114086
0 0.142841 0.174353 0.040935 0.0395947
0 0.218433 0.810457 0.0257302 0.024976
