0 0.814625 0.471222 0.0595829 0.0431507
0 0.92421 0.160114 0.150286 0.130311
0 0.126857 0.657689 0.0426751 0.0330563
0 0.481728 0.588274 0.0461628 0.0331376
0 0.715281 0.521671 0.0371513 0.0290208
0 0.251293 0.871976 0.0419171 0.031118
0 0.576401 0.0879674 0.0476381 0.0364522
0 0.202859 0.520783 0.0374976 0.0277917
0 0.0541712 0.0128544 0.0987134 0.0255052
0 0.523061 0.0125625 0.0412025 0.024966
0 0.162289 0.172071 0.0437559 0.033294
0 0.187584 0.879054 0.0411687 0.0313217
0 0.0131979 0.602071 0.0263958 0.0318847
0 0.983006 0.519613 0.0325184 0.026737
0 0.969045 0.251546 0.061911 0.101459
0 0.0136413 0.483754 0.0272596 0.0324751
0 0.499383 0.871534 0.0397187 0.0273556
0 0.294038 0.016756 0.0338255 0.0279649
0 0.0424632 0.892799 0.0342125 0.0244568
0 0.0182042 0.640923 0.0361177 0.0399479
0 0.386621 0.0282803 0.0318803 0.0248149
0 0.70039 0.262938 0.0303078 0.0222948
0 0.0667693 0.52218 0.0333382 0.0251064
0 0.333792 0.800273 0.0360288 0.0271545
0 0.0305979 0.457361 0.0377342 0.031824
0 0.990169 0.681916 0.0194386 0.0268598
0 0.881109 0.576506 0.0315842 0.0214781
