0 0.273492 0.766511 0.189284 0.185318
0 0.309012 0.368153 0.340838 0.33658
0 0.59421 0.612312 0.121687 0.119026
0 0.0442761 0.328467 0.0885522 0.109758
0 0.544823 0.693542 0.0926951 0.0908466
0 0.751712 0.934804 0.0920109 0.0893417
0 0.473267 0.700079 0.0380135 0.0377644
0 0.888238 0.537574 0.0602959 0.0584442
0 0.851094 0.652182 0.0692745 0.0682662
0 0.766958 0.591488 0.116652 0.112189
0 0.193197 0.646251 0.0367107 0.0347502
0 0.649996 0.697218 0.0479995 0.0482184
0 0.22568 0.91403 0.0346704 0.0324186
0 0.387623 0.818831 0.0317549 0.0317146
0 0.930549 0.573942 0.0766247 0.0748337
0 0.0358925 0.630469 0.0297072 0.0288919
0 0.458833 0.866289 0.0379064 0.0369108
0 0.645462 0.56491 0.0694428 0.0687427
0 0.143062 0.87009 0.0291809 0.0279758
0 0.89805 0.673472 0.035675 0.0355397
0 0.833367 0.554045 0.0575499 0.0570463
0 0.462943 0.0360268 0.0289551 0.0282387
0 0.789909 0.45375 0.033449 0.03176
0 0.267727 0.86407 0.0292071 0.0274313
0 0.202149 0.988524 0.0405812 0.0224619
0 0.164343 0.497526 0.0270934 0.0265054
0 0.860698 0.694426 0.0457754 0.0434645
0 0.543187 0.185818 0.0552565 0.0523079
0 0.918952 0.17015 0.0294439 0.0274555
0 0.0550662 0.868699 0.0266527 0.0260073
0 0.942291 0.819854 0.0423803 0.0402034
0 0.827404 0.486298 0.0776047 0.0745542
0 0.441389 0.974487 0.0462881 0.0448402
0 0.282257 0.479489 0.210877 0.214325
0 0.267603 0.612902 0.0490893 0.0475086
0 0.0728041 0.73766 0.0849851 0.0843828
0 0.565177 0.888242 0.0547485 0.055069
0 0.458973 0.903073 0.0259248 0.0247334
0 0.6934 0.264353 0.0592695 0.0586772
0 0.444666 0.00614502 0.0344889 0.01229
0 0.866757 0.067697 0.087319 0.084906
0 0.546857 0.797527 0.0277298 0.0263568
0 0.226618 0.671564 0.0390935 0.0381224
0 0.0232044 0.145058 0.0298202 0.0296992
0 0.743399 0.164875 0.0388792 0.0426274
0 0.241231 0.888171 0.0445813 0.042972
