0 0.75988 0.225784 0.432847 0.352012
0 0.060986 0.728113 0.099835 0.078788
0 0.329739 0.951664 0.0722826 0.0580711
0 0.0584845 0.82144 0.04152 0.0292988
0 0.176673 0.407791 0.03634 0.0306931
0 0.292888 0.335291 0.0387892 0.0316004
0 0.938488 0.808078 0.051881 0.0402359
0 0.186072 0.260883 0.0358809 0.0318185
0 0.344159 0.262091 0.0491353 0.0402503
0 0.660637 0.3886 0.460838 0.360702
0 0.691106 0.69716 0.0531931 0.0413662
0 0.78718 0.7658 0.0425518 0.0335654
0 0.207067 0.596439 0.0816343 0.0693609
0 0.0811694 0.452376 0.0325815 0.0280313
