0 0.815055 0.838762 0.0536418 0.0403322
0 0.826546 0.889974 0.040472 0.0296677
0 0.21404 0.0201122 0.037058 0.0287159
0 0.9235 0.422652 0.0376873 0.02887
0 0.664055 0.213949 0.0341705 0.0264341
0 0.120434 0.521702 0.0377018 0.0281803
0 0.345218 0.0954338 0.0328431 0.0251847
0 0.618273 0.858557 0.0384935 0.0281174
0 0.785368 0.793736 0.0390936 0.0279728
0 0.495647 0.775042 0.0787263 0.0594738
0 0.495076 0.0645732 0.0310434 0.0225008
0 0.308641 0.946233 0.211016 0.106938
0 0.704511 0.652119 0.21763 0.16582
0 0.801827 0.233853 0.0490086 0.0340757
0 0.984187 0.784625 0.0308746 0.0264774
0 0.574994 0.00916039 0.0338036 0.0181078
0 0.509468 0.49257 0.0283749 0.0222763
0 0.524334 0.837652 0.0526606 0.0392635
0 0.0483189 0.596623 0.0308787 0.0248818
0 0.601124 0.539299 0.0577316 0.0446295
