0 0.612646 0.581159 0.0742765 0.0601586
0 0.856276 0.261492 0.285917 0.261358
0 0.269087 0.469988 0.119139 0.101365
0 0.415438 0.940579 0.059505 0.0476913
0 0.105905 0.494182 0.15868 0.139265
0 0.147225 0.806387 0.120949 0.0957519
0 0.327038 0.852042 0.0734824 0.0597082
0 0.705139 0.877593 0.0822371 0.0647236
0 0.0779456 0.336822 0.155806 0.168404
0 0.509248 0.523464 0.161617 0.145778
0 0.683674 0.824926 0.0950201 0.0736235
0 0.780673 0.635642 0.0563222 0.0446558
0 0.258349 0.770023 0.0661307 0.0556889
0 0.371241 0.880715 0.0493886 0.0398968
0 0.814676 0.565802 0.369019 0.303247
0 0.627663 0.943643 0.238398 0.112715
0 0.365496 0.772022 0.195475 0.158124
0 0.094991 0.969871 0.0463317 0.0363026
0 0.547337 0.846117 0.184731 0.146467
0 0.886133 0.988092 0.0359257 0.0233265
0 0.59098 0.445929 0.155437 0.130665
0 0.601453 0.0961654 0.0324203 0.0273819
0 0.732803 0.114185 0.0421 0.0340069
0 0.183445 0.708328 0.0468493 0.0333736
0 0.112101 0.83916 0.0410476 0.0345444
0 0.184204 0.0809863 0.081808 0.0725076
0 0.07236 0.738774 0.144693 0.148622
0 0.166731 0.631106 0.0432576 0.036886
0 0.210399 0.872304 0.0808663 0.0655125
0 0.441731 0.515627 0.265891 0.211033
0 0.119178 0.644229 0.0490788 0.0427742
0 0.426912 0.882306 0.0927132 0.0790035
0 0.189427 0.288463 0.0295515 0.0257059
0 0.623503 0.844992 0.0305622 0.0262035
0 0.530087 0.410971 0.0314006 0.0274815
0 0.0700202 0.843972 0.0730833 0.0631857
0 0.570465 0.820254 0.0590012 0.0487856
0 0.109671 0.880477 0.076096 0.0614025
0 0.225507 0.376523 0.0758742 0.0578007
0 0.0166357 0.948777 0.0332714 0.0375439
0 0.475707 0.776 0.0550425 0.0434904
0 0.07709 0.0071181 0.0561362 0.0141582
0 0.607691 0.315405 0.0735553 0.0623357
0 0.1315 0.186852 0.0340744 0.0287975
0 0.19205 0.671845 0.0372721 0.0305845
0 0.00605238 0.81526 0.0121048 0.0542462
0 0.298231 0.689058 0.0635304 0.050313
0 0.346036 0.771894 0.0555044 0.0477345
0 0.262554 0.28288 0.0548019 0.0435466
0 0.540495 0.77793 0.0633266 0.0505402
0 0.242662 0.320637 0.0521976 0.045363
0 0.917736 0.792684 0.164528 0.297887
