0 0.525921 0.0618963 0.0466981 0.0403612
0 0.795036 0.577129 0.0429283 0.0356461
0 0.68675 0.794431 0.0449478 0.0367194
0 0.629014 0.323285 0.0368727 0.0303424
0 0.4678 0.101662 0.0317566 0.0277345
0 0.0289688 0.282842 0.0413209 0.0362195
0 0.740605 0.826939 0.0469584 0.0394781
0 0.908708 0.849403 0.0654057 0.053474
0 0.0280276 0.494837 0.0501322 0.0423161
0 0.628056 0.702155 0.0356737 0.0288334
0 0.0233615 0.213506 0.0311817 0.0273775
0 0.0126856 0.256218 0.0247882 0.0275074
0 0.909109 0.679984 0.0350903 0.0280697
0 0.721 0.808944 0.0357364 0.0281368
0 0.681677 0.901449 0.0414946 0.0335688
0 0.589557 0.707848 0.0421134 0.0349469
0 0.441844 0.764741 0.0285684 0.0238932
0 0.983383 0.894417 0.0320084 0.0286629
0 0.58077 0.387223 0.0264074 0.0235906
0 0.889448 0.894221 0.0329609 0.0271341
0 0.0234409 0.269276 0.0443476 0.0479845
0 0.717988 0.931649 0.0608379 0.0527584
0 0.573671 0.663448 0.0342764 0.0304849
