0 0.13952 0.0568156 0.096922 0.0957043
0 0.811209 0.103891 0.0846216 0.0825309
0 0.414792 0.508923 0.123716 0.122413
0 0.79848 0.389206 0.0629585 0.062847
0 0.127718 0.186871 0.0372995 0.0361968
0 0.523462 0.663972 0.0388589 0.0379855
0 0.0607905 0.190131 0.0411982 0.0403876
0 0.130601 0.270193 0.0401613 0.038922
0 0.492525 0.796614 0.0973467 0.0955491
0 0.0177663 0.281934 0.0354284 0.041804
0 0.761377 0.735137 0.0366886 0.0356425
0 0.532681 0.736244 0.0655766 0.0683361
0 0.231102 0.597563 0.0327188 0.0312189
0 0.313866 0.68213 0.0348378 0.0346011
0 0.984414 0.758431 0.0311722 0.0517815
0 0.157163 0.929951 0.0354564 0.0341015
0 0.647435 0.580974 0.0401128 0.0385985
0 0.209413 0.0536714 0.0316853 0.0302782
0 0.289112 0.717145 0.0291841 0.0282917
0 0.283031 0.675988 0.0305538 0.0293662
0 0.834856 0.757058 0.0467127 0.0445454
0 0.674806 0.356399 0.0277827 0.0273218
0 0.253719 0.698505 0.0296943 0.0285076
0 0.739994 0.694801 0.0273554 0.0273643
0 0.952338 0.8719 0.0283882 0.0280197
0 0.0967888 0.970676 0.112297 0.0577848
0 0.37608 0.667393 0.0272772 0.0267679
0 0.265111 0.348644 0.0287915 0.028145
0 0.844643 0.54491 0.0255672 0.0252947
0 0.883538 0.0756379 0.0263449 0.0249405
0 0.848604 0.50756 0.0252085 0.0248396
0 0.449404 0.826845 0.0248419 0.0249569
