0 0.212041 0.871106 0.13906 0.119018
0 0.646513 0.261326 0.0473031 0.0384132
0 0.536289 0.0250973 0.0574368 0.046456
0 0.759705 0.490085 0.0441696 0.0364923
0 0.755868 0.91412 0.0377592 0.0308147
0 0.912648 0.0319539 0.0332298 0.0284468
0 0.0870143 0.0298188 0.04182 0.0361728
0 0.101338 0.209374 0.0370384 0.0326334
0 0.738435 0.955808 0.0336941 0.0278385
0 0.978839 0.195234 0.0315498 0.0279533
0 0.8813 0.397661 0.031123 0.0261395
0 0.48806 0.132598 0.0366274 0.0308396
0 0.249185 0.0632763 0.0388961 0.0340633
0 0.202069 0.131936 0.0286679 0.0245913
0 0.776004 0.55907 0.0343161 0.0274904
0 0.781311 0.526917 0.0380174 0.030768
0 0.638708 0.007764 0.0491184 0.015508
0 0.786194 0.870522 0.0340569 0.0273836
0 0.357459 0.0620468 0.0676824 0.0546415
0 0.194855 0.489864 0.0403378 0.0351707
0 0.987283 0.0183104 0.0254345 0.0363308
0 0.632368 0.796928 0.0600431 0.0515289
0 0.741601 0.459113 0.0373359 0.0307255
0 0.442497 0.769997 0.273919 0.23291
0 0.76897 0.872072 0.0510398 0.0355446
0 0.753937 0.653942 0.412876 0.293765
0 0.383607 0.929815 0.403278 0.140371
0 0.298359 0.17448 0.0370319 0.0339679
0 0.83856 0.789646 0.0345238 0.0276455
0 0.89848 0.720727 0.0321281 0.0271047
0 0.831601 0.682703 0.0475763 0.037179
