0 0.49426 0.254312 0.0710791 0.0573313
0 0.85869 0.25411 0.0447502 0.0349419
0 0.437549 0.454007 0.0537176 0.0390701
0 0.720283 0.900814 0.039823 0.0322229
0 0.0840762 0.0779528 0.0449036 0.035423
0 0.261336 0.808271 0.051084 0.0387634
0 0.557935 0.25313 0.0491821 0.0400888
0 0.881066 0.97561 0.0369759 0.0293858
0 0.911258 0.0722182 0.0545765 0.0456351
0 0.0392142 0.148036 0.0423257 0.0320954
0 0.212689 0.453378 0.17006 0.139126
0 0.319761 0.919076 0.0468525 0.0363758
0 0.789221 0.525671 0.052451 0.0377692
0 0.338921 0.706969 0.415493 0.314279
0 0.0615025 0.517426 0.0671298 0.0469051
0 0.807257 0.497038 0.040016 0.029697
0 0.800474 0.99203 0.0294622 0.0159409
0 0.284417 0.100592 0.0347991 0.0276547
0 0.730958 0.618025 0.0382263 0.0285878
0 0.253847 0.933975 0.0399153 0.0302116
0 0.0951714 0.269925 0.0388855 0.0285429
0 0.479607 0.94053 0.0332999 0.0288273
0 0.426082 0.930165 0.0763193 0.0580597
0 0.884584 0.0401754 0.0706446 0.0586436
0 0.735956 0.825981 0.0347307 0.0272713
0 0.223925 0.228457 0.113592 0.0852287
0 0.137901 0.608292 0.0456488 0.0344124
0 0.985799 0.831834 0.0284022 0.0326263
0 0.564276 0.295842 0.0592599 0.049196
0 0.283336 0.550891 0.0687244 0.0576485
0 0.0460268 0.705745 0.0654518 0.0569949
0 0.507261 0.174915 0.0418474 0.0336515
0 0.729675 0.790197 0.0460494 0.0385563
0 0.338583 0.360554 0.17366 0.142236
0 0.0159448 0.99208 0.0312586 0.0155766
0 0.904186 0.82126 0.140395 0.113359
