0 0.399169 0.456692 0.0677293 0.0662636
0 0.522568 0.2501 0.0616604 0.0593817
0 0.516515 0.580622 0.0475319 0.0464469
0 0.195502 0.47726 0.0407248 0.0404573
0 0.512602 0.699536 0.0368177 0.0362585
0 0.906727 0.681406 0.186547 0.191571
0 0.354721 0.311252 0.0412515 0.0399177
0 0.29865 0.548123 0.029158 0.0274942
0 0.262181 0.244923 0.0285052 0.028852
0 0.972158 0.641078 0.0319706 0.0316423
0 0.763842 0.191869 0.0279209 0.0276074
0 0.388465 0.219937 0.134894 0.132477
0 0.42616 0.394128 0.0652408 0.062957
0 0.465546 0.595119 0.0506666 0.0505732
0 0.78753 0.875096 0.30294 0.249809
0 0.559684 0.724206 0.060969 0.0622717
0 0.375457 0.892549 0.0289336 0.0297905
0 0.665436 0.403955 0.0646083 0.0620459
0 0.656275 0.396967 0.0403896 0.0405213
0 0.481226 0.439147 0.031916 0.0316584
