0 0.497524 0.546663 0.0966064 0.0851358
0 0.363611 0.375117 0.244271 0.220158
0 0.389525 0.2262 0.166899 0.14909
0 0.333936 0.111778 0.270052 0.223557
0 0.724415 0.704444 0.179573 0.15372
0 0.932484 0.040489 0.129326 0.080978
0 0.765066 0.438108 0.301849 0.243524
0 0.052331 0.917528 0.0569876 0.0461761
0 0.737962 0.133319 0.127127 0.107993
0 0.390171 0.593338 0.0481679 0.0396191
0 0.0530649 0.134226 0.10613 0.168823
0 0.14026 0.951681 0.0370953 0.0305773
0 0.187322 0.844236 0.0343622 0.0288525
0 0.825037 0.267789 0.0691044 0.0555237
0 0.907962 0.650776 0.0575653 0.042594
0 0.936719 0.201154 0.0579121 0.0468452
0 0.03237 0.874885 0.0314734 0.0264023
0 0.488801 0.24558 0.0390311 0.0331488
0 0.965648 0.0879149 0.0359776 0.0289963
0 0.80726 0.321592 0.0513076 0.0387575
0 0.517182 0.774182 0.051457 0.0421633
0 0.903621 0.153086 0.0342651 0.0282908
0 0.63368 0.86396 0.0365397 0.0316013
0 0.934314 0.831632 0.0358774 0.0298624
0 0.0200964 0.304576 0.040134 0.0516375
0 0.898874 0.320773 0.136728 0.121292
0 0.140647 0.300914 0.281293 0.29677
0 0.667672 0.277747 0.031333 0.0253305
0 0.17262 0.213199 0.12369 0.103875
0 0.687689 0.969377 0.0937799 0.0606686
0 0.926608 0.224469 0.0332376 0.024756
0 0.426266 0.971582 0.0877324 0.0568365
0 0.158399 0.0453859 0.102862 0.0823626
0 0.73438 0.266693 0.0308813 0.0258397
0 0.267172 0.576724 0.0448084 0.0373389
0 0.608059 0.786033 0.067455 0.0531561
0 0.896705 0.259452 0.0513351 0.040148
0 0.624568 0.992797 0.0326891 0.0144065
0 0.771506 0.197979 0.0443428 0.0380828
0 0.832073 0.047371 0.0319794 0.0277202
0 0.45523 0.790191 0.0642988 0.0552746
0 0.724154 0.2189 0.0488418 0.0408515
0 0.0142797 0.831258 0.0282972 0.0285908
0 0.531062 0.0105957 0.0338604 0.0205441
0 0.92207 0.872725 0.0487625 0.043507
0 0.949038 0.421026 0.101175 0.0911628
