0 0.135769 0.234344 0.117663 0.116748
0 0.663976 0.886883 0.283684 0.226234
0 0.341866 0.453141 0.151526 0.147205
0 0.796613 0.558982 0.406775 0.420399
0 0.0685178 0.750718 0.136864 0.163418
0 0.123753 0.0483346 0.115322 0.0962559
0 0.37363 0.642834 0.124716 0.118225
0 0.338743 0.0903856 0.0313617 0.0297866
0 0.869395 0.945569 0.162492 0.108829
0 0.338005 0.832323 0.0298379 0.0290764
0 0.0297613 0.53378 0.0591718 0.0771572
0 0.353982 0.806985 0.0285495 0.0281483
0 0.30977 0.572802 0.12361 0.116761
0 0.619622 0.0105328 0.0272696 0.0204101
0 0.268821 0.241905 0.103303 0.0994632
0 0.188224 0.799755 0.0259946 0.0253319
0 0.220887 0.936525 0.102587 0.0967751
0 0.360749 0.1293 0.0264483 0.0255006
0 0.276701 0.373536 0.0742617 0.069577
0 0.451399 0.972735 0.0263332 0.025848
0 0.342391 0.114376 0.0243278 0.0238606
0 0.107661 0.358898 0.0512075 0.0473542
0 0.790405 0.134703 0.405617 0.268757
0 0.346965 0.704359 0.0809073 0.0734716
0 0.516182 0.288823 0.0234987 0.0221936
