0 0.618734 0.0428134 0.0686893 0.0562368
0 0.711831 0.713296 0.0665646 0.0525965
0 0.340694 0.908001 0.0445379 0.0384178
0 0.414247 0.986071 0.0448084 0.0278586
0 0.233344 0.21687 0.038685 0.0337884
0 0.369044 0.26193 0.0461103 0.032609
0 0.9627 0.954718 0.0745258 0.0898884
0 0.876889 0.988034 0.0550976 0.0239323
0 0.879738 0.944765 0.103728 0.0828018
0 0.857169 0.231337 0.0424042 0.0345452
0 0.90631 0.760789 0.122184 0.0946035
0 0.268163 0.0527626 0.0345285 0.026763
0 0.0489641 0.478879 0.0317862 0.030289
0 0.266225 0.326976 0.0331491 0.0289362
0 0.224265 0.489211 0.0690963 0.0583568
0 0.263973 0.782195 0.0277866 0.0240715
