0 0.365846 0.0930894 0.335114 0.186081
0 0.58606 0.0802558 0.0820227 0.0581895
0 0.0306447 0.0801926 0.0450166 0.0326876
0 0.354442 0.326247 0.0759579 0.0529264
0 0.251682 0.536079 0.0600303 0.0402613
0 0.119808 0.981496 0.0461625 0.0354504
0 0.181809 0.963956 0.0582818 0.0484423
0 0.487017 0.734184 0.0732784 0.0519122
0 0.235639 0.343393 0.0359475 0.0271486
0 0.0295051 0.660824 0.0590101 0.0460913
0 0.00838192 0.551559 0.016614 0.0400985
0 0.332237 0.355531 0.0340414 0.024131
0 0.0177101 0.193173 0.0351621 0.0572361
0 0.1481 0.326867 0.054569 0.0373069
0 0.055074 0.0545656 0.033849 0.0232337
0 0.291134 0.0247873 0.0504777 0.0369761
0 0.476416 0.90625 0.370847 0.186868
0 0.281671 0.1045 0.0422661 0.0310606
0 0.326525 0.45303 0.0505119 0.034973
