0 0.834885 0.401267 0.0873493 0.0841707
0 0.20035 0.340014 0.10235 0.0984647
0 0.340058 0.60281 0.217733 0.206478
0 0.499133 0.0287522 0.0753355 0.0572074
0 0.179245 0.24005 0.273447 0.254541
0 0.194344 0.464628 0.0580441 0.0548109
0 0.438319 0.134386 0.0348904 0.0343926
0 0.76177 0.124966 0.057126 0.0563106
0 0.741133 0.238591 0.0908526 0.0875173
0 0.519574 0.132566 0.0451536 0.0432417
0 0.361635 0.707756 0.22863 0.199147
0 0.841507 0.308831 0.0315987 0.0295506
0 0.574503 0.19595 0.066317 0.0624014
0 0.874164 0.329162 0.0354645 0.0338366
0 0.0845525 0.0819428 0.169105 0.163886
0 0.520749 0.185187 0.0336611 0.0314919
0 0.969411 0.20047 0.0542206 0.052182
0 0.54319 0.0419751 0.0450996 0.0444367
0 0.481152 0.753252 0.031518 0.0301912
0 0.461706 0.778252 0.0319771 0.0311138
0 0.264475 0.484182 0.0368468 0.0354093
0 0.0522323 0.317016 0.062639 0.0608132
0 0.752689 0.490965 0.068876 0.0667076
0 0.0121454 0.338925 0.0242908 0.0339022
0 0.882053 0.159435 0.0277502 0.0259052
0 0.110556 0.0233047 0.0473424 0.0449853
0 0.0090936 0.602562 0.0181872 0.0467945
0 0.959047 0.132614 0.0816265 0.0902307
0 0.443248 0.0740746 0.0299946 0.0276476
0 0.650891 0.147038 0.0550491 0.0540747
0 0.860965 0.650567 0.0762188 0.069478
0 0.3618 0.450751 0.0331685 0.029846
0 0.751298 0.0728728 0.0280893 0.0265772
0 0.621384 0.180794 0.036902 0.0368824
0 0.588936 0.333369 0.213201 0.202339
0 0.471667 0.239418 0.0497628 0.0469649
