0 0.228606 0.109992 0.189276 0.182378
0 0.600095 0.814501 0.0871913 0.0848482
0 0.876064 0.860333 0.0890572 0.0865627
0 0.414316 0.480158 0.0555104 0.0539625
0 0.537775 0.410005 0.10145 0.0991924
0 0.472778 0.757854 0.0772903 0.0754122
0 0.175994 0.715805 0.0540937 0.0530265
0 0.3194 0.546484 0.0595215 0.0583281
0 0.386372 0.977013 0.0403877 0.0398092
0 0.805349 0.716586 0.040012 0.0394318
0 0.419548 0.264007 0.103798 0.0983883
0 0.217573 0.378565 0.0362652 0.0364789
0 0.883034 0.661502 0.037167 0.0350021
0 0.906596 0.939575 0.0562395 0.0551941
0 0.241802 0.979289 0.0380417 0.0374203
0 0.895621 0.557429 0.0304035 0.029956
0 0.76651 0.920361 0.056354 0.0575977
0 0.604259 0.623821 0.0448859 0.0442997
0 0.903774 0.375704 0.0309887 0.0299708
0 0.538177 0.743309 0.0311388 0.0301246
0 0.833479 0.0766379 0.058812 0.0574333
0 0.810489 0.783125 0.0304588 0.0299336
0 0.583348 0.144058 0.0349674 0.0342197
0 0.21918 0.52241 0.0297641 0.0280361
0 0.254505 0.882924 0.0328326 0.0317616
0 0.476679 0.899459 0.0339949 0.0325327
0 0.646098 0.34455 0.0600533 0.0570699
0 0.705906 0.704378 0.0312363 0.0311466
0 0.797972 0.330729 0.0350206 0.0350613
0 0.664494 0.540428 0.0537968 0.0524983
0 0.932513 0.632303 0.0525913 0.0518055
0 0.520239 0.363959 0.0444984 0.0432551
0 0.98616 0.633271 0.0276809 0.0414761
0 0.685096 0.953723 0.047506 0.0452507
0 0.907858 0.231291 0.0326 0.0313906
0 0.638354 0.29609 0.0428206 0.043085
0 0.0236865 0.544208 0.0468967 0.0660416
0 0.265912 0.513001 0.0368079 0.0367305
0 0.120995 0.868735 0.0258155 0.0255905
0 0.847776 0.324102 0.0282629 0.0274793
0 0.53606 0.780771 0.0552597 0.0546402
0 0.829271 0.69994 0.0263626 0.0254777
0 0.251128 0.553502 0.0373259 0.0355572
0 0.950027 0.900861 0.0277946 0.0275787
0 0.954728 0.84369 0.0758064 0.0762024
0 0.014317 0.526237 0.0285013 0.0421137
0 0.932909 0.793477 0.0290251 0.0282923
0 0.471266 0.972291 0.0266384 0.025614
0 0.184619 0.779784 0.037137 0.0353155
0 0.0927667 0.316498 0.0463974 0.0454924
0 0.0861332 0.587119 0.0274403 0.0267509
0 0.076537 0.348664 0.0382897 0.0358791
0 0.322254 0.797634 0.0466758 0.0495352
0 0.986087 0.545336 0.0278268 0.0336716
0 0.302276 0.747094 0.239246 0.234529
0 0.0493833 0.307255 0.0425214 0.0424244
0 0.296322 0.266685 0.0393461 0.0369255
0 0.0585543 0.395994 0.0371657 0.0370256
0 0.775907 0.469947 0.248323 0.247539
