0 0.0711005 0.241564 0.0600284 0.0540169
0 0.322455 0.557262 0.0612121 0.0542646
0 0.124607 0.667582 0.0505324 0.0470804
0 0.366543 0.928204 0.121191 0.113915
0 0.0841058 0.858205 0.0385772 0.0364262
0 0.285052 0.336881 0.0444242 0.0392288
0 0.153804 0.842432 0.0527644 0.0494593
0 0.197124 0.675792 0.0401422 0.0367294
0 0.849377 0.298646 0.0368031 0.0350749
0 0.147011 0.327432 0.0324472 0.0289557
0 0.0847744 0.470546 0.0461164 0.0405526
0 0.138935 0.377727 0.0545186 0.0473232
0 0.634709 0.967163 0.173618 0.0656414
0 0.779704 0.322196 0.440592 0.555271
0 0.353104 0.662098 0.0547382 0.0460453
0 0.806711 0.0372155 0.031361 0.0286756
0 0.670563 0.376532 0.0509279 0.0472426
0 0.112425 0.973912 0.0536394 0.0502956
0 0.463281 0.948231 0.0896594 0.0809694
0 0.408731 0.350164 0.0478211 0.045615
0 0.960218 0.0251173 0.0795638 0.0502345
0 0.0569864 0.95013 0.0922267 0.0827892
0 0.521577 0.553194 0.036797 0.0341271
0 0.894745 0.655783 0.0352764 0.0334242
0 0.287749 0.0297593 0.0429685 0.0374346
0 0.384838 0.744284 0.0300524 0.0277333
0 0.164689 0.848371 0.313728 0.287569
0 0.905123 0.0428174 0.0327936 0.0305734
0 0.448915 0.745006 0.028275 0.0256834
0 0.159761 0.236753 0.101519 0.0918521
0 0.169244 0.984285 0.130424 0.031382
0 0.679337 0.611325 0.0550762 0.0504583
0 0.446781 0.344501 0.0335108 0.031363
0 0.411156 0.985243 0.126413 0.0288122
0 0.993349 0.832698 0.0133014 0.0476051
