0 0.576157 0.701222 0.0799051 0.0661109
0 0.0775849 0.684129 0.100558 0.085138
0 0.59803 0.830792 0.0728605 0.0596832
0 0.95006 0.0368118 0.0734253 0.0625936
0 0.841734 0.549525 0.120476 0.0974987
0 0.626159 0.21398 0.072052 0.0587251
0 0.548998 0.409788 0.0416929 0.0350741
0 0.974563 0.830142 0.0507317 0.0686693
0 0.546828 0.618039 0.0345191 0.0281443
0 0.0349718 0.408729 0.0698123 0.107087
0 0.826602 0.0282661 0.105152 0.0564216
0 0.0902803 0.811317 0.0610038 0.0500414
0 0.809022 0.597394 0.0387314 0.0317469
0 0.505514 0.215578 0.0659883 0.0528086
0 0.419627 0.168006 0.0652903 0.0498213
0 0.724059 0.349805 0.0430384 0.0353611
0 0.784634 0.211958 0.0376771 0.0331563
0 0.92054 0.518689 0.0350719 0.0303461
0 0.473833 0.185582 0.049146 0.0397175
0 0.130491 0.506451 0.0717453 0.0618602
0 0.901406 0.322526 0.0638287 0.0556447
0 0.203717 0.836122 0.0458481 0.0384972
0 0.434861 0.218354 0.0605633 0.0496775
0 0.69825 0.260903 0.0458809 0.037035
0 0.374131 0.213489 0.0782112 0.0646015
0 0.471154 0.118546 0.0618046 0.0538069
0 0.40409 0.0626842 0.0400859 0.031836
0 0.982477 0.437648 0.0341459 0.0859421
0 0.75137 0.365567 0.0675571 0.0515777
0 0.751728 0.469971 0.0299871 0.023747
0 0.339702 0.187394 0.0685461 0.0552304
0 0.282397 0.990165 0.0477172 0.0196217
0 0.603441 0.749645 0.028336 0.0243893
0 0.151373 0.262678 0.062928 0.0528945
0 0.903935 0.874334 0.0302105 0.0267414
0 0.710884 0.561278 0.0288116 0.0260224
0 0.952419 0.232806 0.0344513 0.0269591
0 0.873126 0.351526 0.0357643 0.0296443
0 0.504131 0.0722238 0.0440191 0.0363529
0 0.82434 0.517998 0.0365051 0.0307862
0 0.089035 0.348833 0.0773003 0.0705152
0 0.994016 0.527525 0.0119686 0.0357918
0 0.354066 0.150615 0.0456936 0.038102
0 0.831187 0.138362 0.0283657 0.0239798
0 0.944941 0.0865263 0.0916016 0.0790808
0 0.555618 0.923343 0.345913 0.152968
0 0.489037 0.102357 0.0620066 0.0505875
0 0.834254 0.827088 0.0261328 0.0218018
0 0.257116 0.932687 0.0324945 0.0277035
0 0.576929 0.181373 0.0359249 0.0303405
0 0.937416 0.834973 0.028393 0.0252771
0 0.43319 0.523726 0.104718 0.0866822
0 0.748758 0.174888 0.0639324 0.0561832
0 0.617164 0.289635 0.0269124 0.0225132
0 0.687128 0.21048 0.0256168 0.0214956
0 0.840378 0.622217 0.0286064 0.0252584
0 0.936193 0.687393 0.0305344 0.0265274
