0 0.0991636 0.0871912 0.0523597 0.0466865
0 0.643314 0.75975 0.0909314 0.0843096
0 0.411582 0.425719 0.0395597 0.0357577
0 0.233309 0.777604 0.0686318 0.0602278
0 0.356694 0.0818954 0.0595141 0.0528056
0 0.227502 0.638343 0.0723014 0.0651223
0 0.40785 0.87084 0.0631219 0.0591482
0 0.170447 0.848077 0.0661672 0.0601336
0 0.737338 0.648791 0.0456615 0.0410486
0 0.460833 0.2272 0.0445905 0.0413699
0 0.350832 0.735404 0.053485 0.0477818
0 0.181086 0.596924 0.0739815 0.0658143
0 0.823541 0.515007 0.050716 0.0462826
0 0.337022 0.148937 0.0690577 0.0650168
0 0.437263 0.185306 0.0534836 0.0491526
0 0.519626 0.100786 0.0801505 0.0726674
0 0.337101 0.785608 0.0642797 0.059234
0 0.573197 0.51733 0.0344349 0.0316292
0 0.147104 0.27217 0.0370932 0.033192
0 0.030897 0.245208 0.061794 0.060555
0 0.327958 0.681895 0.0433022 0.0394129
0 0.588596 0.255092 0.0376001 0.0340325
0 0.133359 0.173692 0.0322381 0.0293476
0 0.380304 0.22567 0.0372259 0.0332874
0 0.50285 0.124165 0.0527362 0.0486087
0 0.148487 0.530341 0.0384228 0.0322266
0 0.111152 0.626501 0.0314315 0.0268259
0 0.277865 0.964823 0.0517736 0.0473553
0 0.290013 0.792495 0.0336002 0.0305933
0 0.390206 0.537372 0.0350461 0.0314598
0 0.450918 0.584642 0.0308204 0.0283274
0 0.672316 0.189103 0.0364941 0.0338055
0 0.698512 0.917386 0.057187 0.0499014
0 0.313148 0.458702 0.0372719 0.0344496
0 0.736259 0.356646 0.0278885 0.0271192
0 0.679267 0.575399 0.145597 0.138094
0 0.263016 0.0756636 0.0267807 0.0248494
0 0.0417754 0.0585574 0.0317345 0.0289516
0 0.817691 0.0230458 0.0641268 0.0460915
0 0.216398 0.00679151 0.0322283 0.0135356
0 0.18234 0.366877 0.190629 0.153796
0 0.972338 0.112439 0.0288593 0.0262546
0 0.530738 0.234285 0.0560434 0.0474957
0 0.487706 0.68932 0.112578 0.098774
0 0.289642 0.36927 0.0311408 0.0293856
0 0.402678 0.301516 0.0319877 0.0286242
0 0.0501979 0.147818 0.0529653 0.0476088
0 0.570646 0.0331451 0.0525507 0.0479388
0 0.475553 0.501634 0.0532297 0.0474396
0 0.857892 0.932464 0.034795 0.0306656
0 0.174026 0.563716 0.0422946 0.0384628
0 0.646984 0.677444 0.10213 0.0943251
0 0.785234 0.0877615 0.0467862 0.041569
0 0.366639 0.834235 0.0546194 0.0499111
0 0.013658 0.982118 0.027316 0.0343552
0 0.135229 0.21984 0.0382979 0.034637
