0 0.277849 0.120913 0.0693735 0.0575271
0 0.882322 0.525006 0.0450283 0.0379646
0 0.0289661 0.261477 0.0407579 0.0332486
0 0.145808 0.670026 0.0371609 0.0324607
0 0.250963 0.365548 0.0329432 0.0293199
0 0.519014 0.0818693 0.0321806 0.0292991
0 0.752583 0.734071 0.029855 0.0276479
0 0.611216 0.939599 0.0339178 0.0305214
0 0.393167 0.142876 0.0352376 0.0304929
0 0.597479 0.8911 0.0306698 0.0301075
0 0.134213 0.551847 0.0388902 0.0324723
0 0.877587 0.787045 0.0337894 0.0300558
0 0.0328483 0.323745 0.031999 0.0260358
0 0.178634 0.214953 0.0358157 0.0302135
0 0.0597059 0.710141 0.0473904 0.0417239
0 0.232622 0.420349 0.0303841 0.0262743
0 0.864506 0.432568 0.0368618 0.0328979
0 0.988694 0.318449 0.0226115 0.0344948
0 0.055948 0.202189 0.0292061 0.024126
0 0.93588 0.0676478 0.0314093 0.028392
0 0.981372 0.820515 0.0269943 0.025819
0 0.677556 0.85932 0.029736 0.0288702
