0 0.608256 0.349418 0.239272 0.229456
0 0.857552 0.376473 0.0604557 0.0556791
0 0.853433 0.924455 0.0340303 0.0328941
0 0.546323 0.829744 0.0411022 0.039135
0 0.0999527 0.00943849 0.0412001 0.018877
0 0.7639 0.895793 0.0387689 0.0366608
0 0.283716 0.486635 0.0310725 0.030286
0 0.507137 0.811155 0.0385649 0.0357845
0 0.08195 0.186107 0.0644051 0.063509
0 0.159607 0.556495 0.0354672 0.0344538
0 0.69668 0.89255 0.0300332 0.0280029
0 0.32784 0.543225 0.0289725 0.0282299
0 0.935787 0.0504929 0.0385658 0.0376894
0 0.757684 0.588444 0.066717 0.0632875
0 0.987403 0.61503 0.0251932 0.0303967
0 0.413533 0.696216 0.0288259 0.0276785
0 0.659182 0.689837 0.0976012 0.0922398
0 0.130982 0.181244 0.0378428 0.0369068
0 0.562187 0.990789 0.029878 0.0178406
0 0.760513 0.940184 0.0269299 0.0264465
0 0.355784 0.804737 0.105371 0.102482
0 0.420882 0.51848 0.0955124 0.0867056
0 0.367751 0.408233 0.094106 0.0875278
