0 0.822599 0.621948 0.125866 0.106022
0 0.577713 0.350091 0.165414 0.131251
0 0.504133 0.26237 0.133246 0.105943
0 0.763706 0.547422 0.20323 0.159761
0 0.0483765 0.807221 0.096753 0.1106
0 0.887394 0.95989 0.0536499 0.0449495
0 0.929867 0.407254 0.123363 0.0973236
0 0.922828 0.220149 0.0699776 0.058732
0 0.114182 0.695889 0.0573781 0.0496397
0 0.660656 0.0922375 0.188682 0.13987
0 0.590856 0.671675 0.0546316 0.0439087
0 0.700778 0.646229 0.0676289 0.053936
0 0.918709 0.861959 0.162583 0.223894
0 0.332791 0.980374 0.057796 0.0391949
0 0.658285 0.577713 0.0366091 0.030372
0 0.266553 0.0568743 0.0521433 0.041004
0 0.330243 0.596983 0.105947 0.090737
0 0.27899 0.902733 0.0492109 0.0424892
0 0.886414 0.711901 0.0451904 0.0395571
0 0.120682 0.523537 0.0392698 0.0327557
0 0.272449 0.775021 0.0483891 0.041503
0 0.317386 0.84398 0.0626104 0.0502851
0 0.453167 0.766757 0.0359001 0.0299847
0 0.787091 0.984646 0.0304901 0.0274593
0 0.411528 0.751051 0.0927713 0.0762461
0 0.694153 0.548946 0.069005 0.0583418
0 0.990691 0.034262 0.0186178 0.0574488
0 0.137552 0.936883 0.0403384 0.0358219
0 0.686458 0.470164 0.119563 0.0961262
0 0.637788 0.204303 0.109208 0.0894484
0 0.206586 0.586308 0.0793224 0.0656949
0 0.588928 0.609906 0.0710775 0.0571136
0 0.917039 0.614237 0.0647594 0.0571018
0 0.0562872 0.678716 0.0805735 0.0719207
0 0.864991 0.988224 0.0287289 0.0235529
0 0.113139 0.789414 0.0357166 0.0335091
0 0.688574 0.598466 0.0465778 0.0401354
0 0.8723 0.160591 0.0376467 0.0278941
0 0.943251 0.299466 0.044747 0.0326591
0 0.615187 0.64337 0.0554932 0.0468548
0 0.815811 0.13017 0.0382904 0.0320459
