0 0.085379 0.971758 0.0783035 0.0560078
0 0.239051 0.171448 0.0475597 0.0401278
0 0.083652 0.114949 0.0373122 0.0312047
0 0.767814 0.837455 0.0428533 0.0379667
0 0.468618 0.378697 0.0397963 0.0338221
0 0.610695 0.100649 0.0519117 0.0459978
0 0.981969 0.423871 0.0360618 0.0352081
0 0.382812 0.679633 0.0392407 0.0325276
0 0.284328 0.149538 0.039046 0.0336397
0 0.239041 0.448191 0.0332969 0.0268805
0 0.0704406 0.0586685 0.0383293 0.0329572
0 0.0190882 0.265151 0.0372367 0.0344747
0 0.661404 0.180697 0.0466566 0.0396594
0 0.392943 0.0849188 0.183633 0.162403
0 0.623195 0.12678 0.038198 0.0323779
0 0.721964 0.0175203 0.0286222 0.0269003
0 0.123455 0.629325 0.0523691 0.044182
0 0.983384 0.0982183 0.0295666 0.0249925
0 0.388613 0.305468 0.0563237 0.048221
