0 0.350055 0.45364 0.0806664 0.0702671
0 0.774587 0.11191 0.128041 0.103651
0 0.938327 0.843388 0.122833 0.127882
0 0.336716 0.0462143 0.0321361 0.0262059
0 0.85679 0.647542 0.0384026 0.0304558
0 0.793769 0.0607942 0.0443727 0.0364684
0 0.941876 0.537514 0.0864475 0.0725484
0 0.699754 0.063836 0.0551182 0.045628
0 0.188249 0.245794 0.031659 0.0269662
0 0.822147 0.747447 0.0379402 0.0294294
0 0.270718 0.630932 0.0821898 0.0675066
0 0.0831259 0.931836 0.0546961 0.0421978
0 0.763735 0.78395 0.0662937 0.04927
0 0.583973 0.887469 0.0472004 0.0394056
0 0.368316 0.546231 0.0377413 0.0328
0 0.647724 0.862541 0.0974117 0.0808786
0 0.246059 0.730379 0.0309617 0.0246244
0 0.917894 0.472282 0.0631802 0.0509715
0 0.981611 0.687699 0.0367046 0.0450012
0 0.0945152 0.76953 0.0336672 0.0280093
0 0.0963212 0.591726 0.0460254 0.0379226
0 0.704722 0.807658 0.0401964 0.0339609
0 0.805891 0.682825 0.0451279 0.0359648
0 0.815694 0.340398 0.0510164 0.0417364
0 0.955957 0.70319 0.0499632 0.0415368
0 0.701676 0.753764 0.0662334 0.0547829
0 0.217152 0.371205 0.0302284 0.025981
0 0.380972 0.117278 0.0295516 0.0237547
0 0.773357 0.815957 0.0386047 0.0318762
0 0.701234 0.675773 0.0696979 0.0576904
0 0.785763 0.987333 0.067642 0.0253341
0 0.429977 0.219315 0.0292078 0.0240094
0 0.454925 0.160026 0.0311238 0.0265442
0 0.632084 0.905873 0.0398743 0.0325382
0 0.871777 0.903512 0.0783142 0.0642288
0 0.128418 0.802524 0.052304 0.0401939
0 0.61631 0.17275 0.0878677 0.0713755
