0 0.635889 0.314818 0.107947 0.101018
0 0.947781 0.794451 0.0472158 0.0423494
0 0.190994 0.297413 0.0807052 0.0780241
0 0.13634 0.441657 0.0679496 0.0658401
0 0.516822 0.473622 0.0516106 0.0498716
0 0.0467981 0.64168 0.0428589 0.0416109
0 0.513845 0.832067 0.0600594 0.0559986
0 0.858541 0.24415 0.0630402 0.0590014
0 0.0624997 0.424641 0.0720603 0.0697549
0 0.360472 0.825653 0.0341126 0.0334141
0 0.533768 0.420421 0.0539669 0.0505968
0 0.126651 0.353276 0.13319 0.127522
0 0.294087 0.44599 0.0365231 0.0345822
0 0.975111 0.27002 0.0497784 0.061522
0 0.0624003 0.835074 0.0547504 0.0529476
0 0.244693 0.377834 0.0318356 0.031506
0 0.62635 0.233005 0.035461 0.0322091
0 0.129711 0.660824 0.0275857 0.0267076
0 0.352119 0.49858 0.04334 0.0406262
0 0.919267 0.59286 0.034086 0.0323494
0 0.0168128 0.701094 0.0335687 0.0350393
0 0.906628 0.946011 0.033342 0.0325872
0 0.982875 0.0447636 0.0341166 0.0375601
0 0.477681 0.570718 0.0326199 0.0309505
0 0.963424 0.154967 0.0569885 0.0553147
0 0.807887 0.682651 0.0325855 0.0295912
0 0.517379 0.544651 0.0719001 0.0678568
0 0.855787 0.0103258 0.0548706 0.0206491
0 0.909985 0.990507 0.0482206 0.0189859
0 0.942396 0.964405 0.0529543 0.0532703
0 0.597703 0.556671 0.0277754 0.0266382
0 0.727399 0.406403 0.0832329 0.078968
0 0.662674 0.670551 0.165052 0.147275
0 0.741712 0.131432 0.440252 0.262247
0 0.295473 0.0405488 0.134355 0.0808588
0 0.689824 0.459002 0.0395241 0.0375706
0 0.437389 0.167952 0.202964 0.195083
0 0.92595 0.0857715 0.0624748 0.0576025
0 0.425608 0.469553 0.0557978 0.0539246
0 0.355555 0.0767116 0.0782912 0.0735911
0 0.442382 0.674293 0.051717 0.0470144
0 0.0209613 0.668374 0.0279322 0.0269179
0 0.214194 0.51124 0.0278704 0.0270678
0 0.466451 0.917819 0.0260246 0.0250607
0 0.137264 0.518376 0.0544222 0.0520757
0 0.247256 0.291278 0.0292447 0.0284651
0 0.52144 0.127957 0.0418349 0.038964
0 0.17185 0.165566 0.0271774 0.0265782
0 0.510744 0.797054 0.660923 0.401205
0 0.98967 0.213652 0.0206604 0.0343307
0 0.974038 0.833057 0.0508663 0.0539001
0 0.473702 0.473446 0.0370255 0.0351792
0 0.948526 0.769106 0.0235123 0.0218728
0 0.0319306 0.866493 0.0394431 0.0382513
0 0.418256 0.540384 0.028911 0.0270209
