0 0.880955 0.216489 0.0546028 0.0483062
0 0.820276 0.802946 0.0600433 0.0502983
0 0.683521 0.677869 0.049317 0.0435024
0 0.139067 0.110188 0.0468749 0.0394991
0 0.0380359 0.445606 0.0566362 0.0490845
0 0.220421 0.223408 0.0495941 0.0396725
0 0.859834 0.531861 0.0465935 0.0400841
0 0.55435 0.546562 0.0382553 0.0317078
0 0.1508 0.188355 0.0410227 0.0345603
0 0.385008 0.180942 0.0345449 0.0302384
0 0.545262 0.807934 0.0368351 0.0316984
0 0.551719 0.881145 0.0364187 0.0309307
0 0.647189 0.263139 0.0348535 0.0306197
0 0.517555 0.753555 0.0334023 0.0279247
0 0.842434 0.474741 0.0943283 0.0784323
0 0.551001 0.612136 0.0321936 0.0294545
0 0.311145 0.694895 0.0306561 0.0269909
0 0.316987 0.861147 0.0337979 0.0297272
0 0.696377 0.352166 0.0365072 0.0318975
0 0.533474 0.58506 0.0282141 0.0260638
0 0.441485 0.799633 0.0312073 0.02808
0 0.27893 0.856697 0.0324577 0.0292618
0 0.59034 0.621627 0.0450638 0.0385779
0 0.327016 0.936311 0.0282968 0.0268702
0 0.197127 0.251503 0.0408975 0.0358763
0 0.31264 0.884704 0.0287144 0.0240999
