0 0.344752 0.564724 0.313102 0.261318
0 0.03206 0.765415 0.0639163 0.0529474
0 0.825343 0.946451 0.140932 0.104086
0 0.727787 0.878674 0.136161 0.107594
0 0.847489 0.191466 0.0412888 0.0333173
0 0.342958 0.511759 0.0453353 0.0366354
0 0.228468 0.974709 0.0927384 0.0505829
0 0.0711218 0.892101 0.0854263 0.0702549
0 0.381364 0.577369 0.0732163 0.0581024
0 0.25694 0.844771 0.128409 0.104535
0 0.0519919 0.49855 0.0363371 0.0279325
0 0.486618 0.25747 0.114192 0.0965449
0 0.991995 0.282221 0.0159016 0.0573421
0 0.924158 0.129365 0.0415443 0.0336676
0 0.885629 0.378355 0.0327215 0.0261905
0 0.835759 0.364441 0.0330368 0.028992
0 0.820881 0.762144 0.0372238 0.0294075
0 0.662123 0.954994 0.148962 0.0898933
0 0.884089 0.882954 0.0821766 0.0626267
0 0.658698 0.121772 0.0383593 0.0286754
0 0.468409 0.383999 0.180373 0.150589
0 0.253848 0.701582 0.0609089 0.0465729
0 0.407889 0.907674 0.0545731 0.0413967
0 0.711555 0.650316 0.114306 0.0969973
