0 0.422717 0.345316 0.0422419 0.0412833
0 0.958551 0.766599 0.0814314 0.0826477
0 0.354588 0.950504 0.0959449 0.0896416
0 0.346002 0.879352 0.0388491 0.0380157
0 0.463321 0.327484 0.0355028 0.0347675
0 0.917368 0.0443503 0.0300589 0.0297913
0 0.113948 0.159525 0.033976 0.0332692
0 0.418322 0.719872 0.0319312 0.0313277
0 0.0531378 0.0126508 0.0359265 0.0250732
0 0.0264591 0.159093 0.0325528 0.0313995
0 0.171014 0.888707 0.0855117 0.0771217
0 0.442812 0.574872 0.0243224 0.0235863
0 0.729658 0.963924 0.112538 0.0720518
0 0.746159 0.936616 0.0702166 0.0664486
0 0.268913 0.0179406 0.0271622 0.0262501
0 0.196736 0.96946 0.115078 0.0600143
0 0.240789 0.974283 0.224397 0.0514346
