0 0.533884 0.802352 0.0403249 0.0396576
0 0.573103 0.490348 0.0425432 0.0413012
0 0.0788054 0.905883 0.0608032 0.0606607
0 0.297092 0.231038 0.0443873 0.0435294
0 0.0185793 0.499994 0.0304315 0.0299076
0 0.68542 0.0783158 0.0410183 0.0398433
0 0.222419 0.0136661 0.0579729 0.0271949
0 0.630211 0.450264 0.0305271 0.0294566
0 0.113761 0.11352 0.0449014 0.0440687
0 0.905409 0.801695 0.0318401 0.0312014
0 0.50405 0.933145 0.0379202 0.0361336
0 0.383193 0.367577 0.0306115 0.0295424
0 0.928702 0.477052 0.0439755 0.0439621
0 0.788494 0.784514 0.0323504 0.032802
0 0.33543 0.245685 0.0335264 0.0328534
0 0.707926 0.0130149 0.0310587 0.0255397
0 0.138408 0.67246 0.0280773 0.0275562
0 0.453475 0.425018 0.027553 0.0277725
0 0.561783 0.353288 0.0282567 0.0277861
0 0.417813 0.392255 0.0272095 0.0270625
0 0.285024 0.18391 0.0304285 0.0303558
0 0.936716 0.445668 0.0421364 0.0409565
0 0.30301 0.269951 0.0313037 0.0306306
0 0.239652 0.113604 0.0288604 0.0276612
0 0.0299927 0.588961 0.0262388 0.025029
0 0.858097 0.29777 0.026667 0.0258926
0 0.356768 0.324273 0.0290958 0.0280427
0 0.128273 0.425613 0.0256455 0.0256832
0 0.0848885 0.0254932 0.0279552 0.0266347
0 0.0557672 0.362935 0.0259297 0.0253174
0 0.460143 0.08388 0.0278378 0.0273098
0 0.364804 0.154437 0.0281292 0.028159
0 0.142496 0.453314 0.0263398 0.0253234
0 0.372452 0.178609 0.026836 0.0261854
0 0.301352 0.055905 0.0267669 0.0266351
0 0.0122177 0.894208 0.0244354 0.0294136
0 0.420783 0.0107298 0.0263066 0.0212296
0 0.956244 0.704856 0.0304195 0.0283545
0 0.577836 0.2306 0.0389101 0.0365359
0 0.1032 0.149296 0.029141 0.0283506
0 0.136007 0.744699 0.0246421 0.0261581
0 0.353791 0.088381 0.0256217 0.0246107
0 0.345776 0.46917 0.0265958 0.0253304
0 0.485161 0.158371 0.0309629 0.0307817
0 0.895319 0.621695 0.0268896 0.0259512
0 0.0492818 0.807944 0.0272154 0.0262241
0 0.120461 0.852968 0.0261113 0.0262505
0 0.345245 0.478749 0.0272485 0.0257293
0 0.966904 0.940634 0.0335556 0.0342844
0 0.34033 0.986555 0.0282717 0.0260368
0 0.461498 0.270198 0.0380972 0.0359328
0 0.430727 0.118971 0.023794 0.0236026
0 0.343589 0.27804 0.0247374 0.0245028
0 0.171955 0.0353819 0.0267586 0.0255855
