0 0.293263 0.403654 0.118798 0.106824
0 0.295395 0.0330048 0.0770784 0.0654133
0 0.0342409 0.132221 0.0682456 0.0863072
0 0.887691 0.799085 0.128325 0.108171
0 0.859741 0.610899 0.0811363 0.069062
0 0.764274 0.57493 0.0575525 0.0501364
0 0.649114 0.883531 0.0403936 0.03466
0 0.843388 0.249768 0.0476082 0.0420981
0 0.532732 0.22039 0.0483841 0.0425971
0 0.844316 0.148939 0.059819 0.0533293
0 0.718363 0.511175 0.0438805 0.0390085
0 0.887397 0.327419 0.108898 0.0945097
0 0.718857 0.65419 0.0393034 0.0344862
0 0.853172 0.391653 0.0508114 0.0441869
0 0.82404 0.349532 0.0712904 0.064301
0 0.39374 0.917536 0.0329938 0.0291742
0 0.606035 0.446778 0.0488758 0.0443712
0 0.631572 0.323938 0.090388 0.0812171
0 0.50867 0.801611 0.0309536 0.0280457
0 0.228388 0.464218 0.0309392 0.0266125
0 0.391868 0.137619 0.0796723 0.0699379
0 0.929364 0.975471 0.0414652 0.0373177
0 0.960326 0.36653 0.039571 0.037513
0 0.958435 0.766281 0.0831291 0.0864655
0 0.687655 0.874428 0.0307161 0.025769
0 0.409046 0.504703 0.0344605 0.0320229
0 0.481123 0.239685 0.028017 0.0258004
0 0.65204 0.885074 0.371629 0.229434
0 0.934986 0.666618 0.0629498 0.0522037
0 0.272865 0.855602 0.0747655 0.0684059
0 0.803976 0.300764 0.0401335 0.0344094
0 0.935762 0.199639 0.0361393 0.0297051
0 0.940323 0.627725 0.0356756 0.0291271
0 0.0217707 0.350712 0.0433675 0.135689
0 0.81012 0.274979 0.0468136 0.0384038
0 0.622241 0.991867 0.0288533 0.0159622
0 0.289047 0.82658 0.0368517 0.0343479
0 0.555528 0.475616 0.0455247 0.041139
0 0.568957 0.878138 0.027389 0.0234879
0 0.65496 0.723212 0.0508185 0.0449921
0 0.123003 0.878443 0.246005 0.242847
0 0.633071 0.101153 0.468519 0.201952
0 0.899109 0.952702 0.106128 0.0913733
0 0.931283 0.271802 0.050782 0.0445306
0 0.765114 0.323894 0.0519299 0.0439264
0 0.32606 0.238793 0.0326537 0.0293156
0 0.881654 0.471839 0.0628775 0.0582933
