0 0.423922 0.470847 0.176563 0.170608
0 0.156119 0.739672 0.0567486 0.0553076
0 0.243995 0.877143 0.0921692 0.0886217
0 0.428483 0.0269496 0.0626795 0.0538993
0 0.265846 0.027292 0.0510997 0.0490347
0 0.0777352 0.0679663 0.0290779 0.0284056
0 0.612801 0.51782 0.0453766 0.0442917
0 0.560334 0.128249 0.0503885 0.0491053
0 0.953074 0.84653 0.0361942 0.0343941
0 0.730435 0.569048 0.0323816 0.031044
0 0.920347 0.938018 0.0272675 0.0270741
0 0.799536 0.146575 0.0321005 0.0322112
0 0.849633 0.266497 0.0615669 0.0602288
0 0.287668 0.256648 0.0654339 0.0627082
0 0.584858 0.185015 0.0429099 0.0414325
0 0.83993 0.537315 0.0425831 0.0415971
0 0.151801 0.352325 0.0497608 0.0475154
0 0.259959 0.396855 0.0456787 0.0431972
0 0.816727 0.521279 0.0392057 0.0375519
0 0.671024 0.253835 0.02812 0.0277483
0 0.0153622 0.759746 0.0307243 0.0344137
0 0.7451 0.0303182 0.0693697 0.0592338
0 0.286517 0.136109 0.0371047 0.0359737
0 0.11458 0.340173 0.0364105 0.0363492
0 0.152056 0.321812 0.0350038 0.0323937
0 0.338551 0.352651 0.031563 0.0296983
0 0.947865 0.720661 0.0278362 0.0265368
0 0.00949114 0.355754 0.0189823 0.0294219
0 0.405787 0.0777905 0.0295396 0.028465
0 0.973639 0.304363 0.0526951 0.0586587
0 0.541373 0.431192 0.0930878 0.0911572
0 0.915345 0.475115 0.0297016 0.0283655
0 0.432099 0.951279 0.029467 0.0281494
0 0.142384 0.632858 0.178378 0.171024
0 0.474718 0.856201 0.0287912 0.0287045
0 0.653361 0.77962 0.0263986 0.0246674
0 0.357095 0.695451 0.0323225 0.0303848
0 0.945865 0.0619852 0.0345211 0.0332885
0 0.703296 0.547299 0.0347415 0.0312004
0 0.65484 0.708347 0.0253307 0.0249176
0 0.737219 0.0067121 0.0368895 0.0131344
0 0.767963 0.352906 0.0258591 0.0249694
0 0.847784 0.937398 0.0257015 0.0247549
0 0.821483 0.936437 0.0262169 0.0262419
0 0.633079 0.0341748 0.0256861 0.0244889
0 0.510409 0.16245 0.0324396 0.0321734
0 0.541234 0.387456 0.0533007 0.0512894
0 0.775276 0.932958 0.0259607 0.0253189
0 0.973876 0.972765 0.0243504 0.0242456
0 0.357138 0.586814 0.0423774 0.0413168
0 0.547789 0.88378 0.0264535 0.0258823
0 0.574068 0.243724 0.0268733 0.0255665
0 0.234763 0.0704199 0.0229244 0.0225855
0 0.696434 0.105965 0.028429 0.0290447
0 0.522156 0.753817 0.523561 0.46173
