0 0.617895 0.714679 0.1753 0.131105
0 0.688196 0.415143 0.218038 0.148856
0 0.235701 0.524899 0.0597168 0.0424643
0 0.364962 0.281092 0.0578973 0.042248
0 0.522166 0.59293 0.0599554 0.0437542
0 0.914549 0.52844 0.0478964 0.0329615
0 0.118178 0.454761 0.0404454 0.0291313
0 0.853043 0.574765 0.0361731 0.024966
0 0.187679 0.21203 0.0504871 0.0355047
0 0.0594626 0.398268 0.0362325 0.0266422
0 0.762862 0.215977 0.0404818 0.0290777
0 0.714278 0.582074 0.0488561 0.0372232
0 0.326909 0.435985 0.0451183 0.0317538
0 0.923458 0.722384 0.14504 0.102015
0 0.757619 0.328755 0.078562 0.0562584
0 0.174234 0.407784 0.0382541 0.0264606
0 0.259074 0.486389 0.0577887 0.04322
0 0.0205776 0.165659 0.0295607 0.025303
0 0.738078 0.115615 0.0491964 0.0354095
