0 0.335806 0.453325 0.0360877 0.0355228
0 0.41427 0.317442 0.0396479 0.03957
0 0.169257 0.137629 0.0449764 0.0438021
0 0.128064 0.531444 0.0419093 0.0411852
0 0.712822 0.807091 0.0313997 0.03158
0 0.950914 0.722761 0.0306652 0.0300216
0 0.296752 0.473709 0.047138 0.0465728
0 0.0187344 0.60245 0.0374591 0.0463554
0 0.419034 0.222228 0.0440079 0.04337
0 0.22907 0.567552 0.042634 0.042428
0 0.0943186 0.872277 0.0337566 0.0316612
0 0.143064 0.0291956 0.031231 0.0303919
0 0.277707 0.224829 0.0303302 0.0288092
0 0.421589 0.15307 0.0430601 0.0436033
0 0.178104 0.564576 0.0324003 0.0317576
0 0.513736 0.925927 0.058434 0.0561064
0 0.940141 0.990842 0.031052 0.0183161
0 0.477857 0.841179 0.0374002 0.0363132
0 0.127861 0.202624 0.0501693 0.0481459
0 0.281789 0.955983 0.0491282 0.0465298
0 0.296387 0.88634 0.348841 0.226991
0 0.94775 0.809505 0.0545456 0.0542358
0 0.967857 0.779952 0.0320517 0.0312507
0 0.154267 0.684441 0.142925 0.13571
0 0.190784 0.178074 0.0309089 0.0299776
0 0.797933 0.890294 0.0264074 0.0256359
0 0.54564 0.763974 0.234627 0.24202
0 0.619266 0.884326 0.0291695 0.0273632
0 0.0738347 0.729464 0.0341352 0.0341884
0 0.0681218 0.848229 0.0286415 0.0281216
0 0.417353 0.73876 0.0350287 0.0363084
0 0.266619 0.00848189 0.0319625 0.0167845
0 0.524132 0.95648 0.183096 0.0870407
0 0.983697 0.753976 0.0326058 0.0411829
0 0.96465 0.0682733 0.0653919 0.0654826
0 0.657279 0.903373 0.0258919 0.025415
0 0.0950389 0.161896 0.0358047 0.0324407
0 0.330805 0.0429871 0.0346153 0.0341053
0 0.901055 0.832731 0.0271736 0.0272034
0 0.0636009 0.377658 0.126884 0.321358
0 0.559835 0.729927 0.024839 0.0233629
0 0.445063 0.128292 0.0260281 0.0251759
0 0.0587772 0.753637 0.0251531 0.0243986
0 0.222131 0.69767 0.0266609 0.024914
0 0.535605 0.84759 0.0304295 0.0288155
