0 0.657512 0.526202 0.295305 0.292186
0 0.418545 0.238261 0.236763 0.23994
0 0.932203 0.660886 0.0575708 0.0558483
0 0.100034 0.863309 0.0356693 0.0352432
0 0.408506 0.836936 0.040156 0.0396381
0 0.74897 0.41135 0.0385786 0.0376289
0 0.775493 0.204549 0.0479654 0.0474184
0 0.651978 0.0721395 0.037641 0.0368685
0 0.0517095 0.242655 0.0474002 0.0464594
0 0.117896 0.647128 0.0472741 0.0470655
0 0.130271 0.570063 0.0335306 0.0329841
0 0.248771 0.0589127 0.046162 0.045322
0 0.836259 0.020516 0.0331875 0.0333297
0 0.262646 0.61079 0.0373613 0.0376822
0 0.239267 0.667413 0.0340964 0.0335638
0 0.6567 0.396739 0.0304573 0.0294511
0 0.857031 0.703053 0.285756 0.283837
0 0.299216 0.0140469 0.0506878 0.0279187
0 0.944139 0.981576 0.0358322 0.032391
0 0.706262 0.961437 0.0325252 0.0308235
0 0.0420323 0.137282 0.030072 0.0292137
0 0.523129 0.0543206 0.0282608 0.0284167
0 0.120458 0.249116 0.0519372 0.0506398
0 0.711046 0.934384 0.0326735 0.0320423
0 0.799282 0.461739 0.0270586 0.0269361
0 0.109671 0.42719 0.036352 0.0364249
0 0.0554944 0.549512 0.0852785 0.0826248
0 0.088507 0.296857 0.0292265 0.0290495
0 0.0517583 0.920858 0.103372 0.157809
0 0.150271 0.211462 0.0323904 0.030929
0 0.0983766 0.467746 0.029056 0.0287793
0 0.778808 0.0174493 0.0398676 0.0348986
0 0.0861673 0.483138 0.0399371 0.037619
0 0.567671 0.807265 0.351764 0.32343
0 0.161713 0.366853 0.0300749 0.0295157
0 0.329799 0.670961 0.164663 0.154785
0 0.279228 0.976953 0.112739 0.0460943
0 0.0522416 0.053463 0.0315618 0.0305424
0 0.962264 0.992252 0.0260036 0.0154461
0 0.0661467 0.210347 0.0251371 0.0236605
0 0.666566 0.745523 0.0530941 0.0509073
0 0.0240709 0.264442 0.0347215 0.035103
0 0.159918 0.649695 0.0475147 0.0480499
