0 0.662674 0.457935 0.40903 0.354813
0 0.26826 0.223195 0.0780923 0.0659394
0 0.157046 0.0481487 0.111919 0.0930942
0 0.0438687 0.936649 0.0877373 0.0897278
0 0.621166 0.806844 0.0898048 0.0825838
0 0.194011 0.329134 0.0692546 0.0602343
0 0.0930132 0.21352 0.0818478 0.0673918
0 0.185326 0.683159 0.0837314 0.0715344
0 0.0794492 0.765663 0.0679796 0.0613652
0 0.880939 0.482894 0.0567627 0.0502382
0 0.601343 0.0678383 0.0655081 0.052601
0 0.228141 0.912809 0.0396407 0.0354347
0 0.27769 0.911799 0.0503208 0.0465578
0 0.968583 0.420544 0.0622253 0.0603917
0 0.678462 0.897333 0.0656794 0.058717
0 0.109905 0.34892 0.0466082 0.0402983
0 0.145283 0.893229 0.047818 0.0435154
0 0.566308 0.849343 0.0356547 0.0331352
0 0.0169921 0.517619 0.0339841 0.0344965
0 0.336198 0.588922 0.0336855 0.030291
0 0.10843 0.945672 0.0526351 0.0491098
0 0.177695 0.285983 0.0333981 0.0288015
0 0.771157 0.63719 0.0513676 0.0450451
0 0.255645 0.393942 0.0381677 0.0324457
0 0.97925 0.882833 0.0311893 0.0284897
0 0.754988 0.140978 0.0331606 0.0272547
0 0.0423284 0.284481 0.0300977 0.0266619
0 0.022727 0.777992 0.0376962 0.0329256
0 0.640231 0.807653 0.553115 0.383734
0 0.789971 0.0588606 0.249396 0.117375
0 0.288618 0.807899 0.0335414 0.0312366
0 0.617948 0.764767 0.0298985 0.026507
0 0.363634 0.486045 0.058304 0.0501932
0 0.303376 0.493104 0.0594575 0.0527824
0 0.298793 0.316904 0.0300239 0.0259879
0 0.571955 0.885186 0.0301484 0.0288092
0 0.172262 0.14636 0.183648 0.150163
0 0.441207 0.0649092 0.154035 0.12886
0 0.187347 0.822999 0.0331375 0.0295437
0 0.912842 0.171589 0.174316 0.330435
0 0.479983 0.362715 0.0879868 0.0779903
0 0.105895 0.828351 0.119669 0.104702
0 0.392579 0.0108641 0.0677173 0.0217283
0 0.347467 0.990193 0.0283393 0.019257
0 0.0913989 0.883855 0.026884 0.0257843
0 0.877378 0.526288 0.0303585 0.0267754
0 0.932527 0.256565 0.134947 0.160591
0 0.902005 0.981698 0.041428 0.0353432
0 0.147702 0.844582 0.0539437 0.0514122
0 0.0189726 0.0843786 0.0356552 0.0320677
0 0.401565 0.145088 0.0937116 0.0758709
0 0.481307 0.761109 0.028362 0.0254431
