0 0.454693 0.521174 0.191973 0.182172
0 0.696819 0.276779 0.0921968 0.0894023
0 0.535976 0.388235 0.0671192 0.0652156
0 0.791606 0.787028 0.0351704 0.0338266
0 0.322547 0.816874 0.164788 0.162713
0 0.19185 0.682961 0.0985912 0.0956645
0 0.3393 0.515459 0.0642705 0.0616232
0 0.446027 0.867884 0.0329483 0.0309921
0 0.0476758 0.707375 0.0645694 0.062352
0 0.887276 0.964231 0.0387562 0.0374249
0 0.709172 0.752091 0.0378803 0.0371495
0 0.798084 0.830741 0.219296 0.209065
0 0.447901 0.485752 0.0315716 0.0306716
0 0.0355281 0.842484 0.0358375 0.0340538
0 0.442699 0.98207 0.0352494 0.0335964
0 0.936601 0.216279 0.0313141 0.0309071
0 0.325521 0.642011 0.0465199 0.0448614
0 0.400026 0.915003 0.0313658 0.0308884
0 0.805152 0.638273 0.05592 0.0535084
0 0.933446 0.866801 0.0326876 0.0305664
0 0.585559 0.941857 0.158568 0.116286
0 0.144106 0.545598 0.0341407 0.0323019
0 0.83135 0.951996 0.0308922 0.029353
0 0.11402 0.745687 0.0528591 0.0520661
0 0.114277 0.347907 0.227545 0.397083
0 0.150547 0.573557 0.0418929 0.040395
0 0.928022 0.813378 0.0391575 0.0378689
0 0.678209 0.909164 0.190202 0.177597
0 0.913725 0.927098 0.0378698 0.0374031
0 0.108828 0.711747 0.0305239 0.0303949
0 0.651642 0.734499 0.0382675 0.0367563
0 0.0511086 0.0418859 0.101355 0.0833253
0 0.253916 0.62929 0.0321604 0.0305067
0 0.138634 0.0735302 0.0867761 0.0797074
0 0.985938 0.921994 0.0263601 0.026334
0 0.617781 0.655559 0.0368725 0.0350767
0 0.522029 0.333728 0.0377314 0.0358812
0 0.509467 0.638968 0.0860211 0.0826619
0 0.870227 0.0165563 0.203788 0.0331125
0 0.728684 0.645662 0.0312211 0.0301415
0 0.89882 0.903738 0.0292671 0.0315712
0 0.274582 0.862047 0.0276003 0.0267025
0 0.647856 0.863849 0.0975014 0.0958269
0 0.247842 0.594904 0.0304073 0.0291482
0 0.293588 0.576528 0.0308886 0.0291872
0 0.242796 0.894974 0.0254988 0.0244389
