0 0.973007 0.722839 0.0392832 0.0378702
0 0.716628 0.194338 0.0647984 0.0634214
0 0.542565 0.253935 0.0449646 0.0440928
0 0.196185 0.758913 0.0361795 0.0354031
0 0.104874 0.499011 0.0412555 0.0399132
0 0.684877 0.151395 0.0337103 0.0335424
0 0.845112 0.743898 0.0382988 0.0381167
0 0.0341555 0.360002 0.0376476 0.0370505
0 0.428622 0.413694 0.0380946 0.0375452
0 0.659654 0.900767 0.0329763 0.0318245
0 0.0533337 0.418856 0.0267421 0.0264084
0 0.0509192 0.392247 0.031635 0.0305328
0 0.404079 0.813463 0.0289793 0.0282501
0 0.307981 0.928068 0.0428447 0.0417465
0 0.687323 0.0158894 0.0515978 0.0317789
0 0.394853 0.409146 0.0425131 0.0426548
0 0.820074 0.704139 0.0587608 0.0569988
0 0.727132 0.866822 0.0470204 0.0439831
0 0.522321 0.888517 0.0273819 0.0255604
0 0.116218 0.0756731 0.030544 0.0300035
0 0.464652 0.418593 0.0336609 0.0337177
0 0.250514 0.475024 0.114375 0.112205
0 0.642565 0.481036 0.0494192 0.0492897
0 0.247793 0.356096 0.0276991 0.0265963
0 0.362226 0.0328638 0.0526384 0.050054
0 0.259782 0.183776 0.447702 0.367552
0 0.371074 0.673714 0.0270667 0.0260369
0 0.796634 0.642972 0.0382898 0.036765
0 0.252094 0.975079 0.0680418 0.04886
0 0.197097 0.614706 0.0348393 0.0363517
0 0.297606 0.790894 0.0476189 0.0447988
0 0.701553 0.353551 0.0284821 0.0268861
0 0.292261 0.695011 0.041667 0.0395356
0 0.0801597 0.934558 0.0256387 0.0249926
