0 0.210042 0.423507 0.062187 0.0469541
0 0.0922737 0.0865438 0.111081 0.0813707
0 0.140717 0.123246 0.0513877 0.0369366
0 0.0207192 0.214815 0.0414385 0.0390144
0 0.0370723 0.0146509 0.0409388 0.0290221
0 0.298844 0.213571 0.0468407 0.0348428
0 0.487802 0.573946 0.66587 0.453762
0 0.386476 0.0115344 0.0384922 0.0226204
0 0.21827 0.269508 0.0470984 0.0338937
0 0.0168815 0.083005 0.0336896 0.0302647
0 0.833084 0.788939 0.0332266 0.0227881
0 0.182689 0.234823 0.0336021 0.0248135
0 0.718856 0.204524 0.562287 0.409048
0 0.293649 0.170487 0.0398589 0.0280171
0 0.784276 0.141557 0.0571058 0.0436691
0 0.712712 0.138057 0.033243 0.0242868
0 0.28426 0.0171624 0.0427306 0.0314336
