0 0.922193 0.8854 0.084123 0.081288
0 0.350115 0.981152 0.0411301 0.0365614
0 0.30569 0.110235 0.0370886 0.0338977
0 0.53971 0.424268 0.0370029 0.0347016
0 0.29517 0.664281 0.0295814 0.0284824
0 0.482663 0.869872 0.0359618 0.0339111
0 0.83084 0.121219 0.0386892 0.0365806
0 0.419196 0.27607 0.0371492 0.0340073
0 0.420712 0.810675 0.0290691 0.0276215
0 0.0164157 0.614601 0.0325556 0.0421412
0 0.034644 0.208636 0.0408736 0.0394457
0 0.124561 0.314601 0.0368935 0.0359809
0 0.352295 0.294028 0.0389996 0.0360096
0 0.265952 0.789263 0.0305042 0.0285904
0 0.741647 0.822541 0.0310972 0.0281969
0 0.70756 0.757033 0.0319541 0.0293034
0 0.894585 0.671477 0.0683472 0.0651889
0 0.0314165 0.158073 0.0357033 0.034985
0 0.712768 0.730049 0.0406815 0.0369159
0 0.266409 0.259003 0.0392945 0.0364132
0 0.852887 0.65675 0.0283279 0.0278253
0 0.0689865 0.271133 0.0285881 0.0280783
0 0.205973 0.747617 0.0327916 0.0315887
0 0.480454 0.237323 0.0473446 0.0431037
0 0.587177 0.897363 0.0753555 0.0711952
