0 0.399405 0.699829 0.183311 0.165718
0 0.321527 0.580156 0.0845851 0.074485
0 0.477101 0.527599 0.0623204 0.0541319
0 0.69716 0.181279 0.0629708 0.0537846
0 0.231269 0.411507 0.0477229 0.0433106
0 0.145564 0.120443 0.0427165 0.0385322
0 0.971267 0.65804 0.0344633 0.0308238
0 0.303652 0.955804 0.0491721 0.041806
0 0.93591 0.400511 0.0344454 0.032101
0 0.778382 0.57245 0.0360462 0.0319351
0 0.546671 0.507605 0.0342433 0.0307394
0 0.0204833 0.229626 0.0402904 0.0347397
0 0.0100152 0.412097 0.0200018 0.0373407
0 0.160144 0.0139379 0.0368341 0.0277194
0 0.260892 0.430235 0.0318158 0.0289112
0 0.495077 0.132773 0.0320431 0.0282319
0 0.0101251 0.16054 0.0202216 0.0398848
0 0.272407 0.387209 0.0327587 0.0299898
0 0.786067 0.271767 0.0359036 0.0318585
0 0.754942 0.499371 0.0325333 0.0293846
0 0.103902 0.394168 0.0336303 0.0307029
0 0.967341 0.0809211 0.0331652 0.0294992
0 0.08187 0.931786 0.037604 0.0320053
0 0.125038 0.675288 0.0389295 0.0343536
0 0.319126 0.342031 0.0275192 0.0256483
0 0.476724 0.57374 0.0356503 0.0315047
0 0.163375 0.823756 0.0344865 0.0317429
0 0.772319 0.219618 0.0289618 0.025986
0 0.713027 0.580837 0.0292041 0.026244
0 0.760128 0.244841 0.0338736 0.0291389
