0 0.77437 0.0664276 0.0420609 0.0394117
0 0.884263 0.735942 0.0548658 0.0506779
0 0.148252 0.759651 0.296505 0.30934
0 0.368321 0.926612 0.0398883 0.0394989
0 0.579664 0.118711 0.0513456 0.0476486
0 0.0515111 0.474192 0.0566045 0.0536509
0 0.154605 0.969737 0.0316806 0.0301365
0 0.50429 0.706717 0.0283531 0.027097
0 0.979886 0.247659 0.0387424 0.0378976
0 0.739369 0.861921 0.0932226 0.0857578
0 0.547603 0.40228 0.297261 0.29138
0 0.888006 0.514293 0.0349396 0.0318573
0 0.927908 0.618721 0.0721972 0.0693996
0 0.342411 0.723781 0.0810804 0.0786166
0 0.0074743 0.476915 0.0149486 0.0410751
0 0.902789 0.362875 0.0304977 0.0284842
0 0.603902 0.237317 0.0326979 0.0295506
0 0.218743 0.61455 0.0281218 0.0279537
0 0.505107 0.9884 0.0331905 0.0230762
0 0.860377 0.538344 0.0272369 0.0278302
