0 0.118689 0.784079 0.110303 0.0907911
0 0.743526 0.596357 0.0737431 0.0600718
0 0.817474 0.577262 0.0921526 0.0775278
0 0.192193 0.939421 0.0749176 0.0594547
0 0.0632756 0.0553543 0.0684459 0.0580693
0 0.945134 0.229552 0.0874651 0.0691094
0 0.505028 0.200813 0.0478979 0.0383818
0 0.292825 0.805813 0.0591062 0.0478489
0 0.450335 0.313055 0.0686338 0.0556579
0 0.967477 0.318643 0.0645946 0.0698767
0 0.59238 0.67386 0.0418375 0.0336899
0 0.641015 0.364561 0.0430239 0.0366661
0 0.485277 0.855297 0.0551283 0.0473007
0 0.244761 0.297858 0.0380031 0.0318114
0 0.0659596 0.249871 0.0380495 0.0318776
0 0.804706 0.451392 0.047662 0.0380886
0 0.590913 0.8557 0.0536996 0.0469336
0 0.0347674 0.504954 0.0695348 0.0599468
0 0.542772 0.780725 0.0763046 0.0604734
0 0.429154 0.930739 0.041315 0.0332493
0 0.481718 0.420303 0.0412241 0.0316938
0 0.370959 0.985631 0.0633084 0.0287386
0 0.840571 0.506168 0.0764956 0.0527496
0 0.634555 0.601884 0.0528323 0.0441767
0 0.193959 0.103764 0.0717591 0.0632818
0 0.433385 0.360573 0.0500637 0.0428757
0 0.020561 0.748026 0.0411221 0.04541
0 0.413856 0.289236 0.0508697 0.0413314
0 0.621882 0.632769 0.0515249 0.0413027
0 0.660326 0.0379276 0.0379044 0.0306841
0 0.96704 0.670137 0.0486063 0.0406071
0 0.905252 0.86416 0.03395 0.0277124
0 0.214629 0.140939 0.0612832 0.0498661
0 0.466942 0.277913 0.0424883 0.0346646
0 0.0253969 0.364906 0.0420935 0.0345487
0 0.629882 0.745175 0.0474698 0.0376461
0 0.322999 0.669016 0.0398025 0.0319073
0 0.820687 0.394823 0.0478945 0.0383527
0 0.267029 0.719023 0.0413242 0.0325827
0 0.0451447 0.342306 0.041033 0.0332564
0 0.154791 0.159045 0.0661391 0.04863
0 0.277695 0.303316 0.0397874 0.0329417
0 0.577685 0.951669 0.0867475 0.0674751
0 0.619055 0.486842 0.0367861 0.0321081
0 0.0227576 0.264239 0.0323005 0.0299756
0 0.364992 0.952003 0.0605386 0.045709
0 0.985415 0.779019 0.0291697 0.0335156
0 0.298727 0.692561 0.0572377 0.0474129
0 0.769012 0.685697 0.0550705 0.037715
0 0.10764 0.356954 0.0321758 0.0263176
0 0.735243 0.224096 0.0531424 0.0434181
0 0.692188 0.335145 0.0587244 0.0455048
0 0.661227 0.432764 0.0370708 0.0316795
0 0.707906 0.68428 0.0332741 0.028124
0 0.578777 0.906969 0.0499509 0.0398792
0 0.118946 0.865397 0.0445997 0.0366423
0 0.617134 0.984829 0.039118 0.0303345
0 0.0600813 0.461363 0.0441634 0.0364456
0 0.328593 0.495263 0.0339966 0.0272839
0 0.708618 0.487115 0.0372253 0.0315176
0 0.792635 0.309718 0.0576464 0.0484299
0 0.232221 0.907913 0.0357437 0.0307491
0 0.527827 0.389321 0.0357985 0.0288143
0 0.651137 0.543374 0.037315 0.0307485
0 0.701074 0.795567 0.0487658 0.0363454
0 0.804136 0.359544 0.0384423 0.031097
0 0.664573 0.399359 0.0465693 0.0402246
0 0.424469 0.12364 0.0319328 0.0276406
0 0.709025 0.242453 0.0475988 0.0392014
0 0.566089 0.287875 0.0310259 0.0247334
0 0.362278 0.819609 0.0340847 0.0277334
0 0.753826 0.0630299 0.0351056 0.027673
0 0.0974748 0.405474 0.0452104 0.0370379
0 0.69769 0.407613 0.0310707 0.0259809
0 0.0168311 0.931196 0.031841 0.0281178
0 0.755725 0.208112 0.0321153 0.0266673
0 0.183431 0.0122359 0.0294526 0.0238215
0 0.476854 0.355051 0.0343769 0.0291148
0 0.709307 0.982718 0.0296626 0.0249743
0 0.647106 0.297181 0.0314761 0.0269392
0 0.160657 0.284289 0.0286396 0.0256882
0 0.0300631 0.320057 0.0331259 0.0287225
0 0.0214589 0.448204 0.0428167 0.0435463
0 0.0959312 0.264437 0.0292635 0.0246275
0 0.572527 0.748657 0.0567329 0.0469725
0 0.0285224 0.480672 0.0361123 0.0329441
0 0.112554 0.0792797 0.031041 0.0273582
0 0.764651 0.982433 0.0273079 0.02516
0 0.866966 0.309714 0.0345528 0.030128
0 0.807672 0.316335 0.0313099 0.0286861
0 0.629987 0.572834 0.0311625 0.0263097
0 0.738113 0.50266 0.0336137 0.027667
0 0.244253 0.0822886 0.0436178 0.037541
0 0.0100634 0.868132 0.0199719 0.0697657
0 0.695398 0.262504 0.0323424 0.0271523
0 0.397283 0.512382 0.027569 0.0238724
0 0.944186 0.381548 0.072941 0.0658265
0 0.837996 0.619336 0.0386198 0.0300377
0 0.351029 0.0866594 0.0302181 0.025025
0 0.901871 0.119685 0.0332102 0.0267038
0 0.339899 0.846204 0.0325171 0.0255287
