0 0.904076 0.0846971 0.190416 0.169394
0 0.565856 0.114663 0.302085 0.228781
0 0.621869 0.901571 0.0800769 0.0775524
0 0.898779 0.241039 0.114661 0.115388
0 0.152093 0.0837604 0.0537267 0.0533889
0 0.407503 0.130799 0.0580178 0.0572866
0 0.235071 0.0254403 0.0644094 0.0508806
0 0.0903334 0.42721 0.0512488 0.0508392
0 0.782679 0.0864017 0.0730034 0.0719
0 0.322552 0.470784 0.0301547 0.0303297
0 0.883192 0.51193 0.0670651 0.066383
0 0.0580541 0.337597 0.0880011 0.0853345
0 0.169337 0.457339 0.0558565 0.0557379
0 0.0303984 0.258075 0.0442953 0.0435275
0 0.555365 0.0375925 0.085976 0.0741038
0 0.260082 0.298665 0.0272582 0.0261592
0 0.635835 0.0227776 0.0305553 0.028574
0 0.0209613 0.634639 0.041633 0.0702
0 0.564231 0.242167 0.0370928 0.0359703
0 0.520894 0.473891 0.0454941 0.0458467
0 0.808321 0.369118 0.0496265 0.0452
0 0.814338 0.551285 0.026503 0.0258295
0 0.591471 0.594898 0.0424707 0.0406398
0 0.252823 0.530403 0.0644351 0.0636375
0 0.244894 0.0769074 0.0332629 0.0312268
0 0.255237 0.394829 0.132367 0.133056
0 0.461385 0.48823 0.024288 0.0243237
0 0.557528 0.941106 0.147943 0.117787
0 0.460208 0.193173 0.0250445 0.0239218
0 0.137923 0.00557066 0.0302336 0.0111413
0 0.389066 0.926215 0.214638 0.146873
0 0.688051 0.960192 0.099522 0.0796158
0 0.0377149 0.0507148 0.075429 0.101222
