0 0.959943 0.704493 0.0513626 0.0406284
0 0.342719 0.641123 0.33099 0.288499
0 0.952222 0.0247939 0.0707069 0.0490237
0 0.583834 0.460644 0.0444661 0.0333679
0 0.567034 0.223237 0.65974 0.446474
0 0.43148 0.52 0.0412294 0.0308265
0 0.226328 0.499863 0.0412949 0.0309188
0 0.119837 0.741547 0.239297 0.234659
0 0.150452 0.874667 0.0845726 0.0661392
0 0.865837 0.393568 0.0345924 0.0261047
0 0.891596 0.845988 0.216808 0.243769
0 0.113916 0.585443 0.0667103 0.0500092
0 0.665247 0.270328 0.0340661 0.0276912
