0 0.850569 0.413268 0.0441452 0.0418128
0 0.932917 0.738005 0.0643959 0.0626179
0 0.650235 0.904612 0.0604801 0.060113
0 0.152769 0.55846 0.0525007 0.0507025
0 0.871602 0.295422 0.0618622 0.0612387
0 0.985171 0.552937 0.0293964 0.0344951
0 0.239366 0.713594 0.0611583 0.0563816
0 0.0896008 0.888705 0.0340231 0.032864
0 0.511867 0.496144 0.0402945 0.0393926
0 0.757641 0.511779 0.0303831 0.0285936
0 0.178113 0.957561 0.0270917 0.0268551
0 0.0493919 0.685784 0.0316871 0.0317881
0 0.916496 0.910372 0.0338999 0.0325886
0 0.762516 0.325864 0.0321117 0.0301273
0 0.102529 0.499692 0.0313962 0.0300256
0 0.181073 0.763679 0.0330351 0.0313711
0 0.134942 0.733684 0.0373493 0.0374179
0 0.839878 0.605608 0.0280136 0.0273993
0 0.864437 0.62101 0.0302403 0.0294146
0 0.36887 0.866796 0.0353602 0.0334007
0 0.394881 0.886331 0.0297705 0.0283775
0 0.283803 0.600293 0.0282395 0.0267103
0 0.220012 0.813331 0.034299 0.0330914
0 0.961871 0.213964 0.0460564 0.0437096
0 0.402716 0.850546 0.0339998 0.0334599
0 0.456817 0.817825 0.0270967 0.025765
0 0.292326 0.146336 0.0409562 0.0398584
0 0.582644 0.804613 0.0285212 0.0284304
0 0.263987 0.648043 0.0386644 0.0372603
0 0.105688 0.73594 0.0336123 0.0336315
0 0.969763 0.65886 0.0599464 0.132923
