0 0.678795 0.719918 0.151389 0.119508
0 0.445254 0.353306 0.220192 0.194514
0 0.1161 0.817782 0.230233 0.215302
0 0.800534 0.900816 0.27943 0.198099
0 0.37561 0.78411 0.222548 0.190026
0 0.112638 0.634152 0.225275 0.241947
0 0.900661 0.424309 0.198195 0.215625
0 0.88135 0.360278 0.0839548 0.0701216
0 0.769031 0.656857 0.0369961 0.0309786
0 0.0755094 0.0716575 0.0322275 0.025074
0 0.487392 0.805413 0.0543577 0.0497337
0 0.586974 0.777219 0.0710289 0.059059
0 0.889867 0.0104005 0.056325 0.02059
0 0.635354 0.792299 0.0314503 0.0273541
0 0.0183424 0.400687 0.0366462 0.124223
0 0.649056 0.821604 0.122605 0.0973845
0 0.99145 0.0340192 0.0171005 0.0404957
