0 0.532848 0.948715 0.0529312 0.0463882
0 0.861808 0.214322 0.038361 0.0355105
0 0.39166 0.270647 0.0434403 0.0381864
0 0.736635 0.722199 0.0335659 0.0294479
0 0.211062 0.0548278 0.0537583 0.0450891
0 0.59355 0.761207 0.0303349 0.0265339
0 0.0200568 0.933966 0.0328891 0.0300163
0 0.234802 0.367631 0.143888 0.127161
0 0.235311 0.927486 0.0997866 0.0905182
0 0.343588 0.772759 0.0614499 0.0539221
0 0.567536 0.847352 0.0709116 0.0624233
0 0.297715 0.0789258 0.036115 0.0322598
0 0.798889 0.434947 0.0965992 0.0823649
0 0.568685 0.888397 0.0671743 0.0572701
0 0.0256436 0.891494 0.0241795 0.0228802
0 0.813739 0.512366 0.0520256 0.0467698
0 0.314118 0.856783 0.0950077 0.0860542
0 0.214198 0.837725 0.140987 0.129205
0 0.297542 0.973563 0.132828 0.0522335
