0 0.839416 0.0686864 0.119995 0.103179
0 0.526379 0.516245 0.397637 0.323234
0 0.0899584 0.809443 0.0497604 0.0438674
0 0.254558 0.145214 0.0341421 0.0285818
0 0.939412 0.126981 0.033433 0.0276401
0 0.920343 0.596115 0.159314 0.157698
0 0.456312 0.461009 0.0301603 0.0244839
0 0.240049 0.747094 0.480099 0.505813
0 0.0395699 0.290769 0.0643062 0.0528037
0 0.0972823 0.321429 0.193889 0.253729
0 0.255982 0.441786 0.0289368 0.0237623
0 0.179627 0.0634788 0.0320297 0.0289145
0 0.865541 0.137963 0.0448879 0.0370788
0 0.930756 0.993572 0.0367678 0.0128565
