0 0.791184 0.883409 0.098591 0.0944521
0 0.683351 0.320627 0.193232 0.182515
0 0.56511 0.795507 0.24918 0.242275
0 0.664497 0.513596 0.122979 0.120991
0 0.277987 0.923772 0.101358 0.100857
0 0.16857 0.0798786 0.0973945 0.0936731
0 0.520513 0.361314 0.0364696 0.0357443
0 0.494846 0.310938 0.0392696 0.0375678
0 0.328216 0.637133 0.103562 0.0983106
0 0.786419 0.0240944 0.041579 0.0411165
0 0.372294 0.372783 0.0369075 0.0354609
0 0.695077 0.806865 0.0668697 0.0643877
0 0.0993788 0.784276 0.083783 0.0807522
0 0.25604 0.343646 0.0467292 0.0463906
0 0.914498 0.423138 0.168975 0.236212
0 0.829534 0.598069 0.0319889 0.031279
0 0.241213 0.211219 0.0321599 0.030769
0 0.932741 0.0605638 0.0408236 0.0386317
0 0.82055 0.773277 0.0626419 0.061581
0 0.620161 0.0126139 0.0314741 0.0252278
0 0.113983 0.431993 0.0540095 0.05433
0 0.592359 0.112499 0.0288454 0.0284869
0 0.574804 0.0339473 0.033634 0.0335887
0 0.948804 0.0156153 0.0458431 0.0312306
0 0.144231 0.547794 0.0377933 0.037294
0 0.530679 0.580198 0.0398752 0.0390016
0 0.24247 0.47309 0.0534205 0.0535707
0 0.659579 0.078463 0.0303264 0.0306854
0 0.0568074 0.155672 0.0475633 0.0447993
0 0.579648 0.290672 0.0305143 0.0290397
0 0.368804 0.933737 0.0679508 0.0679115
0 0.518365 0.816497 0.0284969 0.0265438
0 0.787612 0.185016 0.035679 0.0361625
0 0.55474 0.211968 0.0267006 0.0270016
0 0.431681 0.983383 0.0507872 0.0324612
0 0.834451 0.970292 0.0301968 0.0296955
0 0.540174 0.392554 0.0297959 0.0289055
0 0.748435 0.045778 0.0260004 0.0254573
0 0.378041 0.320881 0.0259264 0.0257449
0 0.625124 0.0801769 0.0283518 0.0276955
0 0.403837 0.64316 0.038687 0.0376502
0 0.77735 0.0785621 0.0374413 0.0370553
0 0.96151 0.243728 0.0294361 0.0291482
0 0.494646 0.277066 0.0269568 0.0260248
0 0.92546 0.550841 0.0275101 0.026903
0 0.796713 0.487366 0.0496079 0.0499456
0 0.91246 0.650313 0.0272606 0.0261496
0 0.692993 0.861287 0.0421412 0.0415852
0 0.00794259 0.621134 0.015831 0.0489959
0 0.0828716 0.360825 0.0927628 0.0918431
0 0.162149 0.204113 0.0441283 0.043507
0 0.239552 0.177975 0.0351859 0.0340985
0 0.0356272 0.718632 0.0294087 0.0307421
0 0.90397 0.868216 0.0255009 0.0241501
0 0.624639 0.309191 0.029388 0.0290028
0 0.278164 0.78452 0.109329 0.108267
0 0.302019 0.519495 0.130646 0.134429
0 0.931269 0.925506 0.0261587 0.0256701
0 0.032695 0.803399 0.0564418 0.05546
0 0.22652 0.692358 0.104559 0.105797
0 0.0257542 0.342502 0.044518 0.0435692
0 0.156884 0.0604126 0.0257297 0.0250084
0 0.68641 0.0120402 0.0290983 0.0240216
0 0.680705 0.753609 0.0264963 0.0248615
0 0.505768 0.237749 0.0247982 0.0249016
0 0.882335 0.0980374 0.0285875 0.0276152
0 0.445124 0.673296 0.0624641 0.0609988
0 0.476323 0.0922694 0.0256811 0.0255737
0 0.663645 0.896623 0.0481165 0.0468472
0 0.263275 0.541418 0.0492172 0.0480179
0 0.208239 0.337443 0.0530653 0.0516245
0 0.881408 0.856373 0.0240734 0.0232044
0 0.0819841 0.975601 0.0667793 0.0487984
0 0.975477 0.567472 0.047604 0.148481
0 0.612603 0.227872 0.0423817 0.0408942
0 0.432483 0.87662 0.0271826 0.0260975
0 0.615011 0.952636 0.119809 0.0947288
0 0.675873 0.802039 0.0244394 0.0235518
0 0.647005 0.416911 0.0420176 0.0406199
0 0.404539 0.468692 0.0792059 0.0786724
0 0.388576 0.684477 0.0483991 0.0475372
0 0.0202199 0.386099 0.0272005 0.0283728
0 0.753077 0.546855 0.0794662 0.0811474
0 0.688535 0.966431 0.0439276 0.0410049
