0 0.489389 0.370963 0.229381 0.167322
0 0.585399 0.589764 0.185851 0.143342
0 0.401101 0.759367 0.139293 0.105377
0 0.922856 0.686406 0.118895 0.0936174
0 0.353458 0.210936 0.152393 0.118409
0 0.644389 0.390791 0.0958418 0.071681
0 0.774127 0.913275 0.0750969 0.0584681
0 0.294493 0.360457 0.182333 0.129657
0 0.0559482 0.558331 0.111626 0.0950692
0 0.740797 0.260176 0.104208 0.0751081
0 0.168429 0.535703 0.0846751 0.0698995
0 0.642914 0.768883 0.0710955 0.0537674
0 0.294232 0.610139 0.0934462 0.0709522
0 0.671638 0.661754 0.184963 0.146822
0 0.101101 0.409668 0.0701252 0.053656
0 0.624207 0.348358 0.0437887 0.0319107
0 0.200354 0.884243 0.0520475 0.0382046
0 0.61374 0.924204 0.289639 0.151593
0 0.413863 0.704721 0.043865 0.0340033
0 0.977116 0.0477435 0.0457682 0.0393118
0 0.936147 0.0210652 0.0590336 0.0409626
0 0.79775 0.696008 0.0722147 0.0503266
0 0.0855121 0.64254 0.0716407 0.051755
0 0.962734 0.195252 0.0476288 0.0367761
0 0.664637 0.835133 0.0451027 0.0353888
0 0.234525 0.249309 0.0907631 0.0676424
0 0.676016 0.489982 0.141197 0.111299
0 0.906567 0.433605 0.0592394 0.0427328
0 0.238995 0.94852 0.0377951 0.0278036
0 0.927319 0.48445 0.0733345 0.0553986
0 0.513961 0.506484 0.188738 0.139712
0 0.456672 0.827142 0.0529976 0.0384213
0 0.266748 0.159229 0.0725517 0.0546266
0 0.0486746 0.251471 0.0973492 0.093918
0 0.85455 0.500311 0.0703365 0.050223
0 0.798074 0.0159974 0.0951463 0.0319947
0 0.0338243 0.324064 0.0676485 0.0888966
0 0.26197 0.473184 0.0928924 0.0736082
0 0.780358 0.514888 0.0803007 0.0580271
0 0.541632 0.701839 0.093485 0.0716993
0 0.500056 0.861182 0.0577788 0.0393986
0 0.149421 0.747329 0.298703 0.296806
0 0.163606 0.38388 0.0757747 0.0583901
0 0.24223 0.566113 0.0363384 0.0291158
0 0.980859 0.516429 0.0347355 0.0277794
0 0.12392 0.35807 0.0622308 0.044626
0 0.845168 0.0883149 0.133649 0.101433
0 0.414559 0.610756 0.36055 0.280568
0 0.93515 0.873401 0.116911 0.0971256
0 0.382419 0.954371 0.0329805 0.0248837
0 0.40167 0.110073 0.0312304 0.0241715
0 0.529767 0.826484 0.0473065 0.0280632
0 0.275832 0.660409 0.0312419 0.0254724
0 0.880137 0.577551 0.173255 0.134841
0 0.362602 0.932159 0.0404541 0.0303129
0 0.755649 0.471231 0.05684 0.0463543
0 0.686993 0.221578 0.0426292 0.0274789
0 0.742721 0.743551 0.0406513 0.0332788
0 0.737876 0.607861 0.0456494 0.0351353
0 0.973772 0.477243 0.0516548 0.0459181
0 0.0383245 0.615605 0.0387452 0.0306499
0 0.145971 0.615941 0.0587742 0.0465361
0 0.178796 0.462183 0.0558559 0.0436447
0 0.378876 0.0448003 0.0547804 0.0403701
0 0.244829 0.698505 0.0812694 0.0639342
