0 0.0230883 0.73465 0.0461687 0.0428097
0 0.371826 0.348934 0.0373322 0.0355764
0 0.276234 0.331267 0.0440033 0.0422004
0 0.924284 0.961493 0.0314388 0.0306866
0 0.0366235 0.182018 0.0332775 0.0309264
0 0.0230943 0.299702 0.0378544 0.0372726
0 0.287501 0.0847499 0.0307904 0.0304819
0 0.470632 0.262888 0.0371844 0.0339421
0 0.0700602 0.271927 0.0289614 0.0268156
0 0.127472 0.219962 0.032071 0.0305902
0 0.108394 0.318226 0.0273872 0.0273975
0 0.420998 0.665482 0.0272692 0.0255037
0 0.65462 0.155376 0.026511 0.025877
0 0.461387 0.250865 0.0309683 0.028976
0 0.356126 0.224852 0.0291096 0.0273559
0 0.497827 0.11866 0.0286845 0.0291804
0 0.522571 0.0528844 0.0303938 0.0302505
