0 0.846069 0.542232 0.172696 0.136123
0 0.786254 0.407252 0.0796494 0.0648178
0 0.853414 0.359225 0.0559681 0.0441045
0 0.842593 0.447069 0.0575459 0.0465834
0 0.322176 0.728175 0.0457809 0.0398546
0 0.960365 0.0369362 0.0428905 0.0356732
0 0.420659 0.67683 0.0448647 0.0375902
0 0.654971 0.509347 0.0481836 0.0384266
0 0.0322702 0.587127 0.0478516 0.0396639
0 0.717682 0.529384 0.0456911 0.0369529
0 0.572739 0.468595 0.036776 0.0306842
0 0.778005 0.486141 0.0547558 0.0430131
0 0.503123 0.599288 0.032902 0.0270557
0 0.523539 0.520506 0.0362314 0.0286549
0 0.538594 0.0218156 0.0421433 0.0340912
0 0.236787 0.558304 0.0333091 0.0291707
0 0.801764 0.0476796 0.0348839 0.0287002
0 0.422242 0.296153 0.0351892 0.0289128
0 0.731573 0.159652 0.0336329 0.0272819
0 0.595822 0.191364 0.0297727 0.0255721
0 0.106409 0.713497 0.0292924 0.0259237
0 0.17382 0.710061 0.0669932 0.0524357
0 0.992308 0.420911 0.0153831 0.0267606
0 0.922002 0.361122 0.0306732 0.0274862
0 0.0397238 0.698055 0.0339944 0.0290583
0 0.952739 0.371647 0.0299557 0.0251575
0 0.205261 0.198419 0.0292618 0.0260874
