0 0.704719 0.887922 0.171476 0.126036
0 0.614809 0.232074 0.16826 0.136549
0 0.297658 0.104039 0.216457 0.164627
0 0.136834 0.50166 0.0959066 0.0694636
0 0.775331 0.0489472 0.171361 0.0978945
0 0.585697 0.0801148 0.233284 0.158419
0 0.77557 0.272884 0.209266 0.167405
0 0.06594 0.799546 0.0566321 0.0412289
0 0.0551615 0.256123 0.1101 0.0904593
0 0.0908017 0.95188 0.0503361 0.0370419
0 0.58971 0.918483 0.0641016 0.0483784
0 0.426992 0.237791 0.0426079 0.034486
0 0.630858 0.633329 0.0591391 0.0418564
0 0.0547546 0.144358 0.0528834 0.0413961
0 0.968274 0.175025 0.063452 0.0716471
0 0.833284 0.501137 0.174788 0.136588
0 0.0563344 0.895806 0.0422545 0.0306217
0 0.900858 0.0558014 0.0682877 0.0521641
0 0.981134 0.350662 0.0301731 0.0250865
0 0.891147 0.871845 0.0931358 0.0647987
0 0.0568467 0.314694 0.0609552 0.0484999
0 0.967205 0.892135 0.0655891 0.0942604
0 0.76779 0.984079 0.132117 0.0312477
0 0.236752 0.489512 0.0322978 0.0240122
0 0.992867 0.150886 0.0142671 0.03981
0 0.849274 0.291837 0.0960506 0.076221
0 0.249812 0.318203 0.0415775 0.0336027
0 0.32762 0.331069 0.0378245 0.0297533
0 0.692039 0.143853 0.0318678 0.0262369
0 0.118796 0.310908 0.0587686 0.0469941
0 0.947291 0.515302 0.0658691 0.0537672
0 0.0498642 0.0353 0.0997284 0.0706001
0 0.364597 0.319039 0.0840089 0.0635693
0 0.917839 0.96444 0.0919567 0.069651
0 0.525242 0.429913 0.106301 0.0876166
0 0.956396 0.376768 0.0453384 0.0378189
0 0.913701 0.0162749 0.120922 0.032001
0 0.98414 0.32741 0.0317198 0.0335587
