0 0.418051 0.351472 0.116995 0.110482
0 0.49088 0.603516 0.0545015 0.0532145
0 0.286743 0.542133 0.0539914 0.0526237
0 0.537654 0.0174273 0.0426399 0.0348547
0 0.361219 0.957221 0.0470818 0.0456589
0 0.158069 0.41791 0.0456539 0.0447374
0 0.742396 0.463185 0.0478354 0.0471014
0 0.400654 0.85008 0.0334103 0.032066
0 0.126268 0.618414 0.0354515 0.0346041
0 0.0351037 0.371773 0.0292827 0.0281801
0 0.135819 0.389869 0.0460384 0.043751
0 0.371634 0.893997 0.0285937 0.0281265
0 0.0584382 0.573145 0.0374031 0.035928
0 0.445116 0.832328 0.0547073 0.0527613
0 0.579031 0.541457 0.0336619 0.0329697
0 0.242126 0.56962 0.0606171 0.0573348
0 0.59283 0.573577 0.0564835 0.0533949
0 0.581889 0.240854 0.574074 0.481708
0 0.221807 0.946683 0.0416113 0.0405998
0 0.821938 0.939811 0.0430597 0.0442972
0 0.0759405 0.546173 0.0272267 0.027145
0 0.303063 0.621107 0.0402421 0.0388888
0 0.0838088 0.36434 0.0320429 0.0307965
0 0.0976423 0.3039 0.0401664 0.0381918
0 0.122661 0.841954 0.048562 0.0454966
0 0.50479 0.250355 0.0282244 0.0258901
0 0.0420001 0.464409 0.0355901 0.0334888
0 0.713606 0.931911 0.171746 0.136177
0 0.00681354 0.404745 0.0136271 0.0293678
0 0.0390943 0.178283 0.0451392 0.0436472
0 0.987706 0.630798 0.0245874 0.0404319
0 0.986958 0.178588 0.0260845 0.0347933
0 0.41177 0.596291 0.030959 0.0299051
0 0.416033 0.808962 0.0306626 0.0306807
0 0.61226 0.951424 0.0289059 0.0280876
0 0.246727 0.296482 0.0282108 0.0276468
0 0.561435 0.311045 0.0465788 0.0455904
0 0.926308 0.414258 0.0310345 0.0302197
0 0.896966 0.621997 0.0413563 0.0400806
0 0.714638 0.83837 0.128904 0.124874
0 0.10407 0.33395 0.0363293 0.0353591
0 0.622553 0.218206 0.0538803 0.0491346
0 0.284911 0.594374 0.047297 0.0449856
0 0.581464 0.908649 0.0672022 0.0656921
0 0.174561 0.734849 0.0256942 0.0253233
0 0.671633 0.101573 0.0522425 0.0480288
0 0.506891 0.513453 0.0251055 0.0250296
0 0.435094 0.621372 0.0295302 0.0295085
0 0.0596241 0.858104 0.0278055 0.0269066
0 0.311944 0.980194 0.0266015 0.0238155
0 0.354357 0.818628 0.0247813 0.0240746
0 0.153177 0.146261 0.306355 0.292135
0 0.944191 0.66317 0.0413443 0.0389191
