0 0.66812 0.505835 0.045672 0.0407442
0 0.735397 0.747655 0.0483103 0.0444271
0 0.165183 0.736181 0.0532064 0.0492935
0 0.763075 0.338588 0.0320351 0.029635
0 0.319102 0.156258 0.0282897 0.02673
0 0.117188 0.364555 0.033854 0.0307634
0 0.0744385 0.203049 0.0283549 0.0263731
0 0.784496 0.182476 0.0321133 0.0299796
0 0.754114 0.0928118 0.0283783 0.0267492
0 0.27366 0.249859 0.025243 0.0235367
0 0.888352 0.990049 0.053718 0.0198078
0 0.0330714 0.778781 0.0258771 0.0246542
0 0.974489 0.33807 0.0465889 0.0424183
0 0.842573 0.294291 0.023386 0.0208916
0 0.72303 0.810348 0.0291306 0.0276726
0 0.259691 0.213779 0.027362 0.0259977
0 0.952863 0.0521708 0.0940952 0.103552
