0 0.550339 0.301668 0.041062 0.0403266
0 0.316246 0.944177 0.0373405 0.0369705
0 0.507111 0.643066 0.0367319 0.0351681
0 0.433235 0.557283 0.0332563 0.0330732
0 0.462044 0.480381 0.0428072 0.0413702
0 0.852175 0.395552 0.0559551 0.0531456
0 0.520688 0.0333046 0.0326845 0.0315026
0 0.847209 0.484788 0.0351658 0.0336404
0 0.80359 0.624109 0.0315939 0.0298081
0 0.162376 0.0150927 0.0458581 0.0301854
0 0.813568 0.0945469 0.0569221 0.054195
0 0.114972 0.0866534 0.026959 0.0266352
0 0.311751 0.282681 0.0848922 0.081496
0 0.686543 0.828171 0.0414227 0.0384806
0 0.780236 0.602469 0.0307539 0.0284103
0 0.338404 0.1081 0.0274033 0.027744
0 0.487874 0.376402 0.0327011 0.0328038
0 0.381323 0.142403 0.0326506 0.0308195
0 0.870693 0.519952 0.0670513 0.0595906
0 0.551696 0.00549868 0.0284506 0.0109974
0 0.202546 0.153623 0.0255056 0.0248136
