0 0.417438 0.936195 0.0366703 0.0321976
0 0.112532 0.440307 0.0422466 0.0389772
0 0.297215 0.211732 0.0479294 0.0419765
0 0.353618 0.0350029 0.0335124 0.029636
0 0.956726 0.0602302 0.0334072 0.0306601
0 0.787824 0.649704 0.0346745 0.031481
0 0.607496 0.405251 0.0393261 0.0363598
0 0.613759 0.638281 0.0324965 0.0289881
0 0.365571 0.209092 0.0328822 0.0309629
0 0.329028 0.746317 0.0387369 0.0361924
0 0.120665 0.471405 0.0454031 0.0413839
0 0.157056 0.717076 0.0320324 0.0293245
0 0.890047 0.873507 0.0327517 0.0297848
0 0.598529 0.659117 0.0354099 0.0317095
0 0.887963 0.714849 0.0379562 0.0334656
0 0.820088 0.874615 0.0282932 0.0259413
0 0.0121233 0.84275 0.0242467 0.0324348
0 0.666456 0.808586 0.0291025 0.027603
0 0.826667 0.025673 0.027445 0.0258375
0 0.315742 0.565718 0.0353595 0.032916
0 0.976657 0.487502 0.0318424 0.02896
0 0.0163225 0.715738 0.0326449 0.0357655
0 0.105111 0.885819 0.0270618 0.0243679
0 0.718355 0.751622 0.030164 0.0282412
0 0.127331 0.491077 0.0300616 0.0286634
