0 0.259659 0.493928 0.047772 0.047282
0 0.0394689 0.721435 0.0550435 0.0541527
0 0.180348 0.522287 0.0394959 0.0391867
0 0.0764353 0.206091 0.0528169 0.051631
0 0.729186 0.841951 0.0410226 0.0406002
0 0.0973935 0.971003 0.0404012 0.0400902
0 0.444005 0.96605 0.0359217 0.0352778
0 0.954706 0.532465 0.0396425 0.0387079
0 0.829692 0.35042 0.0324047 0.0320818
0 0.0432344 0.540434 0.0331517 0.0325504
0 0.0215273 0.823748 0.038733 0.038472
0 0.856902 0.0149353 0.0298883 0.0289577
0 0.456877 0.177059 0.360589 0.347325
0 0.480601 0.596448 0.0386844 0.0386264
0 0.208195 0.485065 0.0283294 0.0280393
0 0.673175 0.68309 0.0276354 0.0272068
0 0.884656 0.319065 0.183496 0.183357
0 0.0108227 0.88908 0.0216454 0.0302521
0 0.968732 0.848855 0.0306751 0.0288834
0 0.961259 0.32762 0.0307625 0.0288793
0 0.67458 0.431852 0.0370285 0.0347988
0 0.0757753 0.96172 0.0258761 0.0259098
0 0.67476 0.0106918 0.0314442 0.0211309
0 0.00905882 0.950075 0.0181176 0.0267729
0 0.823947 0.305627 0.0268658 0.0261981
0 0.477854 0.54336 0.043058 0.0422413
0 0.102646 0.173988 0.0299844 0.0290151
0 0.776523 0.478866 0.231601 0.235603
0 0.687061 0.14967 0.0319897 0.0309475
0 0.587182 0.312922 0.299082 0.300822
0 0.751485 0.808341 0.0309492 0.0308916
0 0.0743119 0.626837 0.0270765 0.0268194
0 0.892196 0.190611 0.0274944 0.0264629
0 0.249884 0.079887 0.340687 0.159774
0 0.616942 0.894019 0.0310909 0.0299173
0 0.689452 0.0788278 0.0263593 0.0256351
0 0.694178 0.98186 0.0447819 0.0361824
0 0.12896 0.357784 0.0300357 0.0276126
0 0.576942 0.750808 0.0246695 0.0250649
0 0.677476 0.450389 0.0327555 0.0290002
0 0.0862633 0.649023 0.0249538 0.0247473
0 0.489772 0.927097 0.0314573 0.0307201
0 0.944162 0.195241 0.0247557 0.0244789
0 0.277797 0.525878 0.0327356 0.0314837
0 0.653125 0.954906 0.0263024 0.0260887
0 0.381244 0.984753 0.0565264 0.0304945
0 0.355808 0.728257 0.0246031 0.0233619
0 0.0481944 0.383049 0.0266525 0.0257734
0 0.71163 0.379384 0.0286226 0.0275842
0 0.485173 0.220889 0.0268984 0.0262333
