0 0.0861751 0.338644 0.0840125 0.0808021
0 0.425311 0.208283 0.0480105 0.0467067
0 0.636537 0.895493 0.052498 0.0487289
0 0.977709 0.814479 0.0445824 0.0553493
0 0.855001 0.146202 0.288217 0.291889
0 0.792877 0.709702 0.0433401 0.0412003
0 0.0210829 0.252679 0.0406365 0.0400698
0 0.954347 0.942857 0.036845 0.0362724
0 0.393372 0.379037 0.0361575 0.0352575
0 0.391485 0.537754 0.0559057 0.0526289
0 0.726391 0.469185 0.146419 0.133601
0 0.381041 0.769591 0.0363667 0.0340641
0 0.556912 0.824112 0.0331104 0.0301422
0 0.637339 0.657753 0.0319904 0.030796
0 0.535389 0.158746 0.0368227 0.0349825
0 0.0484273 0.494138 0.096777 0.104023
0 0.846515 0.865613 0.0310333 0.0295696
0 0.158394 0.902314 0.0338688 0.0322577
0 0.151921 0.171906 0.0329291 0.0329916
0 0.408811 0.018468 0.0375832 0.0356487
0 0.585783 0.60528 0.0305288 0.0282809
0 0.716399 0.0601681 0.0299891 0.0285161
0 0.760186 0.857942 0.0278587 0.0265049
0 0.835684 0.837079 0.0318748 0.0311794
0 0.046211 0.0852133 0.0360554 0.0344532
0 0.864791 0.563311 0.0390286 0.036183
0 0.430361 0.810208 0.0674853 0.0613201
0 0.86869 0.490715 0.152012 0.147133
0 0.821506 0.731085 0.0308414 0.0289083
0 0.0790448 0.799131 0.0510038 0.0471079
0 0.185377 0.160382 0.345832 0.319168
0 0.478156 0.670018 0.0436199 0.0407119
0 0.31419 0.281845 0.0428215 0.0406636
0 0.975143 0.498063 0.0497149 0.0484158
0 0.719662 0.480852 0.0287579 0.0274572
0 0.476101 0.0421988 0.0283244 0.0277144
0 0.0586951 0.131389 0.0358213 0.0339053
0 0.530097 0.26507 0.030003 0.0286952
0 0.0478124 0.346443 0.0956248 0.191938
0 0.410059 0.582279 0.0360111 0.032292
0 0.714679 0.35561 0.0368675 0.0352599
0 0.11912 0.0103923 0.0278581 0.0206877
0 0.400756 0.600077 0.0421951 0.0396464
0 0.152611 0.087525 0.0262033 0.0259499
0 0.210452 0.0987468 0.0281223 0.0275654
0 0.860241 0.334989 0.0432917 0.0398315
0 0.206309 0.120692 0.0239723 0.0257555
0 0.86284 0.596977 0.0295471 0.0277507
0 0.573329 0.110656 0.0373082 0.0357051
0 0.775578 0.380144 0.0788313 0.0754049
0 0.10338 0.170485 0.054522 0.0500301
0 0.58812 0.296411 0.027161 0.0267134
