0 0.774684 0.407757 0.223542 0.204193
0 0.498167 0.766427 0.312833 0.280902
0 0.888093 0.241858 0.0538946 0.0481223
0 0.873516 0.689929 0.0424534 0.0370333
0 0.42403 0.117009 0.0363239 0.0331124
0 0.807122 0.783627 0.0490402 0.041473
0 0.768452 0.486238 0.0396055 0.0359856
0 0.973362 0.670563 0.0523813 0.0827635
0 0.736737 0.541053 0.0363102 0.0327024
0 0.0423887 0.390977 0.0333311 0.0293528
0 0.379004 0.208246 0.0310092 0.0283872
0 0.765823 0.194591 0.0335428 0.0308201
0 0.923673 0.724735 0.0371849 0.0335796
0 0.882138 0.410865 0.0390646 0.0346653
0 0.928626 0.942466 0.142415 0.115067
0 0.367649 0.561208 0.0464047 0.0400528
0 0.64226 0.490627 0.0298607 0.0269907
0 0.755393 0.801121 0.0539114 0.0457745
0 0.814942 0.824554 0.037298 0.0316475
0 0.928734 0.0276782 0.0294817 0.0267912
0 0.130889 0.742499 0.0314239 0.0255182
0 0.470629 0.283307 0.030135 0.0282912
0 0.727563 0.683325 0.0304196 0.0265035
0 0.292262 0.583348 0.0609007 0.0528393
0 0.906321 0.110916 0.0343784 0.0305622
0 0.432552 0.202156 0.0294888 0.0278089
0 0.714139 0.83003 0.0366554 0.0317249
0 0.70848 0.555386 0.0290649 0.0270418
0 0.476769 0.573205 0.0536931 0.0499842
0 0.935807 0.575204 0.078122 0.0732636
