0 0.591811 0.739112 0.111056 0.0855473
0 0.939796 0.792893 0.04459 0.0331572
0 0.224058 0.336879 0.0423889 0.0337982
0 0.42465 0.01491 0.0580022 0.0296583
0 0.831262 0.389663 0.323663 0.233248
0 0.140321 0.899448 0.0363741 0.0272562
0 0.20937 0.863801 0.0399095 0.0306946
0 0.156279 0.120786 0.0318132 0.0257792
0 0.238013 0.917715 0.0562319 0.0439552
0 0.132087 0.952937 0.0845026 0.070348
0 0.0308715 0.119684 0.0400991 0.0335485
0 0.810554 0.602585 0.0346945 0.02747
0 0.0810877 0.972154 0.0340013 0.0281593
0 0.320962 0.872562 0.0766966 0.0561161
0 0.409047 0.879896 0.0375311 0.0294556
0 0.825341 0.958866 0.0368679 0.0268665
0 0.812336 0.689976 0.0748211 0.0607204
0 0.759784 0.385979 0.0359478 0.0281621
0 0.255132 0.325927 0.0291588 0.0239445
0 0.588842 0.112175 0.343593 0.22435
0 0.686121 0.696925 0.13459 0.118093
0 0.141763 0.2446 0.0347587 0.0293876
