0 0.363041 0.588707 0.0643972 0.0635017
0 0.852014 0.446618 0.0409809 0.0390273
0 0.374375 0.157414 0.261194 0.278593
0 0.627536 0.695076 0.0807151 0.0761824
0 0.639862 0.537355 0.0456871 0.0438971
0 0.498116 0.561438 0.0550117 0.053364
0 0.0491275 0.174837 0.0982549 0.12153
0 0.26277 0.311751 0.0440132 0.0422185
0 0.0294948 0.787191 0.0389259 0.0325102
0 0.741252 0.458282 0.0998848 0.0949594
0 0.486561 0.764282 0.0819443 0.0746695
0 0.65408 0.310224 0.0525058 0.0513442
0 0.0931179 0.282431 0.0523132 0.050956
0 0.422412 0.715439 0.0681042 0.0620964
0 0.387673 0.550313 0.0511217 0.0500988
0 0.0727661 0.240174 0.0376206 0.0364505
0 0.280544 0.373535 0.0766557 0.0730279
0 0.114156 0.462753 0.0638706 0.0629861
0 0.798214 0.202677 0.0318914 0.0312292
0 0.0731774 0.663785 0.0288928 0.0286951
0 0.143408 0.0642446 0.0289122 0.0279422
0 0.519174 0.617245 0.0335582 0.0329613
0 0.578424 0.480466 0.0806532 0.076175
0 0.235575 0.753016 0.0299622 0.0283715
0 0.284449 0.577053 0.0366744 0.0354255
0 0.766858 0.18014 0.466283 0.360208
0 0.56078 0.743353 0.0768582 0.0762615
0 0.34048 0.697538 0.0966202 0.0934993
0 0.647257 0.757608 0.107799 0.0951911
0 0.68227 0.548897 0.0506048 0.0474641
0 0.591716 0.284289 0.0374085 0.0373177
0 0.113319 0.686929 0.0254711 0.0249107
0 0.825202 0.645479 0.30993 0.287559
0 0.0941651 0.762177 0.0504837 0.0485456
0 0.530002 0.710547 0.0340166 0.0321208
0 0.0110006 0.109734 0.0218014 0.0534743
0 0.706393 0.21684 0.0296986 0.0288965
0 0.0113375 0.720224 0.0224245 0.0331277
0 0.55689 0.789389 0.0421214 0.0312706
0 0.0353407 0.281776 0.0545489 0.0560817
