0 0.336322 0.659588 0.129031 0.118571
0 0.531516 0.574045 0.183546 0.162856
0 0.600715 0.29972 0.0932038 0.0831907
0 0.321946 0.920848 0.104094 0.0986811
0 0.763801 0.550893 0.0986942 0.0870959
0 0.905264 0.594136 0.0973774 0.0869678
0 0.423643 0.589063 0.0666831 0.0590137
0 0.0854277 0.924133 0.0962995 0.0901081
0 0.652423 0.42345 0.0567814 0.0473779
0 0.0298919 0.812292 0.0593193 0.0881521
0 0.179437 0.0883286 0.0363502 0.032849
0 0.591108 0.696316 0.105042 0.0931757
0 0.21692 0.611717 0.066465 0.0596453
0 0.439238 0.768261 0.051318 0.0478056
0 0.137768 0.028006 0.060876 0.0543706
0 0.30945 0.7475 0.0645358 0.0580639
0 0.226841 0.942456 0.0695963 0.0660728
0 0.634596 0.0679681 0.0489042 0.0408432
0 0.129387 0.850265 0.0581354 0.0532213
0 0.183407 0.0471272 0.0443786 0.0405199
0 0.624365 0.511851 0.0451998 0.0392027
0 0.233187 0.722778 0.0455308 0.0415652
0 0.182361 0.831876 0.0580226 0.0524979
0 0.765213 0.0784959 0.138805 0.121909
0 0.382004 0.215744 0.0571545 0.0506315
0 0.476281 0.326556 0.0368975 0.0320886
0 0.524756 0.743036 0.0732734 0.0647835
0 0.731649 0.414896 0.101054 0.0813421
0 0.0666438 0.124806 0.0555418 0.0469597
0 0.013733 0.900926 0.0274661 0.0368
0 0.350689 0.0620497 0.0580061 0.0512206
0 0.533772 0.838567 0.0514895 0.0455242
0 0.504829 0.914313 0.0431627 0.0385223
0 0.19721 0.979894 0.0511888 0.0402119
0 0.0714459 0.0228951 0.0334093 0.0306177
0 0.615762 0.0321789 0.044628 0.0396328
0 0.463614 0.941823 0.0507328 0.0471264
0 0.443511 0.0182952 0.0624063 0.0365903
0 0.911221 0.869734 0.15836 0.140154
0 0.734401 0.23627 0.0807879 0.0700296
0 0.379184 0.86165 0.0380842 0.0349222
0 0.19071 0.721329 0.03216 0.032424
0 0.138776 0.737534 0.0351553 0.0322382
0 0.384166 0.166468 0.0407009 0.0362127
0 0.457015 0.90315 0.0349825 0.0321489
0 0.241738 0.0243487 0.100403 0.0484622
0 0.667483 0.585586 0.0564344 0.0490147
0 0.263798 0.166296 0.0290943 0.0266965
0 0.496092 0.0892499 0.0355383 0.0316465
0 0.742679 0.861749 0.0590859 0.0530514
0 0.66998 0.531391 0.0530861 0.0443839
0 0.165832 0.958199 0.0364196 0.0373396
0 0.159366 0.411178 0.318732 0.485029
0 0.681818 0.942098 0.047528 0.0441704
0 0.596677 0.849958 0.213458 0.200507
0 0.299261 0.0322264 0.0394681 0.035905
0 0.958211 0.956805 0.0830166 0.0802322
0 0.954045 0.873881 0.0888147 0.0842075
0 0.559353 0.988215 0.0294434 0.0233099
0 0.782896 0.967763 0.0579535 0.052956
0 0.797335 0.0829458 0.0846482 0.0747487
0 0.507038 0.288248 0.0375414 0.0335294
0 0.619788 0.814317 0.146519 0.131686
0 0.133367 0.776211 0.0302304 0.0283096
0 0.024258 0.0936674 0.0444491 0.0365301
0 0.00725879 0.685145 0.0145176 0.0462994
0 0.0860253 0.985594 0.0536956 0.0288116
0 0.431075 0.211149 0.0302979 0.0261629
0 0.102841 0.678527 0.0794338 0.0736512
0 0.807778 0.735728 0.0361536 0.0323835
0 0.289364 0.507217 0.0627645 0.0578703
0 0.488417 0.792203 0.0612864 0.0542673
0 0.987437 0.583895 0.0247381 0.0913175
0 0.732247 0.979156 0.0292173 0.0257042
0 0.146818 0.941988 0.0256947 0.0249237
0 0.950821 0.46843 0.0973566 0.179206
0 0.306013 0.27371 0.0686238 0.0604643
0 0.705418 0.673561 0.220445 0.193756
0 0.718337 0.365737 0.0338583 0.0307158
0 0.817125 0.960504 0.0270525 0.025177
0 0.29619 0.42669 0.0261194 0.0242325
0 0.941264 0.354976 0.0662437 0.0585846
