0 0.398404 0.322372 0.0408664 0.033995
0 0.260286 0.859811 0.0476321 0.0398533
0 0.11783 0.897392 0.0435021 0.0377159
0 0.246547 0.301899 0.0693542 0.0575148
0 0.250469 0.345203 0.0368596 0.0301149
0 0.572155 0.642624 0.0339693 0.027121
0 0.164222 0.202076 0.0390533 0.0311485
0 0.284926 0.921355 0.0418434 0.0368593
0 0.80882 0.338998 0.0359394 0.0298576
0 0.462272 0.2078 0.133745 0.106694
0 0.916974 0.0606772 0.0360153 0.0329663
0 0.110753 0.344011 0.221426 0.368552
0 0.730522 0.547234 0.0256246 0.0226261
