0 0.077302 0.118997 0.0542362 0.0384679
0 0.433088 0.963164 0.0473988 0.0348459
0 0.0915026 0.382659 0.0392794 0.0287827
0 0.127378 0.224505 0.0388982 0.0286521
0 0.864421 0.419017 0.0590557 0.0421314
0 0.905504 0.514543 0.0394325 0.0286381
0 0.926952 0.463491 0.0636259 0.0411109
0 0.618606 0.185017 0.0381325 0.0278534
0 0.881638 0.600132 0.0389755 0.0274109
0 0.0226462 0.588893 0.0402676 0.0323033
0 0.0245262 0.227125 0.0386675 0.0279016
0 0.240517 0.285538 0.0362967 0.0263259
0 0.947045 0.0613727 0.105756 0.119805
0 0.813747 0.438962 0.0343174 0.0240374
0 0.123148 0.641239 0.0340285 0.0250269
0 0.195535 0.497263 0.12404 0.101806
0 0.832343 0.524777 0.0340628 0.025852
0 0.981844 0.624307 0.0363123 0.0612672
0 0.250045 0.139297 0.0338213 0.023606
