0 0.547544 0.46013 0.0698441 0.059865
0 0.759259 0.903247 0.0475275 0.043029
0 0.265073 0.499466 0.0419924 0.0356084
0 0.0814313 0.702248 0.0436118 0.0371439
0 0.222323 0.44751 0.0468502 0.0382523
0 0.336436 0.361563 0.0447739 0.0360819
0 0.145232 0.553687 0.0419595 0.0366327
0 0.316563 0.577931 0.052115 0.0435066
0 0.581682 0.843742 0.0384899 0.0334846
0 0.760067 0.362318 0.0353788 0.0301593
0 0.0154806 0.427887 0.0308158 0.0452147
0 0.657437 0.350907 0.0376659 0.0315359
0 0.842083 0.0501661 0.0906815 0.0739933
0 0.257176 0.543552 0.0355828 0.0302242
0 0.596877 0.102268 0.413884 0.204535
0 0.450595 0.138446 0.0362623 0.0301661
0 0.976348 0.341328 0.0362946 0.0311406
0 0.837746 0.885369 0.0292215 0.0264202
0 0.915828 0.575548 0.0337467 0.0294224
0 0.919465 0.604265 0.0295097 0.0250429
0 0.988823 0.405855 0.0223539 0.0277221
0 0.605478 0.23803 0.0301292 0.0249059
