0 0.525059 0.638223 0.127444 0.0925629
0 0.695554 0.203648 0.235707 0.179167
0 0.893914 0.264519 0.193102 0.147342
0 0.621191 0.0458462 0.0835301 0.0621011
0 0.748449 0.074512 0.185047 0.13338
0 0.876868 0.890788 0.0536549 0.0372589
0 0.920659 0.506962 0.0566872 0.0420069
0 0.2746 0.512631 0.0393908 0.0269058
0 0.415506 0.051251 0.211542 0.102502
0 0.271564 0.0513 0.157693 0.102434
0 0.15923 0.0177797 0.104706 0.0354338
0 0.708118 0.520426 0.0343742 0.0278355
0 0.0618133 0.584943 0.0418527 0.0282632
0 0.812765 0.0073682 0.0441322 0.0147364
0 0.881578 0.782348 0.231821 0.158823
0 0.834209 0.0390132 0.0865957 0.0687229
0 0.599572 0.929757 0.304029 0.140487
0 0.427366 0.313653 0.03593 0.0264351
0 0.898467 0.699903 0.0335442 0.02484
0 0.497384 0.578934 0.0326287 0.02484
0 0.075222 0.417206 0.0469405 0.0381371
0 0.915133 0.116062 0.034037 0.0240221
0 0.0781247 0.0524237 0.146554 0.104847
0 0.0646886 0.792315 0.031558 0.0241463
0 0.338087 0.453668 0.0320207 0.0237301
0 0.678751 0.752946 0.0291548 0.0237168
