0 0.69666 0.943959 0.122943 0.111424
0 0.19644 0.383133 0.115217 0.113425
0 0.49904 0.572844 0.221213 0.214011
0 0.674914 0.387681 0.186643 0.174854
0 0.0915328 0.587438 0.0662954 0.065315
0 0.880181 0.516204 0.13902 0.132749
0 0.852767 0.326219 0.0690052 0.0688184
0 0.853251 0.104999 0.0610235 0.0602427
0 0.645868 0.605893 0.18973 0.186802
0 0.741959 0.863267 0.0623019 0.0603615
0 0.750603 0.21198 0.0596559 0.0593688
0 0.431214 0.369367 0.231229 0.222465
0 0.622632 0.0427276 0.1677 0.0854552
0 0.90154 0.111555 0.0407639 0.0403493
0 0.713598 0.456621 0.062842 0.0618869
0 0.836918 0.176828 0.0380062 0.0368271
0 0.118992 0.816451 0.0527144 0.0500866
0 0.544431 0.263724 0.0509424 0.0482613
0 0.915775 0.323818 0.0835087 0.0841831
0 0.300877 0.303734 0.0307002 0.0302225
0 0.694002 0.271067 0.0318297 0.0312248
0 0.939393 0.220152 0.0288937 0.028253
0 0.966423 0.413743 0.035083 0.0336098
0 0.382566 0.526159 0.039736 0.0392502
0 0.352575 0.792796 0.0351983 0.033108
0 0.765854 0.314399 0.0390059 0.0382713
0 0.0860642 0.0706966 0.0314987 0.0307884
0 0.777026 0.00878322 0.0369748 0.0175664
0 0.391445 0.660498 0.0298108 0.028734
0 0.0471368 0.324385 0.0321663 0.0309647
0 0.0515915 0.964355 0.0388747 0.0373709
0 0.748459 0.694168 0.0296592 0.0290807
0 0.697752 0.552393 0.0315264 0.0316057
0 0.079528 0.0953402 0.0395842 0.0392434
0 0.324995 0.69405 0.0322162 0.0305965
0 0.876426 0.159335 0.0251205 0.0252395
0 0.890365 0.609149 0.0299038 0.0288016
0 0.597213 0.276951 0.0262871 0.0248889
0 0.214897 0.0236411 0.0340226 0.0325395
0 0.809825 0.0626947 0.0414972 0.0425225
0 0.0136401 0.771235 0.0272802 0.0591108
0 0.66072 0.146091 0.0696371 0.0641251
0 0.784104 0.191909 0.0261299 0.0244361
0 0.614744 0.873542 0.0388068 0.0363737
0 0.573967 0.434128 0.0335039 0.0324131
0 0.103493 0.0936937 0.206526 0.187387
0 0.550147 0.965873 0.0288931 0.0283203
0 0.982846 0.923662 0.0343075 0.0353071
0 0.488092 0.840892 0.0413851 0.0403759
0 0.792905 0.160527 0.0263855 0.0261559
0 0.863329 0.192051 0.0244869 0.024092
0 0.241387 0.658626 0.0497494 0.0441431
0 0.580816 0.470339 0.0269794 0.0253968
0 0.195244 0.748428 0.154258 0.145597
0 0.648024 0.164699 0.0235176 0.023205
0 0.0568159 0.467619 0.0271794 0.0266137
0 0.545658 0.350995 0.0797802 0.0778442
0 0.90034 0.440735 0.0651428 0.0655108
0 0.413044 0.156338 0.0314274 0.031017
0 0.754178 0.176713 0.0387579 0.0373593
0 0.985026 0.0761344 0.0299225 0.0300943
0 0.316517 0.380549 0.0248922 0.024472
0 0.196232 0.645156 0.0295313 0.0284515
0 0.890411 0.234897 0.0442116 0.044227
0 0.166227 0.157542 0.0454828 0.042616
0 0.741687 0.0297848 0.0536608 0.0527867
0 0.00741291 0.872183 0.0148258 0.0455437
0 0.623375 0.175948 0.028721 0.02748
0 0.393075 0.133504 0.0335295 0.032488
0 0.469432 0.304074 0.0700308 0.0626478
0 0.723948 0.495934 0.0253904 0.0250175
0 0.586935 0.0621573 0.0565125 0.0536502
0 0.805141 0.481237 0.0307634 0.0300371
0 0.795413 0.772074 0.0261848 0.0254562
0 0.523057 0.392577 0.0292442 0.0290379
0 0.328971 0.946484 0.345595 0.107032
0 0.135454 0.286126 0.078422 0.0735364
0 0.0481661 0.256008 0.0349937 0.0330254
0 0.495733 0.0875454 0.0289229 0.0278292
0 0.906042 0.651594 0.0614689 0.0589191
0 0.986552 0.772285 0.0253937 0.0250977
0 0.841454 0.680961 0.0254032 0.0235405
0 0.777727 0.361476 0.0315868 0.0307673
0 0.791367 0.525214 0.0287943 0.026922
0 0.667281 0.51542 0.0394405 0.0394152
0 0.361939 0.628955 0.0329215 0.031987
0 0.220529 0.724102 0.0968245 0.0965384
0 0.422917 0.466559 0.0488802 0.0472517
