0 0.525489 0.51851 0.149838 0.137875
0 0.118276 0.13191 0.0942531 0.0836662
0 0.780775 0.175745 0.0461077 0.0452723
0 0.713451 0.415712 0.0709232 0.0656128
0 0.0257372 0.907435 0.0514744 0.0574104
0 0.77494 0.133162 0.0462393 0.0420934
0 0.938162 0.62239 0.0345898 0.0290007
0 0.0834186 0.465648 0.166683 0.225738
0 0.672235 0.32678 0.0354525 0.0315176
0 0.235253 0.0345234 0.0274746 0.0263937
0 0.310144 0.0820329 0.0766572 0.0682834
0 0.761409 0.0483012 0.0450068 0.0405917
0 0.123044 0.0531252 0.0306195 0.0285686
0 0.714071 0.833554 0.571109 0.332892
0 0.957814 0.173653 0.0304527 0.0280732
0 0.332666 0.291454 0.027525 0.0261324
0 0.284682 0.991322 0.0679622 0.0173552
0 0.727099 0.479312 0.0675873 0.0618074
0 0.444889 0.0445609 0.0273767 0.0252579
0 0.890217 0.569743 0.026339 0.0244253
0 0.980474 0.523787 0.0285732 0.0259558
0 0.918254 0.0197495 0.0298855 0.0279093
0 0.991905 0.880887 0.01619 0.0423323
0 0.723792 0.0546301 0.0279115 0.0262029
