0 0.976609 0.0837075 0.0434177 0.0334635
0 0.845572 0.573494 0.0391609 0.0312803
0 0.88042 0.258315 0.0959967 0.0773021
0 0.775277 0.0735302 0.0866137 0.0721514
0 0.322018 0.498149 0.0367875 0.0298899
0 0.9374 0.101811 0.0673643 0.0525028
0 0.983236 0.206793 0.0335279 0.0593112
0 0.949002 0.230496 0.0500629 0.0399745
0 0.851204 0.654968 0.0337593 0.026474
0 0.917923 0.354835 0.0547327 0.0435194
0 0.853484 0.928532 0.0367565 0.0307516
0 0.877697 0.0203521 0.0540468 0.0407041
0 0.782732 0.318256 0.0998066 0.0824791
0 0.856143 0.319684 0.0472027 0.0380436
0 0.820847 0.267242 0.0440735 0.0365209
0 0.878979 0.900759 0.0348354 0.0283108
0 0.729091 0.00590634 0.0442452 0.0118127
0 0.244882 0.374193 0.0294259 0.0243949
