0 0.27491 0.73757 0.182759 0.174814
0 0.269166 0.528463 0.330377 0.305627
0 0.921294 0.907809 0.156363 0.149176
0 0.0922516 0.796418 0.0841534 0.0805105
0 0.318587 0.316643 0.0685877 0.0656445
0 0.537686 0.599322 0.0512075 0.0481757
0 0.428215 0.974881 0.0779504 0.0499504
0 0.68283 0.384243 0.0452233 0.043172
0 0.763914 0.792942 0.119196 0.114301
0 0.0859997 0.907681 0.149487 0.142329
0 0.208198 0.665807 0.0336823 0.0318519
0 0.84944 0.116072 0.0359058 0.0351972
0 0.363392 0.0806474 0.0328852 0.0316564
0 0.379238 0.847281 0.0377263 0.0357323
0 0.528792 0.860727 0.400532 0.278547
0 0.798993 0.118037 0.0330669 0.0327864
0 0.267251 0.873809 0.127877 0.122079
0 0.479933 0.4786 0.118626 0.112154
0 0.780731 0.948245 0.0560102 0.0517252
0 0.889222 0.408017 0.0334417 0.0331257
0 0.902191 0.505259 0.0312798 0.0308602
0 0.889673 0.0141441 0.0285351 0.0269746
0 0.375326 0.227587 0.0295944 0.028122
0 0.88681 0.345593 0.0401415 0.0384254
0 0.474622 0.33875 0.0298218 0.0281449
0 0.97235 0.355447 0.0352743 0.0336914
0 0.0249175 0.584615 0.0495504 0.048485
0 0.512047 0.195763 0.0327053 0.0320827
0 0.943205 0.114934 0.0324728 0.032045
0 0.634277 0.518746 0.0275074 0.0265087
0 0.178366 0.698871 0.0310427 0.0300015
0 0.134294 0.832487 0.0511403 0.0465557
0 0.0512799 0.423505 0.0333293 0.0312101
0 0.760355 0.65047 0.0302578 0.0285989
0 0.596718 0.523664 0.0375151 0.0340122
0 0.209479 0.934339 0.0337467 0.0310999
0 0.848197 0.537781 0.302092 0.38206
0 0.745456 0.910722 0.0622682 0.0597759
0 0.863678 0.814153 0.0312351 0.0295923
0 0.609902 0.323633 0.040818 0.0403325
0 0.717628 0.800623 0.0276396 0.0261536
0 0.991429 0.379265 0.0171427 0.0300152
0 0.791542 0.320535 0.0333128 0.0340918
0 0.458137 0.305669 0.0421463 0.0408316
0 0.00814367 0.863444 0.0162873 0.0430763
0 0.345021 0.856565 0.0355483 0.0333357
0 0.430604 0.182794 0.0305767 0.0295578
0 0.555892 0.553558 0.0316284 0.0305992
0 0.327794 0.950051 0.0946012 0.0896038
0 0.381176 0.885805 0.0293948 0.0279408
0 0.734558 0.45732 0.0277059 0.0274967
0 0.187517 0.383631 0.0296221 0.0275521
0 0.746733 0.858532 0.0254488 0.0250361
0 0.344096 0.271348 0.0391364 0.0370106
0 0.723508 0.352313 0.0247881 0.0233798
