0 0.833138 0.624319 0.0776584 0.0717825
0 0.60399 0.408131 0.137547 0.125524
0 0.502638 0.974289 0.0430185 0.040213
0 0.981975 0.111926 0.0353601 0.0365107
0 0.93417 0.87139 0.131661 0.140479
0 0.64761 0.329742 0.0707174 0.0612484
0 0.958961 0.0185593 0.0346251 0.0328098
0 0.759622 0.222013 0.0308038 0.0279986
0 0.649097 0.114658 0.0648615 0.0568237
0 0.627402 0.0629043 0.0512516 0.0476388
0 0.822149 0.3826 0.0378471 0.0351953
0 0.82068 0.852674 0.0879528 0.0824387
0 0.0552013 0.271091 0.0336005 0.0318149
0 0.888299 0.141739 0.0633732 0.0574267
0 0.0126976 0.846718 0.0253952 0.0310156
0 0.797968 0.144501 0.0426629 0.0402078
0 0.769675 0.878525 0.0324297 0.0305527
0 0.735581 0.622422 0.109566 0.101457
0 0.798058 0.275673 0.0309271 0.0290661
0 0.466944 0.293176 0.0444267 0.0412609
0 0.535932 0.0253095 0.0445828 0.042554
0 0.548734 0.991135 0.0459495 0.0177302
0 0.286912 0.383711 0.0746996 0.0707476
0 0.393919 0.28892 0.0296712 0.0256931
0 0.569621 0.123893 0.0417218 0.0374741
0 0.140022 0.362347 0.0565193 0.0489036
0 0.747947 0.279396 0.0577483 0.0529567
0 0.566222 0.86859 0.0342255 0.0307049
0 0.0613327 0.335665 0.0358599 0.0330363
0 0.352028 0.226894 0.565088 0.450451
0 0.0957041 0.271899 0.0412163 0.0385769
0 0.588989 0.0656622 0.0300255 0.0277848
0 0.478951 0.211731 0.0332761 0.0286642
0 0.500476 0.00816005 0.0748908 0.0162748
0 0.685917 0.187354 0.0280649 0.0252312
0 0.229771 0.927189 0.27191 0.145621
0 0.922575 0.96155 0.154849 0.0768997
0 0.467771 0.429055 0.0294334 0.025808
0 0.316171 0.144459 0.0433184 0.0397587
0 0.482931 0.231879 0.032857 0.0275663
0 0.496812 0.628483 0.0363148 0.0319677
0 0.654561 0.707854 0.0260725 0.0241026
0 0.155256 0.819075 0.0290317 0.0275909
