0 0.505315 0.214437 0.237499 0.198903
0 0.954146 0.765376 0.0588432 0.0507843
0 0.839203 0.256319 0.0765713 0.0659689
0 0.589222 0.484504 0.0413362 0.034071
0 0.472688 0.0813904 0.0969786 0.0798634
0 0.407901 0.1613 0.0419568 0.0351453
0 0.0950777 0.178088 0.0503925 0.040991
0 0.516006 0.0329078 0.0465462 0.0386285
0 0.0989696 0.345146 0.0357749 0.0320338
0 0.57576 0.797358 0.0370009 0.0319433
0 0.421567 0.835838 0.0397709 0.03246
0 0.38762 0.713238 0.0408997 0.0347294
0 0.768394 0.81667 0.0449507 0.0384211
0 0.804119 0.693702 0.0391228 0.0334025
0 0.638721 0.0393429 0.038681 0.0324604
0 0.358302 0.320031 0.0345288 0.0295777
0 0.694801 0.193092 0.150094 0.13111
0 0.283124 0.94243 0.110793 0.0922958
0 0.196332 0.594149 0.0322136 0.0275801
0 0.628926 0.380252 0.036797 0.0329974
0 0.907926 0.786886 0.184148 0.342164
0 0.210201 0.747486 0.161801 0.136544
0 0.280165 0.809728 0.0493074 0.0423925
0 0.575805 0.302292 0.0793414 0.0678779
0 0.659794 0.936528 0.0418221 0.034878
0 0.0130591 0.0234009 0.0261182 0.0281856
0 0.656491 0.203615 0.0971453 0.085318
0 0.369741 0.419557 0.130796 0.110719
0 0.899301 0.0780977 0.200937 0.156195
0 0.970267 0.44017 0.029673 0.0252347
0 0.00698917 0.113823 0.0138554 0.0543353
0 0.117957 0.903788 0.11634 0.104514
0 0.953897 0.289275 0.0911694 0.0835559
0 0.0381869 0.631101 0.0763737 0.125366
