0 0.926704 0.461869 0.0415319 0.0397908
0 0.169731 0.493317 0.0406481 0.0388878
0 0.921905 0.393807 0.034984 0.0333545
0 0.157897 0.128447 0.0418812 0.0395592
0 0.259238 0.45627 0.0334662 0.0324634
0 0.935215 0.240167 0.0306545 0.0288347
0 0.0441049 0.601762 0.0594023 0.0563632
0 0.208701 0.423131 0.0779923 0.0755463
0 0.929366 0.27107 0.0347843 0.0330632
0 0.555101 0.820268 0.0283972 0.0273525
0 0.44556 0.153936 0.0383792 0.0357642
0 0.890074 0.158271 0.0509892 0.0487683
0 0.283228 0.539622 0.0314573 0.0288482
0 0.0911148 0.633309 0.0322441 0.0324114
0 0.545308 0.928266 0.0492067 0.047172
