0 0.318247 0.637816 0.0409237 0.0389778
0 0.734739 0.918841 0.0343845 0.0331631
0 0.580225 0.172828 0.0361975 0.0366889
0 0.126922 0.292547 0.0430283 0.0411559
0 0.444132 0.419426 0.0486666 0.0473663
0 0.927168 0.936524 0.0430725 0.0403959
0 0.24232 0.409045 0.0321685 0.031028
0 0.581241 0.556051 0.0728989 0.0707211
0 0.456523 0.384596 0.0468136 0.0465786
0 0.825644 0.986999 0.0484718 0.0260024
0 0.90565 0.58386 0.0578259 0.0530175
0 0.17163 0.665672 0.0492162 0.0481926
0 0.250489 0.825545 0.0306747 0.0296547
