0 0.551704 0.202294 0.174859 0.136272
0 0.865072 0.435297 0.0858631 0.062023
0 0.859884 0.076345 0.049918 0.0394799
0 0.807039 0.845078 0.0464829 0.0365597
0 0.850108 0.719833 0.0564428 0.0400988
0 0.22465 0.683746 0.320595 0.249774
0 0.350698 0.700144 0.0378784 0.027807
0 0.766346 0.837016 0.0390181 0.0305624
0 0.94744 0.31015 0.0343485 0.0268592
0 0.75193 0.548288 0.251989 0.169221
0 0.550471 0.66138 0.0344273 0.0269706
0 0.50557 0.10304 0.0362719 0.0272701
0 0.984238 0.198018 0.0315235 0.0286797
0 0.361421 0.11738 0.0309998 0.0239314
0 0.170833 0.967537 0.0325429 0.0251863
0 0.642138 0.683574 0.03116 0.0247313
0 0.443165 0.0061149 0.0362115 0.0122298
