0 0.413049 0.0687443 0.0491757 0.0430971
0 0.0283131 0.953988 0.0428124 0.0344383
0 0.454093 0.622265 0.0345911 0.0298906
0 0.0286668 0.201876 0.0433861 0.0376355
0 0.961297 0.0858018 0.0430996 0.0375331
0 0.243126 0.920694 0.0335506 0.0288857
0 0.255244 0.0660486 0.0330033 0.026058
0 0.898646 0.252322 0.0421766 0.0360037
0 0.0526036 0.418918 0.0316962 0.0263298
0 0.242906 0.0488496 0.0310377 0.0252608
0 0.709993 0.0537814 0.0404722 0.0330615
0 0.487318 0.794165 0.0288248 0.0260232
0 0.164228 0.793702 0.0306911 0.0267569
0 0.782898 0.0732547 0.0292864 0.026918
0 0.866511 0.329299 0.0266972 0.0246942
0 0.819797 0.135884 0.0393784 0.0338725
0 0.615373 0.308105 0.0312439 0.0278399
0 0.107246 0.136037 0.089762 0.073631
0 0.247556 0.558631 0.0301693 0.0270416
0 0.608597 0.0521609 0.0339037 0.0291055
