0 0.796449 0.481975 0.373417 0.371154
0 0.239424 0.171871 0.0372042 0.0371052
0 0.331972 0.0638483 0.0353714 0.0345251
0 0.980197 0.353416 0.0391262 0.0510795
0 0.845138 0.0763755 0.029879 0.0294692
0 0.296051 0.290998 0.0448411 0.0450022
0 0.421907 0.134215 0.0322008 0.0316203
0 0.428634 0.368526 0.0309231 0.0295486
0 0.780152 0.440107 0.0287325 0.0283935
0 0.251929 0.213642 0.0341481 0.0333023
0 0.605227 0.786251 0.0307087 0.02964
0 0.138956 0.192007 0.0351746 0.0346662
0 0.131459 0.059985 0.0267794 0.0269192
0 0.554123 0.218459 0.0263607 0.025636
0 0.60583 0.732235 0.0251492 0.0254697
0 0.471692 0.310753 0.0261026 0.025043
0 0.285213 0.261008 0.0275668 0.0269371
0 0.139024 0.0929352 0.0243453 0.0239221
0 0.290355 0.226593 0.0290638 0.0272851
0 0.744237 0.588001 0.0238181 0.0238358
0 0.447504 0.0147144 0.0270704 0.0268288
0 0.10265 0.387879 0.0589459 0.0557592
0 0.974365 0.69684 0.0318993 0.031251
0 0.312132 0.318588 0.0242162 0.0236976
0 0.357287 0.103358 0.023276 0.0231722
0 0.611478 0.16749 0.0230409 0.0224633
