0 0.413295 0.871349 0.0585075 0.0436724
0 0.764185 0.0235026 0.0711746 0.0470053
0 0.900796 0.209633 0.103677 0.0813665
0 0.602276 0.543501 0.0718908 0.0539732
0 0.670199 0.613833 0.0432926 0.0303856
0 0.526607 0.802687 0.054068 0.0395215
0 0.516349 0.566708 0.0481753 0.0350376
0 0.431524 0.155539 0.0462423 0.0344613
0 0.633253 0.744004 0.0467974 0.0353071
0 0.963185 0.0494891 0.0390539 0.028561
0 0.803131 0.588001 0.0379635 0.0277776
0 0.328135 0.690618 0.0669481 0.0452747
0 0.752141 0.776694 0.0643923 0.0501224
0 0.184598 0.368297 0.0914051 0.0706396
0 0.0140922 0.618845 0.0281844 0.0303944
0 0.621056 0.712887 0.0373199 0.0275808
0 0.21632 0.508578 0.0623899 0.0453539
0 0.114389 0.0947663 0.0601862 0.0482533
0 0.110225 0.536039 0.0927342 0.0689728
0 0.48991 0.962563 0.0356167 0.0262169
0 0.127691 0.0337204 0.100962 0.0658444
0 0.119762 0.891066 0.0402969 0.0300541
0 0.351037 0.989773 0.0348979 0.0204541
0 0.586388 0.298508 0.043289 0.0315549
0 0.453934 0.305714 0.0396343 0.0309074
0 0.751433 0.345536 0.0630121 0.0485248
0 0.461767 0.932041 0.0363734 0.0261059
0 0.139603 0.211034 0.140318 0.105544
0 0.742152 0.192807 0.03304 0.0248387
0 0.252717 0.446205 0.0476181 0.0321715
0 0.506054 0.358095 0.038513 0.0280562
0 0.418287 0.0399811 0.0356833 0.024821
0 0.223314 0.62218 0.0399992 0.03085
0 0.0573782 0.387229 0.0579404 0.0457502
0 0.874747 0.956037 0.221389 0.0876984
0 0.994843 0.487639 0.010315 0.0427349
0 0.907637 0.688497 0.0389286 0.0302881
0 0.63603 0.290366 0.0600517 0.0448413
0 0.616626 0.658577 0.0360269 0.0266043
0 0.0368883 0.269645 0.0313035 0.024888
0 0.161213 0.245688 0.205964 0.171177
0 0.109044 0.739748 0.218087 0.384682
0 0.581833 0.437928 0.0311651 0.0246067
0 0.0471713 0.0700589 0.0925154 0.0710977
0 0.612065 0.956651 0.0316166 0.0265081
0 0.445517 0.0757471 0.208233 0.138747
