0 0.120295 0.5807 0.0408466 0.0388843
0 0.647716 0.780069 0.0473243 0.0459267
0 0.22858 0.250448 0.0605749 0.0599707
0 0.358802 0.134451 0.0630984 0.0630219
0 0.164269 0.826099 0.0323017 0.0314091
0 0.307064 0.119903 0.0398333 0.0386169
0 0.147945 0.618787 0.0284749 0.028334
0 0.0808429 0.83218 0.0309846 0.0309029
0 0.176627 0.71071 0.0287678 0.0285072
0 0.37164 0.470906 0.0344478 0.032918
0 0.320967 0.290115 0.0435287 0.0398194
0 0.229987 0.557969 0.0339026 0.0321721
0 0.581231 0.187316 0.0462824 0.0451898
0 0.267187 0.206714 0.0662202 0.0606092
0 0.287578 0.261116 0.0645245 0.0624687
0 0.176448 0.668163 0.0255824 0.0249481
0 0.0219169 0.917649 0.0422324 0.0443243
0 0.30003 0.899796 0.0421212 0.0424366
0 0.364196 0.505302 0.031012 0.0305504
0 0.518196 0.0988154 0.0851334 0.0853582
0 0.232433 0.453653 0.0270639 0.0279293
0 0.328387 0.495913 0.0377582 0.0377487
0 0.085422 0.971174 0.0312903 0.0306759
0 0.327656 0.215063 0.0536595 0.0518201
0 0.401326 0.211308 0.037891 0.0353717
0 0.328031 0.313515 0.0460841 0.0432453
0 0.0629123 0.535202 0.125825 0.314722
0 0.157803 0.684175 0.0267764 0.0257397
0 0.111427 0.237329 0.0321206 0.0310741
0 0.321356 0.579706 0.0265195 0.025659
0 0.367581 0.0400182 0.0904922 0.079038
0 0.292993 0.870319 0.0231181 0.0229595
0 0.391247 0.0862648 0.0226006 0.0225023
