0 0.731663 0.138576 0.112944 0.106536
0 0.294226 0.543435 0.0765159 0.0701794
0 0.80347 0.61028 0.207051 0.186805
0 0.165309 0.499181 0.169727 0.162613
0 0.60204 0.0410886 0.0416769 0.0396886
0 0.854802 0.1074 0.101675 0.0887252
0 0.429268 0.423491 0.0607588 0.0542318
0 0.253417 0.0564533 0.0470986 0.0443888
0 0.632637 0.215296 0.0569988 0.0546863
0 0.427916 0.0370385 0.0850332 0.073948
0 0.137086 0.84434 0.0304951 0.0294081
0 0.576177 0.164069 0.0339055 0.0313709
0 0.550753 0.319733 0.0501379 0.0448441
0 0.0439456 0.103992 0.0878911 0.103903
0 0.0288686 0.953559 0.0359369 0.0337816
0 0.0162508 0.388574 0.0325016 0.036114
0 0.665778 0.176447 0.092037 0.0870602
0 0.938967 0.145129 0.0677197 0.0599484
0 0.322474 0.184829 0.0713901 0.0676613
0 0.827249 0.815405 0.0394787 0.0361465
0 0.463433 0.225794 0.034379 0.0323474
0 0.909313 0.663791 0.0438946 0.0422971
0 0.114041 0.57666 0.0545121 0.0500505
0 0.386687 0.228022 0.0919487 0.0861155
0 0.847422 0.733799 0.0293606 0.0279755
0 0.349212 0.296294 0.0385258 0.0352809
0 0.0645432 0.402387 0.0314632 0.0289356
0 0.29228 0.579664 0.0301806 0.027511
0 0.482104 0.383473 0.0575685 0.0521359
0 0.261494 0.293797 0.0371722 0.0345511
0 0.24044 0.99307 0.0366755 0.0138596
0 0.988769 0.435502 0.0223248 0.0658377
0 0.6606 0.491209 0.029233 0.0268934
0 0.672049 0.65971 0.093955 0.0858683
0 0.233865 0.106365 0.0531857 0.0491861
0 0.274733 0.481338 0.0884222 0.0829113
0 0.856305 0.0144588 0.0293682 0.0255132
0 0.560429 0.372485 0.0829314 0.0748113
0 0.759491 0.908539 0.050687 0.0447054
0 0.733317 0.734799 0.0912132 0.0814488
0 0.630502 0.699383 0.0860032 0.0787079
0 0.314145 0.0696871 0.10615 0.0956511
0 0.984906 0.748658 0.0284868 0.0269105
0 0.811615 0.842437 0.0480686 0.042749
0 0.959725 0.0816749 0.0805504 0.0722127
0 0.771933 0.802382 0.073333 0.0666512
0 0.756358 0.232063 0.0320084 0.0277666
0 0.0115851 0.188195 0.0231702 0.0716198
0 0.610318 0.783889 0.0793287 0.0725266
0 0.354524 0.522407 0.0470054 0.0440506
0 0.0737393 0.613609 0.0548228 0.0506136
0 0.390228 0.834396 0.0866196 0.0814552
0 0.210547 0.962478 0.0640665 0.0590309
0 0.335558 0.46359 0.0485516 0.0438458
0 0.987057 0.662835 0.025886 0.0463158
0 0.573014 0.934302 0.0873331 0.0824116
0 0.497424 0.0474175 0.0478183 0.0436131
0 0.819272 0.919189 0.0313129 0.0289154
