0 0.226045 0.280081 0.134377 0.114576
0 0.157024 0.97028 0.0678337 0.0548599
0 0.0599844 0.925331 0.0400002 0.0314514
0 0.711205 0.503027 0.0316917 0.02995
0 0.15498 0.574519 0.0322759 0.0270119
0 0.570305 0.487029 0.0452469 0.0428135
0 0.895884 0.0457367 0.0370699 0.0303036
0 0.696224 0.0233983 0.0600479 0.0467965
0 0.351499 0.0104321 0.0530626 0.0208493
0 0.582528 0.595478 0.0688559 0.0632696
0 0.468497 0.124678 0.044673 0.0369449
0 0.890786 0.370426 0.0351765 0.0323111
0 0.262994 0.993703 0.0374866 0.012594
0 0.0135035 0.898901 0.0270069 0.0260433
0 0.763399 0.979239 0.0288553 0.0260256
0 0.226238 0.866341 0.0311942 0.0246704
0 0.598132 0.994692 0.0325365 0.0104889
0 0.766379 0.132035 0.14111 0.119803
0 0.189637 0.828577 0.0750749 0.058864
0 0.0866921 0.976266 0.0692845 0.0470728
0 0.126969 0.15779 0.0431215 0.0357765
0 0.812262 0.564737 0.0306585 0.0280632
