0 0.278299 0.0621117 0.169322 0.124223
0 0.685974 0.457326 0.0789768 0.0613647
0 0.597848 0.859281 0.0948121 0.0795403
0 0.135571 0.325435 0.0461763 0.0355081
0 0.8268 0.0442902 0.0463738 0.0384719
0 0.410735 0.364692 0.0372343 0.0303643
0 0.973709 0.802532 0.0472349 0.0372507
0 0.11115 0.69436 0.0335259 0.0285578
0 0.867287 0.0344916 0.0323898 0.0277446
0 0.462276 0.0866709 0.0351349 0.0281426
0 0.776576 0.740992 0.0357447 0.0302656
0 0.933201 0.347803 0.051914 0.0437103
0 0.728367 0.792831 0.0330488 0.0264605
0 0.783892 0.0581661 0.0388419 0.0304149
0 0.609295 0.279631 0.0368162 0.028397
0 0.640665 0.970154 0.149957 0.0596916
0 0.507033 0.679789 0.0368765 0.0317205
0 0.0800313 0.623727 0.0323641 0.0256259
0 0.932391 0.445757 0.0794476 0.0648346
0 0.133176 0.729907 0.0296001 0.0257061
0 0.760503 0.0740928 0.031377 0.0264496
0 0.938009 0.721377 0.0559071 0.0481549
0 0.844069 0.0938924 0.0361862 0.0300345
0 0.232095 0.876041 0.0535725 0.0465488
0 0.666356 0.577023 0.0848759 0.0689446
0 0.362809 0.610942 0.0977283 0.0763105
0 0.139232 0.00807057 0.0467514 0.016125
0 0.135845 0.878411 0.0485259 0.0415089
0 0.370183 0.796416 0.045022 0.0349688
0 0.738105 0.192921 0.0372747 0.0267639
0 0.335003 0.937594 0.0301321 0.0232847
0 0.142348 0.764575 0.0277145 0.025175
0 0.361373 0.264863 0.0321224 0.0257338
0 0.932881 0.912589 0.134064 0.125959
0 0.880368 0.483884 0.0694202 0.0540304
0 0.598711 0.526574 0.0897638 0.0662893
