0 0.883373 0.663935 0.0591084 0.0573443
0 0.509653 0.592617 0.0467539 0.0445017
0 0.603247 0.878689 0.0545427 0.055138
0 0.0906113 0.101107 0.0383661 0.0372871
0 0.455695 0.548645 0.0295923 0.0288218
0 0.737939 0.507601 0.0301867 0.0296583
0 0.654184 0.678583 0.0287453 0.0279879
0 0.421073 0.0377496 0.0299971 0.0289331
0 0.495272 0.424113 0.0270479 0.0266516
0 0.628593 0.00789799 0.0354166 0.0156881
0 0.565502 0.903325 0.0519427 0.0507866
0 0.557075 0.392544 0.0265856 0.0252532
0 0.00866124 0.463947 0.0171351 0.0404697
0 0.263418 0.435203 0.0514084 0.0503296
0 0.484953 0.525017 0.0268501 0.0261606
0 0.0100094 0.132437 0.0200188 0.0311347
0 0.350254 0.325705 0.0259519 0.0246884
0 0.597067 0.194192 0.0272202 0.0262012
0 0.710375 0.203399 0.0269113 0.0252041
0 0.368347 0.307446 0.242788 0.234414
0 0.381239 0.0867211 0.025589 0.0250416
0 0.42651 0.629607 0.0603216 0.0623623
