0 0.473087 0.0258257 0.0667305 0.0516514
0 0.152612 0.631662 0.0407306 0.0394516
0 0.116597 0.360666 0.0344855 0.0328465
0 0.178884 0.572134 0.0297428 0.0285298
0 0.673314 0.576714 0.0317331 0.0303383
0 0.127495 0.127502 0.0394095 0.039854
0 0.288071 0.842443 0.0395694 0.0380444
0 0.974543 0.6305 0.0419058 0.040238
0 0.625544 0.18507 0.0966807 0.092865
0 0.207773 0.0878819 0.129364 0.12664
0 0.565821 0.258274 0.0288113 0.0279605
0 0.602847 0.309428 0.0343289 0.0337895
0 0.237466 0.649886 0.0273959 0.0261908
0 0.0484551 0.17963 0.0311228 0.0310521
0 0.709035 0.906877 0.0283397 0.0278891
0 0.77015 0.992963 0.0424734 0.0140749
