0 0.647238 0.81632 0.0514341 0.0508355
0 0.527074 0.510585 0.0546297 0.0544043
0 0.901845 0.360833 0.0560545 0.05431
0 0.916548 0.609527 0.0405415 0.0397033
0 0.883981 0.0657578 0.14923 0.131516
0 0.317784 0.497977 0.057021 0.0536409
0 0.634828 0.0926728 0.0347344 0.0336421
0 0.1512 0.658706 0.0366836 0.0351196
0 0.618638 0.240914 0.0372646 0.0361684
0 0.42341 0.346095 0.0453522 0.045061
0 0.583573 0.278051 0.0291109 0.0286604
0 0.612039 0.839476 0.0315008 0.0308956
0 0.783942 0.606904 0.0293814 0.0285489
0 0.706687 0.319438 0.0301551 0.0301269
0 0.968061 0.748428 0.0367552 0.0350801
0 0.739582 0.862105 0.03846 0.038105
0 0.64843 0.491506 0.0397577 0.0378042
0 0.677124 0.95747 0.0280628 0.0270679
0 0.891016 0.39367 0.0317642 0.0303883
0 0.494158 0.28036 0.0288546 0.028151
0 0.379578 0.0987261 0.0343939 0.0335602
0 0.438385 0.417854 0.0313343 0.0303339
0 0.380127 0.653291 0.0398082 0.0397676
0 0.733774 0.815526 0.0350975 0.0340691
0 0.348592 0.615631 0.0331219 0.0320115
0 0.9534 0.462415 0.0271812 0.0267813
0 0.935307 0.745667 0.0277113 0.0280072
0 0.976219 0.92158 0.0272049 0.0267632
0 0.761623 0.565079 0.0324821 0.0317442
0 0.978496 0.716633 0.0281361 0.0273716
0 0.163226 0.894807 0.0308484 0.0309963
0 0.621994 0.573256 0.0304764 0.0292744
0 0.597895 0.557491 0.0285956 0.0269643
0 0.730006 0.0166746 0.0627337 0.0333492
0 0.478887 0.827032 0.0284804 0.0278576
0 0.617162 0.496382 0.0265709 0.0266748
0 0.690048 0.789119 0.0276464 0.0269626
0 0.77632 0.84041 0.0364311 0.0348969
0 0.45833 0.726021 0.0281521 0.026506
0 0.779537 0.671533 0.0304684 0.0288401
0 0.408406 0.699728 0.0289169 0.0277159
0 0.541204 0.566537 0.0315052 0.0298046
0 0.849494 0.422826 0.0283276 0.0284618
0 0.81394 0.940213 0.0308292 0.0295128
0 0.646177 0.992872 0.0259127 0.0137831
0 0.0366161 0.419884 0.0335713 0.0327509
0 0.802746 0.165831 0.0434298 0.0431392
0 0.641897 0.524342 0.0292329 0.0274745
0 0.803504 0.0293236 0.0317041 0.0304693
0 0.671226 0.7455 0.0255764 0.0252331
