0 0.87788 0.254336 0.0593752 0.0528032
0 0.609647 0.900857 0.0581888 0.0539858
0 0.694493 0.573668 0.069455 0.062112
0 0.0951089 0.37204 0.0497086 0.0472534
0 0.773137 0.314092 0.0384279 0.035809
0 0.157317 0.0301256 0.0428151 0.0383856
0 0.948105 0.205707 0.0334051 0.0299943
0 0.0181261 0.815492 0.0362367 0.0414515
0 0.599291 0.343407 0.0386871 0.0367371
0 0.949751 0.151818 0.0447578 0.0389128
0 0.435469 0.703744 0.035084 0.0341068
0 0.1377 0.286522 0.0326016 0.0316466
0 0.485004 0.0273476 0.0456694 0.0444724
0 0.534126 0.0484111 0.0384398 0.037203
0 0.756313 0.967773 0.037897 0.0343554
0 0.81387 0.230181 0.0351181 0.0308426
0 0.710329 0.507795 0.0348568 0.0307141
0 0.143974 0.160825 0.0342185 0.0317855
0 0.266963 0.793462 0.0274968 0.026545
0 0.6506 0.859853 0.0295597 0.0273994
0 0.212478 0.216617 0.0329982 0.0308467
0 0.816425 0.760716 0.0296183 0.0276501
0 0.289376 0.743768 0.0304609 0.0300854
0 0.550601 0.915556 0.04764 0.0468239
0 0.639039 0.333433 0.0301185 0.0289437
0 0.218499 0.343049 0.0242387 0.0238299
0 0.271509 0.435147 0.0283967 0.0264766
0 0.189558 0.232892 0.0259148 0.0242156
0 0.927939 0.345443 0.0268326 0.0254941
0 0.332914 0.147879 0.0277603 0.0261821
0 0.262775 0.326711 0.0275361 0.0256238
0 0.0159288 0.523756 0.0317579 0.0685225
0 0.933952 0.499595 0.0529137 0.0500675
0 0.605686 0.855169 0.0264805 0.0246147
0 0.0125474 0.50971 0.02504 0.0412474
