0 0.873491 0.460767 0.0866226 0.0804263
0 0.0967071 0.215608 0.0639699 0.0562041
0 0.547059 0.394492 0.0661457 0.0614985
0 0.187588 0.691353 0.0327029 0.0291105
0 0.61017 0.893943 0.0372073 0.0346607
0 0.435161 0.375546 0.0491455 0.0457582
0 0.531634 0.700932 0.0307564 0.0281153
0 0.308751 0.240985 0.0415081 0.0384254
0 0.329602 0.945028 0.032863 0.0283236
0 0.157805 0.203108 0.037904 0.032584
0 0.307076 0.382601 0.0434069 0.0396584
0 0.455487 0.926636 0.0293177 0.0264162
0 0.215776 0.460605 0.0492116 0.0432169
0 0.981554 0.0395609 0.0349237 0.0304394
0 0.126895 0.862058 0.0363924 0.03255
