0 0.761987 0.414193 0.255588 0.197021
0 0.905333 0.766644 0.0545074 0.0472326
0 0.10192 0.955073 0.0445514 0.0388983
0 0.237589 0.486879 0.0338004 0.0288708
0 0.236963 0.292099 0.0568056 0.0479605
0 0.436154 0.165665 0.0423692 0.0366552
0 0.143642 0.257794 0.0388542 0.0320118
0 0.832865 0.0297443 0.0412586 0.0349773
0 0.752278 0.927105 0.109832 0.0958317
0 0.618039 0.118878 0.0327083 0.026826
0 0.594857 0.653101 0.0433146 0.0378662
0 0.540344 0.164909 0.0378075 0.0297428
0 0.825921 0.891985 0.0409336 0.0362598
0 0.538329 0.267292 0.0329161 0.0279099
0 0.082524 0.884864 0.039911 0.0349751
0 0.530511 0.930746 0.0700436 0.0634525
0 0.637357 0.023198 0.0368964 0.0295168
0 0.0893691 0.463007 0.0491077 0.0421497
0 0.42467 0.575872 0.0318578 0.0298738
0 0.252069 0.103188 0.0303793 0.0256694
0 0.877524 0.246579 0.0334372 0.0275724
0 0.987319 0.739744 0.0253208 0.0333258
0 0.585781 0.973139 0.131732 0.0532526
0 0.687079 0.281515 0.0373902 0.0314388
0 0.458317 0.345328 0.039779 0.0356116
0 0.898705 0.865788 0.0351017 0.0313728
