0 0.296671 0.42385 0.0731741 0.0582447
0 0.672608 0.237962 0.123421 0.0981421
0 0.157436 0.393763 0.111603 0.0870548
0 0.386136 0.149831 0.104456 0.0771738
0 0.839912 0.694011 0.0875732 0.0736772
0 0.44306 0.302063 0.0576068 0.0443459
0 0.348646 0.223969 0.0475998 0.0366475
0 0.957532 0.114046 0.0848747 0.105673
0 0.516095 0.24815 0.0546079 0.0410177
0 0.656411 0.369979 0.0527342 0.0426268
0 0.798877 0.421903 0.0659756 0.0510487
0 0.167507 0.494133 0.0506785 0.0387482
0 0.223069 0.325576 0.0594322 0.0442391
0 0.615462 0.360142 0.0476059 0.0387497
0 0.266845 0.0649812 0.0803242 0.0627408
0 0.570847 0.363546 0.0387486 0.0309576
0 0.637099 0.304712 0.068088 0.0516381
0 0.247894 0.192226 0.0406084 0.0320258
0 0.521655 0.155559 0.0600019 0.0437038
0 0.593571 0.700634 0.0366161 0.0302668
0 0.659366 0.0840933 0.0567111 0.0435044
0 0.258104 0.283536 0.0496166 0.0378792
0 0.509729 0.0655852 0.0596874 0.045419
0 0.751948 0.899137 0.0384254 0.0310806
0 0.124833 0.96177 0.0698612 0.0581039
0 0.959053 0.402325 0.0818089 0.115497
0 0.770598 0.841494 0.100479 0.0825619
0 0.892778 0.030908 0.0836393 0.0616244
0 0.557855 0.754602 0.204249 0.174383
0 0.594293 0.00832622 0.0542032 0.0166328
0 0.708945 0.151258 0.0326828 0.0274642
0 0.872088 0.106216 0.0760054 0.0607203
0 0.396928 0.319093 0.0373646 0.0291255
0 0.389637 0.0591813 0.0408693 0.0342166
0 0.254465 0.245435 0.0377165 0.0280122
0 0.52308 0.103932 0.0432138 0.0346344
0 0.922014 0.160238 0.0828112 0.0610966
0 0.473228 0.617671 0.0330844 0.0267012
0 0.563605 0.903472 0.160966 0.137024
0 0.422162 0.0570937 0.0334549 0.0288788
0 0.95824 0.0109107 0.0835199 0.0218214
0 0.865142 0.013965 0.0975903 0.0279301
0 0.967884 0.317788 0.0273453 0.0233558
0 0.583439 0.275294 0.0575754 0.0468435
0 0.807298 0.0832019 0.0338535 0.0267335
0 0.778596 0.96413 0.0919695 0.0711016
0 0.542117 0.0122625 0.0327915 0.0245251
0 0.429582 0.105882 0.041202 0.0328329
0 0.92964 0.171227 0.0575283 0.0430744
