0 0.187715 0.841754 0.0800181 0.0759842
0 0.574876 0.859067 0.367549 0.281865
0 0.953384 0.231991 0.0520832 0.0454826
0 0.73382 0.0812017 0.0469616 0.0426836
0 0.263206 0.18912 0.0385023 0.0350462
0 0.0260089 0.659627 0.0307035 0.0289999
0 0.831412 0.893557 0.0555237 0.054373
0 0.0117155 0.00997945 0.0232916 0.0199589
0 0.928647 0.385638 0.0283127 0.0267212
0 0.347517 0.700171 0.0760476 0.074522
0 0.639742 0.569932 0.0255427 0.0247727
0 0.225987 0.256061 0.0342472 0.0313643
0 0.358914 0.888358 0.0250218 0.0229132
0 0.178396 0.924558 0.0413788 0.0395782
0 0.563668 0.500012 0.0353382 0.0331847
