0 0.317571 0.371756 0.189407 0.17826
0 0.559962 0.939796 0.135277 0.120208
0 0.53589 0.391414 0.154325 0.144686
0 0.419394 0.298061 0.0527573 0.0486968
0 0.827183 0.821105 0.0709995 0.0679634
0 0.804363 0.169617 0.391274 0.339234
0 0.0275662 0.0402739 0.0541702 0.0695354
0 0.321199 0.0408412 0.0376295 0.0356153
0 0.654191 0.913855 0.0494184 0.0462925
0 0.335742 0.577272 0.0622084 0.0571125
0 0.869418 0.884003 0.0404383 0.0374306
0 0.70919 0.833089 0.0416147 0.0393127
0 0.588573 0.0851648 0.0934647 0.0908525
0 0.918538 0.474232 0.0428154 0.0412094
0 0.0109259 0.859101 0.0218518 0.0341927
0 0.863659 0.527216 0.0355194 0.0319057
0 0.887501 0.0671225 0.0347597 0.0304408
0 0.874055 0.437144 0.0865288 0.0807352
0 0.681594 0.406367 0.327041 0.299264
0 0.966414 0.281848 0.0428808 0.0386241
0 0.148946 0.637135 0.038547 0.0356001
0 0.319761 0.0953426 0.0298875 0.0282695
0 0.670614 0.849654 0.0338238 0.0308819
0 0.914742 0.357181 0.125912 0.108545
0 0.638169 0.98102 0.0517931 0.0375805
0 0.226229 0.44916 0.0319366 0.0297668
0 0.752978 0.974314 0.120095 0.0507744
0 0.978183 0.543943 0.0436348 0.0485167
0 0.876212 0.476295 0.0331917 0.0303534
0 0.834722 0.710741 0.0358042 0.033885
0 0.737284 0.676444 0.0475883 0.0448422
0 0.738476 0.914069 0.0339376 0.032415
0 0.874983 0.665742 0.240662 0.226478
0 0.940533 0.493932 0.0276604 0.0249458
0 0.689005 0.0694647 0.117194 0.103639
0 0.793696 0.658363 0.0274756 0.0265955
0 0.50897 0.212919 0.0289293 0.0261318
0 0.109193 0.140558 0.0260051 0.0263191
0 0.280862 0.632666 0.0735037 0.0704981
