0 0.42944 0.590319 0.096926 0.094966
0 0.743804 0.788559 0.104258 0.10109
0 0.402604 0.0347223 0.108629 0.06924
0 0.633133 0.706892 0.0752872 0.0712088
0 0.169634 0.736363 0.0989048 0.0979422
0 0.852204 0.972221 0.0966827 0.0548771
0 0.675812 0.860675 0.0490324 0.0473675
0 0.0690001 0.536526 0.0607608 0.0590963
0 0.400681 0.227974 0.0440334 0.0413451
0 0.25523 0.916296 0.0737327 0.0725143
0 0.101746 0.656521 0.093754 0.0919548
0 0.766038 0.557827 0.0581395 0.0552957
0 0.649173 0.183103 0.039994 0.0378798
0 0.516748 0.19519 0.0489834 0.0461592
0 0.920483 0.516447 0.0384609 0.0372543
0 0.0163874 0.608927 0.0327747 0.0377968
0 0.218779 0.794388 0.0757797 0.0733788
0 0.757877 0.014442 0.0343494 0.0288841
0 0.987497 0.373756 0.0244686 0.0651378
0 0.33166 0.617604 0.0366634 0.0349373
0 0.307494 0.0366836 0.0284204 0.0266769
0 0.836346 0.46781 0.0350857 0.0337775
0 0.139507 0.873949 0.0266756 0.0265718
0 0.770594 0.50511 0.0368166 0.0352473
0 0.0843166 0.801438 0.0295324 0.0280987
0 0.662324 0.01537 0.0629696 0.03074
0 0.476473 0.224361 0.0394367 0.0373599
0 0.428327 0.989987 0.0335814 0.0199482
0 0.317988 0.513549 0.0324513 0.0306707
0 0.973778 0.238364 0.0522873 0.055414
0 0.0589653 0.750287 0.0278472 0.0264715
0 0.8876 0.314984 0.0429169 0.0397978
0 0.863027 0.780879 0.031152 0.0300318
0 0.578242 0.542256 0.0302061 0.0278481
0 0.473605 0.78136 0.0697966 0.0676477
0 0.293515 0.479157 0.0315387 0.0298847
0 0.684075 0.505557 0.0452491 0.0431551
0 0.516875 0.161291 0.0388018 0.0375641
0 0.368409 0.789655 0.0471462 0.0459572
0 0.293857 0.569776 0.0276114 0.0264201
0 0.580454 0.756846 0.0343954 0.033252
0 0.968105 0.340972 0.0306419 0.0282909
0 0.260088 0.679316 0.0368093 0.0345633
0 0.392416 0.371115 0.0732872 0.0711299
0 0.624407 0.744455 0.0280473 0.0273405
0 0.407116 0.796302 0.0314821 0.0313007
0 0.879628 0.753173 0.029884 0.0275692
0 0.0465453 0.30996 0.0326589 0.0315296
0 0.789793 0.641698 0.029838 0.0272228
0 0.0174323 0.403066 0.0344575 0.0338833
0 0.490303 0.338439 0.0324554 0.0309332
