0 0.372558 0.120657 0.0864262 0.0853357
0 0.0669081 0.0407191 0.116159 0.0811995
0 0.948452 0.523636 0.0924755 0.0941986
0 0.396745 0.0321362 0.0494543 0.0491367
0 0.797744 0.0350987 0.043759 0.0415235
0 0.642631 0.409924 0.0302074 0.0300161
0 0.925685 0.0328186 0.0322641 0.0318689
0 0.951136 0.559916 0.0588148 0.0566023
0 0.935354 0.0990743 0.0284431 0.0276731
0 0.679518 0.635619 0.0265737 0.0265467
0 0.193482 0.0247068 0.0478408 0.0465157
0 0.770926 0.530702 0.0273933 0.0270139
0 0.602379 0.413335 0.0274491 0.0273645
0 0.156687 0.815026 0.046476 0.0459383
0 0.630088 0.325666 0.0256544 0.0246882
0 0.829011 0.499815 0.0254826 0.0246925
0 0.972127 0.115255 0.0557465 0.0771329
0 0.149637 0.310968 0.0294664 0.0286813
