0 0.531521 0.488991 0.182405 0.17654
0 0.778684 0.317989 0.0942537 0.0910266
0 0.0352743 0.96164 0.0378557 0.0375076
0 0.923731 0.499012 0.0372273 0.0371752
0 0.11399 0.918521 0.0522811 0.0525341
0 0.104236 0.355865 0.0629128 0.0618938
0 0.725732 0.563195 0.0389168 0.0382542
0 0.217677 0.902015 0.0415214 0.0411324
0 0.0264995 0.826355 0.0368531 0.0363972
0 0.302985 0.15566 0.0624381 0.062486
0 0.262739 0.465401 0.0347372 0.033997
0 0.0182562 0.548451 0.0365125 0.0514368
0 0.979413 0.185678 0.0408546 0.0566867
0 0.470118 0.917587 0.199226 0.164657
0 0.852382 0.352681 0.0392803 0.038497
0 0.484545 0.729674 0.0458038 0.0422402
0 0.913708 0.316533 0.0318859 0.031505
0 0.950781 0.615468 0.035458 0.0343615
0 0.155779 0.379972 0.0383221 0.0375113
0 0.194627 0.870356 0.0532705 0.0521858
0 0.151908 0.904289 0.0388468 0.037711
0 0.288302 0.76505 0.0397913 0.0382839
0 0.205918 0.424769 0.0310042 0.0299652
0 0.353244 0.893568 0.0346149 0.0347965
0 0.308952 0.678833 0.0323312 0.031576
0 0.617109 0.297035 0.0499638 0.0485297
0 0.822084 0.477349 0.037014 0.0351889
0 0.215106 0.353265 0.0663119 0.0655408
0 0.328348 0.982248 0.0411598 0.0354847
0 0.192628 0.98462 0.0374676 0.0307606
0 0.711276 0.910099 0.0331251 0.0327747
0 0.474269 0.126522 0.029525 0.0289335
0 0.837262 0.548642 0.0489204 0.0461742
0 0.73871 0.520852 0.0386361 0.037969
0 0.176691 0.797941 0.0259886 0.0264552
0 0.439105 0.739297 0.0440273 0.0434147
0 0.204228 0.792352 0.0329158 0.033133
0 0.439615 0.806785 0.0276222 0.027322
0 0.502759 0.794254 0.0477104 0.0453856
0 0.403637 0.0972793 0.0383795 0.0364739
0 0.462263 0.362597 0.469458 0.43687
0 0.829701 0.164621 0.34022 0.329242
0 0.629346 0.403028 0.0362156 0.0347513
0 0.52559 0.606064 0.0424574 0.0380733
0 0.0397421 0.751777 0.0443474 0.0439036
0 0.194953 0.120776 0.0428111 0.0411586
0 0.24981 0.862622 0.0364861 0.0369259
0 0.358697 0.956563 0.0313521 0.0309429
0 0.0855152 0.302786 0.0287169 0.0265945
0 0.180053 0.735665 0.0256821 0.0253576
0 0.729545 0.382624 0.0264784 0.0248477
0 0.928981 0.700795 0.0978189 0.0966969
0 0.0306953 0.860369 0.0401128 0.0373243
0 0.246764 0.98581 0.027247 0.0265224
0 0.209531 0.614097 0.0268159 0.0263679
0 0.137659 0.987574 0.0434011 0.0247169
0 0.228714 0.820786 0.0251328 0.0247204
0 0.399898 0.528914 0.209015 0.204537
0 0.38027 0.990693 0.0406402 0.0184132
0 0.398738 0.840422 0.0337623 0.0335056
0 0.820939 0.381581 0.0387575 0.0380198
0 0.278792 0.792878 0.0254676 0.0238806
0 0.650913 0.991498 0.0389454 0.0170042
0 0.426501 0.98588 0.0333855 0.0281586
0 0.584932 0.330166 0.0494691 0.0476884
0 0.187043 0.927761 0.0402788 0.0392132
