0 0.116918 0.0823173 0.184895 0.161594
0 0.248356 0.262168 0.145195 0.134366
0 0.524934 0.678693 0.0488457 0.0448988
0 0.966227 0.15489 0.0467281 0.0407333
0 0.817777 0.679501 0.0357534 0.0325457
0 0.069307 0.33071 0.0427171 0.0387738
0 0.0264344 0.523523 0.0289882 0.0274815
0 0.639427 0.545026 0.0319407 0.0283278
0 0.457651 0.779685 0.0580038 0.0537401
0 0.972666 0.00653621 0.0357666 0.0130724
0 0.548578 0.58892 0.0312361 0.0276285
0 0.49338 0.0749154 0.0336863 0.0305188
0 0.844491 0.556451 0.0317913 0.0289021
0 0.749978 0.743557 0.0465774 0.0398186
0 0.993826 0.0696316 0.012348 0.0322006
0 0.919691 0.235326 0.0602612 0.0544223
0 0.877728 0.238373 0.0452656 0.0397377
0 0.857119 0.639008 0.285762 0.314048
0 0.809342 0.929307 0.0263508 0.0237125
0 0.0183953 0.745795 0.0366373 0.0718016
