0 0.241914 0.502177 0.44463 0.418973
0 0.400047 0.0910713 0.0340307 0.0328501
0 0.442051 0.844859 0.0347857 0.0336853
0 0.850237 0.885532 0.123159 0.115991
0 0.957942 0.0207199 0.0309721 0.0290909
0 0.26751 0.483334 0.0351606 0.0314947
0 0.828024 0.0242324 0.0350792 0.0329172
0 0.729014 0.555118 0.0349779 0.0340511
0 0.784884 0.858733 0.049564 0.0463619
0 0.632573 0.520491 0.0755182 0.0700964
0 0.841878 0.982579 0.0804749 0.0348421
0 0.694997 0.563904 0.0263535 0.0249939
0 0.662224 0.74774 0.0908468 0.0877484
0 0.0518044 0.423684 0.0360535 0.0320309
0 0.252422 0.725299 0.0381211 0.0349464
0 0.857432 0.782585 0.0400574 0.0372977
0 0.0769597 0.150423 0.0375367 0.0355388
0 0.400802 0.891825 0.0235588 0.0231628
0 0.103183 0.921108 0.20551 0.157784
0 0.133732 0.185724 0.0292973 0.0267912
