0 0.860571 0.918369 0.065589 0.0639225
0 0.73096 0.206617 0.0611172 0.0604881
0 0.311607 0.0688924 0.0453913 0.0439286
0 0.970865 0.681001 0.0582708 0.0819181
0 0.571312 0.349325 0.050186 0.0475972
0 0.338594 0.245521 0.0345457 0.0338008
0 0.0230735 0.973298 0.0377741 0.0365633
0 0.242695 0.626192 0.0328868 0.0316874
0 0.07235 0.553831 0.0318947 0.0321726
0 0.0195022 0.410472 0.0352312 0.0342503
0 0.581411 0.525298 0.0292263 0.028801
0 0.839406 0.0668013 0.0323864 0.0321937
0 0.0923776 0.0615955 0.146614 0.122183
0 0.605127 0.641193 0.0403929 0.0392963
0 0.295138 0.903329 0.0539394 0.0531826
0 0.869376 0.838905 0.0496429 0.0475441
0 0.966316 0.271562 0.0396225 0.0380618
0 0.950622 0.374748 0.0415466 0.0395038
0 0.402374 0.0908753 0.0516962 0.049228
0 0.230096 0.530579 0.0717509 0.070516
0 0.849547 0.459307 0.265203 0.249891
0 0.0745995 0.342199 0.0301908 0.0304655
0 0.497652 0.288634 0.0407572 0.0396068
0 0.143519 0.766698 0.279028 0.288825
0 0.143165 0.232678 0.0288682 0.028065
0 0.597938 0.91415 0.233057 0.171322
0 0.682883 0.64654 0.0759198 0.0734909
0 0.975009 0.522158 0.0427395 0.0416204
0 0.729598 0.10845 0.0404963 0.0407194
0 0.681436 0.889026 0.0316402 0.0291088
0 0.704747 0.386656 0.0282663 0.0275172
0 0.0997607 0.839163 0.0334714 0.0316933
0 0.612365 0.326261 0.177793 0.167224
0 0.965054 0.202902 0.0362953 0.0347695
0 0.409559 0.213961 0.322551 0.315847
0 0.323764 0.117636 0.0281165 0.0276017
0 0.576747 0.449696 0.0448196 0.043286
0 0.653158 0.705483 0.0497552 0.0474354
0 0.775499 0.32849 0.0398928 0.0388454
0 0.986902 0.163925 0.0256382 0.0366926
0 0.514245 0.0172775 0.0540449 0.0344683
0 0.398422 0.0253247 0.0268976 0.0258792
0 0.675491 0.0848043 0.0262448 0.0259321
0 0.264048 0.436718 0.0274048 0.0273647
0 0.46607 0.0919084 0.0402025 0.0395847
0 0.990416 0.0362948 0.0191677 0.0350809
0 0.888689 0.790977 0.0603882 0.0580427
0 0.25392 0.412106 0.0295207 0.0290043
0 0.0463925 0.992052 0.029283 0.0158405
0 0.546707 0.472189 0.0256294 0.0254186
0 0.811953 0.525245 0.0472677 0.0456305
0 0.165933 0.513796 0.047217 0.0464866
0 0.488066 0.402211 0.0902401 0.0876443
0 0.215103 0.685298 0.079197 0.0814878
0 0.906941 0.229752 0.186118 0.333489
