0 0.831106 0.0684501 0.164831 0.1369
0 0.422009 0.107386 0.0353909 0.0354369
0 0.580974 0.641003 0.0409945 0.0405111
0 0.707811 0.912161 0.0591276 0.0556822
0 0.944743 0.150004 0.0308674 0.0296673
0 0.152603 0.46434 0.0277962 0.0277374
0 0.462748 0.139481 0.0892258 0.0877113
0 0.703912 0.278945 0.159731 0.162981
0 0.754961 0.988138 0.0377446 0.0234806
0 0.459744 0.57213 0.027904 0.026202
0 0.308834 0.643655 0.0713141 0.0687779
0 0.513257 0.560332 0.0271639 0.0272505
0 0.683711 0.515791 0.0391894 0.0381124
0 0.476349 0.894651 0.0404717 0.0385025
0 0.622317 0.199739 0.0674384 0.0669004
0 0.0859774 0.953384 0.0964788 0.0896614
0 0.363082 0.55939 0.0740317 0.0713829
0 0.116347 0.0157916 0.0509656 0.0315832
0 0.433544 0.0149974 0.0256363 0.0250305
0 0.239975 0.56151 0.105797 0.10613
0 0.802479 0.601992 0.155768 0.151203
0 0.385867 0.186537 0.0252185 0.0252105
0 0.861286 0.568763 0.277428 0.350672
