0 0.637236 0.788913 0.197849 0.177328
0 0.222297 0.627601 0.324415 0.279288
0 0.886236 0.376492 0.213197 0.201999
0 0.267735 0.178031 0.163172 0.149802
0 0.378088 0.480803 0.0419954 0.0405573
0 0.511631 0.131135 0.0566065 0.0557382
0 0.0547097 0.57407 0.0386123 0.0344864
0 0.695825 0.203132 0.217135 0.18972
0 0.471603 0.94338 0.0385291 0.0333984
0 0.378955 0.747391 0.0328614 0.0290052
0 0.690922 0.0740793 0.154321 0.146741
0 0.15067 0.142286 0.085124 0.0739729
0 0.197592 0.070274 0.119807 0.109309
0 0.0164018 0.121658 0.0328036 0.0651641
0 0.135325 0.228079 0.0937417 0.0881289
0 0.722362 0.0905389 0.0982768 0.100918
0 0.785514 0.932468 0.0326534 0.0291012
0 0.0676053 0.0359156 0.0316135 0.0289682
0 0.18131 0.473988 0.233061 0.227533
0 0.885157 0.229851 0.0311424 0.0286639
0 0.0718565 0.270219 0.0324527 0.0304211
