0 0.108048 0.144612 0.0689887 0.0650564
0 0.946881 0.310913 0.0733908 0.0679336
0 0.338892 0.0412867 0.0909231 0.080893
0 0.15106 0.645458 0.0691062 0.0666707
0 0.278797 0.184652 0.0545412 0.0499534
0 0.488414 0.0379391 0.0454665 0.0419407
0 0.611596 0.172676 0.0480375 0.0444089
0 0.827902 0.965145 0.0700327 0.0635387
0 0.487638 0.25516 0.0585999 0.0565209
0 0.400494 0.695584 0.0410155 0.0351841
0 0.525944 0.315261 0.0413122 0.0386517
0 0.0509488 0.261732 0.0392104 0.0366748
0 0.560025 0.244828 0.0482981 0.0437119
0 0.531108 0.277885 0.0396827 0.0365381
0 0.326044 0.258756 0.0407422 0.0368369
0 0.891845 0.382244 0.0338758 0.0320403
0 0.16994 0.857003 0.0450403 0.0429972
0 0.835733 0.900874 0.0454044 0.0406708
0 0.963269 0.111383 0.0317293 0.0302274
0 0.391449 0.48709 0.0329361 0.0318714
0 0.370782 0.0806544 0.040629 0.0359234
0 0.819716 0.159316 0.031872 0.0304084
0 0.417064 0.0726673 0.0579298 0.0516675
0 0.958713 0.739387 0.059523 0.0545742
0 0.298584 0.380283 0.031869 0.0295459
0 0.564882 0.116961 0.0384952 0.0357348
0 0.962305 0.581765 0.0361485 0.0343585
0 0.496588 0.399818 0.0356833 0.0329797
0 0.360069 0.324939 0.0335783 0.0299505
0 0.606874 0.693418 0.0425049 0.0377264
0 0.856782 0.931125 0.0324646 0.028474
0 0.590829 0.983158 0.0520247 0.033684
0 0.665082 0.720044 0.0350006 0.0317093
0 0.0806213 0.410358 0.0332523 0.0309062
0 0.634465 0.367648 0.0359367 0.0331662
0 0.339271 0.204458 0.0372696 0.0356971
0 0.590404 0.963642 0.0554564 0.0456608
0 0.572272 0.609212 0.0310972 0.0285082
0 0.291169 0.522201 0.0433497 0.0381583
0 0.906151 0.921626 0.040637 0.0376026
0 0.326278 0.566903 0.0328136 0.0304157
0 0.913766 0.653163 0.0309538 0.0291458
0 0.0135643 0.368541 0.0265254 0.0281119
0 0.341534 0.17325 0.0336068 0.0313195
