0 0.957418 0.121203 0.0851639 0.0836704
0 0.504184 0.752244 0.398541 0.331002
0 0.0467766 0.016663 0.0408242 0.0332477
0 0.486853 0.244669 0.471442 0.371022
0 0.339454 0.901849 0.0474977 0.041408
0 0.315456 0.944197 0.066766 0.0555313
0 0.0979959 0.680396 0.0466028 0.0421497
0 0.298655 0.541458 0.0430045 0.0384604
0 0.206854 0.381611 0.0338593 0.0310353
0 0.0351003 0.424954 0.0374026 0.0355273
0 0.320265 0.377123 0.0525073 0.0474291
0 0.329671 0.455666 0.032863 0.0296316
0 0.0616693 0.100543 0.0358646 0.0330573
0 0.112485 0.560591 0.0337036 0.0308983
0 0.226183 0.515104 0.0534971 0.0479858
0 0.94252 0.98921 0.0657032 0.0215797
0 0.11929 0.533698 0.0414706 0.0365832
0 0.160516 0.440597 0.0373843 0.0345838
0 0.891872 0.803112 0.0937475 0.0863449
0 0.822099 0.720966 0.0547222 0.0494362
0 0.843875 0.206841 0.0325813 0.0294336
0 0.865987 0.770241 0.0851181 0.0740773
0 0.365576 0.398066 0.0396838 0.0368179
0 0.121221 0.768264 0.121166 0.11476
0 0.180064 0.182076 0.133086 0.116689
0 0.0966734 0.724992 0.0600295 0.0542248
0 0.764059 0.800643 0.152145 0.139021
0 0.890039 0.33984 0.026804 0.0254599
0 0.770951 0.159938 0.0396317 0.0378467
0 0.969865 0.955521 0.0369467 0.0316689
0 0.730344 0.590557 0.0556572 0.0522947
0 0.0924373 0.833968 0.184365 0.331878
0 0.868084 0.714994 0.0431664 0.0388655
0 0.0437626 0.181112 0.0358507 0.0327456
0 0.318127 0.612709 0.0298287 0.0262058
0 0.432042 0.299989 0.037746 0.0319476
0 0.865548 0.682135 0.0479652 0.0431778
0 0.641114 0.398122 0.0282007 0.0272368
0 0.487904 0.0434596 0.340426 0.0868216
