0 0.484385 0.589783 0.15768 0.124723
0 0.209112 0.133064 0.16767 0.12985
0 0.820935 0.013279 0.053747 0.0262142
0 0.869234 0.683025 0.039159 0.0291036
0 0.666255 0.719054 0.040155 0.0303556
0 0.634558 0.625128 0.171231 0.125823
0 0.764552 0.158667 0.470896 0.31732
0 0.367852 0.196357 0.0393216 0.0323107
0 0.930963 0.520917 0.0360489 0.0270262
0 0.427953 0.427253 0.0603512 0.0455139
0 0.699921 0.680462 0.0328242 0.0266466
0 0.833214 0.75444 0.0359348 0.0270167
0 0.273267 0.57253 0.0392849 0.0274412
0 0.473658 0.53483 0.0336447 0.0259908
0 0.350207 0.401034 0.0348349 0.0256197
0 0.677137 0.0554206 0.0707257 0.0550173
0 0.693146 0.249212 0.120777 0.097839
