0 0.792409 0.064603 0.125878 0.0927252
0 0.24319 0.802713 0.180549 0.124594
0 0.240846 0.340393 0.142951 0.109701
0 0.421041 0.552577 0.0819876 0.0613878
0 0.860713 0.954708 0.0571129 0.0413589
0 0.895376 0.209521 0.0956583 0.066239
0 0.944504 0.597164 0.0637665 0.0506809
0 0.573431 0.480797 0.0611973 0.0452488
0 0.260503 0.61607 0.0815706 0.0572311
0 0.469723 0.729241 0.119664 0.0820072
0 0.893043 0.902912 0.0465912 0.0340092
0 0.96085 0.836637 0.0446434 0.0331886
0 0.764704 0.168098 0.0617008 0.0457455
0 0.7272 0.194122 0.0498754 0.0371507
0 0.444091 0.22068 0.0608051 0.047363
0 0.413594 0.0751149 0.315722 0.149822
0 0.26927 0.660433 0.0544957 0.0392441
0 0.708114 0.0971326 0.0471529 0.0367516
0 0.687218 0.793953 0.0504423 0.038373
0 0.840021 0.174732 0.0925843 0.0690256
0 0.759347 0.217134 0.0486989 0.0364643
0 0.733051 0.0256524 0.135622 0.0513048
0 0.889569 0.504534 0.062133 0.0433963
0 0.878964 0.0463122 0.068153 0.0554604
0 0.737203 0.95648 0.0551659 0.0406364
0 0.949288 0.0822949 0.0844112 0.0642022
0 0.940542 0.474963 0.0753189 0.055392
0 0.671946 0.204607 0.0496583 0.0374627
0 0.221141 0.674862 0.0409719 0.0321943
0 0.161362 0.0421183 0.0404043 0.0317431
0 0.288901 0.163363 0.106383 0.0738733
0 0.971296 0.193366 0.0571058 0.0674069
0 0.982234 0.340455 0.0355316 0.0406489
0 0.926422 0.282158 0.0385769 0.0315753
0 0.982059 0.0125383 0.0357956 0.0248895
0 0.402193 0.926262 0.0605383 0.0418331
0 0.302167 0.947984 0.0813187 0.061742
0 0.699134 0.0600849 0.037555 0.0297553
0 0.238423 0.0215555 0.0749521 0.0428251
0 0.877428 0.170402 0.0489292 0.0361557
0 0.377649 0.1926 0.0996286 0.0769652
0 0.306712 0.281568 0.0499541 0.0362193
0 0.971659 0.500798 0.0392637 0.0309994
0 0.373452 0.210112 0.0797937 0.0551684
0 0.94951 0.00741706 0.0480698 0.0147464
0 0.601 0.551998 0.0364615 0.0290396
0 0.55818 0.9811 0.0848471 0.0375771
0 0.874035 0.091903 0.0532921 0.0391488
0 0.966892 0.0575125 0.0472853 0.0361719
0 0.383678 0.670918 0.0987197 0.0717222
0 0.633039 0.625276 0.0420027 0.0320364
0 0.320853 0.369696 0.0740484 0.0582147
0 0.109429 0.15601 0.0387175 0.0268161
0 0.887947 0.135538 0.0524157 0.0374161
0 0.25869 0.18553 0.0651472 0.0463453
0 0.016535 0.967976 0.0324049 0.0302837
