0 0.130039 0.315992 0.0745166 0.067574
0 0.677804 0.0865149 0.0399797 0.0355085
0 0.390392 0.19246 0.0460252 0.0405064
0 0.0410734 0.27414 0.0821469 0.0839247
0 0.0696889 0.122817 0.0606542 0.0515989
0 0.0717437 0.822691 0.0312556 0.0298759
0 0.228779 0.498604 0.0365639 0.0328726
0 0.0623127 0.593274 0.0803505 0.0750769
0 0.865867 0.750496 0.0355633 0.0319252
0 0.270046 0.126326 0.0511947 0.0449546
0 0.39199 0.257903 0.035336 0.0311467
0 0.0248269 0.0222824 0.0379675 0.0350227
0 0.400731 0.930609 0.0335071 0.0316971
0 0.448604 0.324446 0.0363115 0.0329208
0 0.422982 0.756402 0.0867781 0.0796567
0 0.500698 0.301853 0.0717878 0.0593491
0 0.107329 0.476179 0.0401199 0.0346533
0 0.956881 0.889936 0.0745575 0.0664045
0 0.0476264 0.151906 0.027747 0.0266142
0 0.618349 0.427438 0.0330641 0.0319645
0 0.0452296 0.00587831 0.0359631 0.0115945
0 0.405165 0.969967 0.0335319 0.0295551
0 0.0306356 0.425916 0.0612713 0.0651426
0 0.835978 0.3469 0.0307428 0.028096
0 0.771958 0.845835 0.0408039 0.0374525
0 0.0202037 0.687437 0.0401928 0.0581215
0 0.0174225 0.163295 0.0346142 0.0369575
0 0.479724 0.396384 0.0339725 0.0293086
0 0.909491 0.921121 0.0590145 0.0495834
0 0.294337 0.939668 0.0496091 0.0456245
0 0.520879 0.779322 0.0300413 0.0276834
0 0.135416 0.39722 0.0268765 0.0244661
0 0.576005 0.988712 0.0479534 0.0225769
0 0.699045 0.46864 0.120092 0.106398
0 0.142267 0.756741 0.0761836 0.071331
0 0.0717111 0.769056 0.0894146 0.0855526
0 0.305242 0.56968 0.0842339 0.0757963
0 0.654101 0.867049 0.0280242 0.0248886
0 0.853132 0.607632 0.0321728 0.0276686
0 0.332593 0.440592 0.0262656 0.0244845
0 0.147449 0.18884 0.0559093 0.0487384
0 0.195896 0.151937 0.0550318 0.0489515
0 0.346613 0.627528 0.107641 0.0990763
0 0.626986 0.812954 0.0413852 0.0371883
0 0.553831 0.346716 0.0861111 0.0728327
0 0.663394 0.326635 0.0773027 0.0675181
0 0.556919 0.909544 0.0324403 0.0286774
0 0.0125343 0.337966 0.0250686 0.0336237
0 0.0905478 0.506814 0.0389979 0.0348934
0 0.783674 0.392349 0.0334145 0.0316471
