0 0.626846 0.955064 0.11986 0.0879505
0 0.627235 0.308908 0.105352 0.0828789
0 0.690723 0.744728 0.0821845 0.0644591
0 0.81816 0.8695 0.119552 0.0952559
0 0.0591603 0.144547 0.0839458 0.065697
0 0.622674 0.716638 0.0731394 0.0574566
0 0.761665 0.509993 0.0800688 0.0622747
0 0.480287 0.0221508 0.0587061 0.0439927
0 0.248438 0.190064 0.0541086 0.0407292
0 0.6017 0.142261 0.061389 0.0465242
0 0.311409 0.683361 0.0515856 0.0404041
0 0.789965 0.138953 0.0549379 0.04182
0 0.829333 0.935551 0.0390705 0.030933
0 0.329747 0.128048 0.0612728 0.044467
0 0.934553 0.822042 0.0457752 0.0345768
0 0.61908 0.00821089 0.0511313 0.0164218
0 0.73527 0.626342 0.0613442 0.0423554
0 0.568762 0.649453 0.0452491 0.0322535
0 0.627298 0.169755 0.0421297 0.0321521
0 0.359538 0.208408 0.0337218 0.0274155
0 0.727777 0.0283863 0.0411765 0.0325891
0 0.455315 0.217365 0.0358784 0.0308298
0 0.989049 0.890277 0.02146 0.0353645
0 0.442035 0.812612 0.0336249 0.0250191
0 0.924839 0.713221 0.0992271 0.0757026
0 0.204879 0.757731 0.0539884 0.0409636
0 0.806921 0.557738 0.0781158 0.0601896
0 0.0257191 0.103203 0.0405248 0.0313969
0 0.228158 0.0548362 0.0326606 0.0246417
0 0.890936 0.930319 0.031094 0.023563
0 0.427077 0.695622 0.0387656 0.0297552
0 0.631675 0.555576 0.0657131 0.0499165
0 0.318833 0.984944 0.102748 0.0297607
0 0.42917 0.377649 0.173885 0.144422
0 0.326488 0.903331 0.0347442 0.0268074
0 0.377045 0.857329 0.0482094 0.0379181
0 0.980571 0.693686 0.0388576 0.054075
0 0.859847 0.347547 0.280306 0.314085
0 0.011981 0.650625 0.0239621 0.065402
0 0.584308 0.487752 0.0315854 0.0237366
0 0.180665 0.506442 0.0314216 0.0243241
0 0.689283 0.452072 0.179301 0.139945
0 0.541154 0.544271 0.032952 0.0263718
0 0.709565 0.216338 0.0334533 0.0260742
0 0.855221 0.696158 0.0466713 0.0348025
0 0.464192 0.164591 0.0501833 0.039156
0 0.468969 0.869439 0.0382642 0.0314434
0 0.319705 0.281444 0.0307582 0.0277545
0 0.333768 0.934317 0.0343624 0.0271095
0 0.497711 0.0846143 0.0309367 0.025548
0 0.591463 0.281714 0.274512 0.221007
0 0.845213 0.103601 0.0402678 0.0323169
0 0.929394 0.451037 0.0344339 0.0265097
0 0.258083 0.126704 0.0490751 0.0397557
0 0.671678 0.114127 0.0282524 0.0232328
0 0.572058 0.011258 0.0410076 0.0223316
0 0.318132 0.716514 0.0311081 0.0243818
0 0.365868 0.274355 0.12243 0.0934876
0 0.127945 0.704954 0.0284498 0.0234126
0 0.0264072 0.259277 0.0250132 0.0225592
0 0.953591 0.0911452 0.0344807 0.0277639
0 0.640308 0.0959303 0.0488114 0.0345773
0 0.556479 0.462454 0.0289989 0.0229935
