0 0.0909822 0.593742 0.173637 0.147061
0 0.085252 0.364985 0.052565 0.0465053
0 0.492268 0.847017 0.0616909 0.0514673
0 0.540226 0.520529 0.0954189 0.0794878
0 0.551213 0.11036 0.0507149 0.0414077
0 0.408412 0.530204 0.264824 0.225477
0 0.101722 0.494643 0.0387537 0.0320827
0 0.20729 0.17085 0.0343836 0.0295809
0 0.0860722 0.711461 0.0366703 0.0312849
0 0.886211 0.416649 0.227578 0.268333
0 0.900926 0.0730466 0.198104 0.146093
0 0.513892 0.49259 0.0475698 0.0374221
0 0.204608 0.413754 0.0352948 0.0306679
0 0.674199 0.192355 0.110219 0.0914354
0 0.439397 0.892228 0.0487095 0.0399738
0 0.919296 0.702316 0.030751 0.0260715
0 0.144344 0.639008 0.0322751 0.0282221
0 0.358513 0.260466 0.287422 0.240925
0 0.555962 0.355295 0.034706 0.0293659
0 0.37925 0.932222 0.033916 0.0274048
0 0.873245 0.846917 0.25351 0.30028
0 0.539477 0.227992 0.132713 0.113317
0 0.0203375 0.870824 0.0269662 0.0257961
0 0.507242 0.384856 0.145118 0.122395
0 0.983531 0.308891 0.0283478 0.0244788
