0 0.946391 0.0876848 0.0991186 0.0728559
0 0.766213 0.322176 0.115169 0.0864445
0 0.523222 0.705845 0.0599979 0.0495306
0 0.39256 0.150174 0.0364857 0.033039
0 0.0312428 0.310564 0.0622942 0.0722796
0 0.874478 0.0248049 0.0449776 0.0368433
0 0.562196 0.231496 0.0798147 0.0663445
0 0.646061 0.290903 0.0653643 0.0546064
0 0.631761 0.616887 0.338275 0.282809
0 0.73113 0.0283656 0.0515863 0.0417878
0 0.193815 0.636826 0.0787558 0.0742385
0 0.428691 0.2278 0.0617721 0.0504729
0 0.121821 0.0140932 0.0445039 0.0276266
0 0.0158951 0.43982 0.0317902 0.0467966
0 0.0585822 0.0168078 0.0582644 0.0336157
0 0.878112 0.124249 0.032431 0.0265711
0 0.550556 0.156973 0.034857 0.025367
0 0.489322 0.00533884 0.040572 0.0106777
0 0.0523923 0.616268 0.088977 0.076566
0 0.120016 0.708511 0.0619891 0.0532589
0 0.506527 0.491058 0.0625571 0.0520308
0 0.470811 0.264599 0.060812 0.0507395
0 0.657056 0.067096 0.039352 0.0341977
0 0.475143 0.69038 0.0330963 0.0273121
0 0.17834 0.165182 0.046681 0.0354943
0 0.697963 0.321099 0.0408956 0.0325467
0 0.0783115 0.531624 0.0421005 0.0361581
0 0.806334 0.0349815 0.0272112 0.0249921
0 0.231255 0.401678 0.0562857 0.0480112
0 0.751901 0.152547 0.0396626 0.0306163
0 0.0188512 0.397081 0.0375733 0.0537258
0 0.4554 0.372362 0.114535 0.0968201
0 0.663861 0.105533 0.0440708 0.0339477
0 0.25054 0.895154 0.0420422 0.0364178
0 0.454477 0.660647 0.0552326 0.0477503
0 0.0675932 0.754519 0.0657753 0.0583038
0 0.718923 0.147667 0.0320585 0.0267431
0 0.749307 0.907105 0.0609256 0.0554646
0 0.18044 0.190974 0.0346233 0.029424
0 0.563968 0.199743 0.0320259 0.0274164
0 0.434282 0.80104 0.230509 0.186533
0 0.187741 0.433135 0.0387667 0.0348137
0 0.172122 0.337936 0.0319731 0.029882
0 0.721686 0.164246 0.0270634 0.0207073
0 0.120429 0.21131 0.0958864 0.0810617
0 0.153303 0.6704 0.0337546 0.0323376
0 0.251305 0.820898 0.0368338 0.0326153
