0 0.525674 0.50064 0.0547609 0.0537254
0 0.78677 0.242665 0.0561761 0.0544208
0 0.456641 0.245516 0.0574529 0.0561399
0 0.559653 0.404906 0.0320211 0.0302956
0 0.252337 0.469397 0.029859 0.0285721
0 0.605015 0.83523 0.0432589 0.0414742
0 0.976301 0.699473 0.0279345 0.0269577
0 0.261981 0.304099 0.0329019 0.0320944
0 0.864254 0.292581 0.0413204 0.0397793
0 0.548461 0.645132 0.0271196 0.0260851
0 0.914323 0.549149 0.028141 0.0278098
0 0.56946 0.593134 0.114912 0.110512
0 0.767069 0.0913738 0.0287992 0.0268164
0 0.318224 0.239694 0.0288805 0.0273626
0 0.726895 0.957405 0.0301249 0.0302439
0 0.118176 0.555009 0.0276373 0.027142
0 0.915242 0.929475 0.0330448 0.0326027
0 0.69559 0.0412235 0.0676271 0.0694896
0 0.216047 0.612716 0.0294175 0.0290305
0 0.868686 0.207157 0.0522003 0.0491635
0 0.128781 0.241739 0.0841344 0.0791528
0 0.798234 0.166802 0.0677233 0.0662815
0 0.155213 0.368358 0.0682898 0.0641071
0 0.403644 0.0649328 0.0754417 0.0699267
0 0.7114 0.978532 0.0322971 0.0344383
0 0.762043 0.397303 0.0457596 0.0429831
0 0.67156 0.642167 0.11415 0.111239
0 0.333594 0.413718 0.0267658 0.0250101
0 0.804125 0.451099 0.0301752 0.0287204
0 0.530351 0.366203 0.026601 0.0262014
0 0.535302 0.226304 0.0382364 0.036419
0 0.750482 0.368201 0.0506978 0.0508948
