0 0.285404 0.544636 0.160566 0.11582
0 0.589966 0.154393 0.22976 0.178797
0 0.877517 0.322904 0.154 0.122358
0 0.3019 0.295677 0.0780752 0.0600753
0 0.46672 0.227166 0.0820778 0.0619477
0 0.183114 0.040219 0.133721 0.0803738
0 0.116595 0.619545 0.21773 0.155562
0 0.633959 0.60713 0.064877 0.0476814
0 0.737822 0.446824 0.29578 0.220849
0 0.687734 0.69943 0.124604 0.100233
0 0.0639578 0.903087 0.0529611 0.0371817
0 0.787656 0.791135 0.0426304 0.0328562
0 0.29097 0.386978 0.145652 0.119275
0 0.709758 0.239262 0.0446526 0.0324147
0 0.648092 0.348782 0.0423183 0.0306729
0 0.441234 0.306074 0.0406953 0.0310495
0 0.0859801 0.826596 0.0786778 0.058676
0 0.478649 0.513669 0.0630982 0.04426
0 0.726955 0.345056 0.0941335 0.0702971
0 0.481549 0.37186 0.112452 0.0779057
0 0.536754 0.453798 0.0356976 0.027755
0 0.359132 0.234573 0.152371 0.11949
0 0.58336 0.0836476 0.0389183 0.028699
0 0.49821 0.318573 0.0424706 0.0318737
0 0.131282 0.407054 0.0428855 0.0310158
0 0.406962 0.164879 0.0719286 0.0583476
0 0.546004 0.413999 0.0730331 0.0514234
0 0.261504 0.17959 0.0451966 0.0335256
0 0.123359 0.977407 0.056647 0.0383942
0 0.967609 0.626434 0.059478 0.0465633
0 0.117193 0.893949 0.0500079 0.0386177
0 0.0858096 0.290542 0.116966 0.0942882
0 0.380604 0.294015 0.0770267 0.0504297
0 0.682622 0.22268 0.029933 0.0252485
0 0.151063 0.476252 0.0742497 0.0564818
0 0.407719 0.533791 0.0979395 0.0679991
0 0.464373 0.394043 0.0520458 0.0370835
0 0.0209337 0.447267 0.0386353 0.029401
0 0.447503 0.431118 0.0367722 0.027907
0 0.211244 0.440638 0.0664093 0.0449623
0 0.785002 0.297647 0.0469101 0.0351416
0 0.242051 0.700153 0.0489683 0.0342827
0 0.645118 0.514178 0.242259 0.182645
0 0.673294 0.17236 0.0449131 0.0352098
0 0.598913 0.993239 0.0370152 0.0134573
0 0.537098 0.0383668 0.109923 0.076338
0 0.548468 0.127839 0.0321756 0.0277438
0 0.196781 0.161004 0.073145 0.0549587
0 0.909177 0.26139 0.087595 0.0691358
0 0.896593 0.237008 0.0721996 0.0526145
0 0.282651 0.148213 0.0369159 0.0272746
0 0.428317 0.338932 0.039942 0.0292524
0 0.322824 0.116542 0.060826 0.0482822
0 0.0336819 0.971406 0.0673639 0.0534081
0 0.247335 0.0121013 0.0402179 0.0239934
