0 0.0634809 0.300949 0.0415171 0.0379469
0 0.485345 0.659936 0.0386383 0.0314416
0 0.0282373 0.981631 0.0346518 0.0303352
0 0.556721 0.452144 0.0359684 0.0307413
0 0.116192 0.788416 0.0926539 0.0776032
0 0.934984 0.603428 0.0322159 0.0273272
0 0.300544 0.357828 0.150824 0.130769
0 0.77346 0.076548 0.0305824 0.0264579
0 0.0127892 0.638355 0.0254724 0.0342134
0 0.144104 0.883538 0.0332603 0.0294411
0 0.117488 0.144142 0.0299271 0.026342
0 0.655971 0.960282 0.032638 0.0267937
0 0.395729 0.699161 0.0307877 0.0266013
0 0.00792454 0.283345 0.0157643 0.030418
0 0.194723 0.769413 0.0854874 0.0742472
0 0.469533 0.591864 0.0464714 0.0404034
0 0.527705 0.536214 0.0544659 0.0425854
0 0.102125 0.456759 0.0272097 0.0256758
0 0.251955 0.615566 0.101095 0.0816143
0 0.319961 0.668307 0.056646 0.0485019
0 0.718116 0.676492 0.0485096 0.0374067
0 0.616349 0.511155 0.0509903 0.0412525
0 0.873796 0.616167 0.191476 0.168093
