0 0.893873 0.121006 0.136986 0.107809
0 0.493266 0.805669 0.187646 0.150295
0 0.0931878 0.144649 0.055524 0.0412491
0 0.370277 0.524797 0.150042 0.123924
0 0.402351 0.658895 0.0406656 0.0313376
0 0.156067 0.339966 0.0534363 0.0410106
0 0.725576 0.758582 0.0560211 0.0420226
0 0.428569 0.299795 0.0784478 0.060218
0 0.409753 0.397912 0.0372406 0.0295701
0 0.427776 0.633704 0.0376816 0.0300285
0 0.536702 0.140628 0.037533 0.0268034
0 0.739616 0.169607 0.0360952 0.028206
0 0.65689 0.395436 0.132648 0.104542
0 0.584164 0.716998 0.156802 0.122782
0 0.135949 0.0814455 0.0422092 0.0316995
0 0.577836 0.177104 0.0373846 0.0284455
0 0.843733 0.731734 0.0379581 0.0277603
0 0.944488 0.319784 0.0942654 0.0788548
0 0.990197 0.204182 0.0193665 0.0349415
0 0.75011 0.331077 0.0348619 0.0263015
0 0.530126 0.235004 0.0360804 0.0279901
0 0.205218 0.350807 0.0430186 0.031997
0 0.809985 0.370655 0.0344341 0.0264846
0 0.519128 0.0926137 0.0448236 0.0340839
0 0.252276 0.625205 0.195514 0.151574
0 0.147733 0.291089 0.0422973 0.0336487
0 0.56883 0.0305679 0.0917844 0.0610539
0 0.381056 0.267767 0.0386239 0.0307826
0 0.431565 0.158576 0.0696348 0.0536279
0 0.593575 0.126109 0.0326588 0.0250659
0 0.0791704 0.0887389 0.0321072 0.0240165
0 0.0285937 0.843364 0.0355151 0.0257202
0 0.01797 0.305543 0.0354168 0.0419347
0 0.631555 0.298513 0.0305086 0.0246897
0 0.304303 0.895801 0.030427 0.0246479
0 0.0422828 0.0101384 0.0566153 0.0202768
0 0.961814 0.975569 0.0302147 0.0246223
0 0.0285071 0.453258 0.0566537 0.110997
0 0.261841 0.225149 0.0394483 0.0325286
0 0.332495 0.0481165 0.354878 0.0960142
0 0.207503 0.21262 0.0323413 0.0247242
0 0.195934 0.665989 0.229894 0.180094
0 0.118192 0.44324 0.0866273 0.068917
0 0.343042 0.306154 0.0454045 0.0350256
0 0.915185 0.93091 0.168793 0.137281
0 0.776431 0.481901 0.056476 0.0478317
0 0.211644 0.194349 0.0354312 0.0266764
0 0.0539617 0.49822 0.0446486 0.0361025
0 0.884536 0.736796 0.0396933 0.0317678
0 0.660466 0.469327 0.0288239 0.0230867
0 0.388489 0.472258 0.072856 0.0513424
0 0.441487 0.275253 0.0482183 0.0338119
