0 0.892044 0.803169 0.0971897 0.0930548
0 0.6265 0.479907 0.123324 0.119858
0 0.433904 0.117818 0.36482 0.235636
0 0.901426 0.7232 0.038341 0.0366075
0 0.0788812 0.858206 0.0447432 0.0436649
0 0.276274 0.463005 0.0320756 0.0307141
0 0.529901 0.920433 0.213201 0.159134
0 0.0149854 0.122247 0.0299709 0.0344162
0 0.621369 0.539473 0.072637 0.0714938
0 0.743515 0.100277 0.214574 0.195781
0 0.455483 0.790919 0.126046 0.124279
0 0.814288 0.447615 0.0348285 0.0334976
0 0.18078 0.899387 0.0299424 0.0286629
0 0.107443 0.82576 0.0329576 0.0313665
0 0.229914 0.841502 0.205053 0.196553
0 0.455994 0.225165 0.0370744 0.0363458
0 0.39076 0.65647 0.0263117 0.0261465
0 0.362418 0.606433 0.0346811 0.0347247
0 0.146668 0.760446 0.0416858 0.0412058
0 0.402559 0.794804 0.0359078 0.0364233
0 0.836107 0.0429346 0.0270802 0.0255259
0 0.07217 0.251204 0.0277317 0.0256362
0 0.313355 0.353611 0.0272298 0.0253021
0 0.0398257 0.90862 0.0796515 0.18276
0 0.215628 0.475456 0.0299406 0.0285494
0 0.740128 0.526129 0.130997 0.12574
0 0.638581 0.185014 0.185953 0.174852
0 0.612935 0.38344 0.073308 0.0696075
0 0.768912 0.167869 0.0256151 0.0250557
0 0.683335 0.343965 0.22041 0.21012
0 0.829654 0.986007 0.0245691 0.0247664
0 0.190166 0.304131 0.0258012 0.0247906
0 0.0965584 0.0360345 0.192594 0.0720689
0 0.214626 0.0558328 0.135645 0.110448
