0 0.186532 0.661031 0.0420767 0.0413342
0 0.448404 0.979342 0.0501179 0.041315
0 0.0858407 0.328397 0.0347418 0.0332345
0 0.659146 0.54279 0.0455482 0.0443312
0 0.829197 0.0134578 0.037705 0.0269002
0 0.699292 0.480383 0.0374212 0.0360288
0 0.902785 0.309234 0.0377693 0.0350836
0 0.0493437 0.867501 0.0362855 0.0362087
0 0.755419 0.647657 0.0432505 0.0424516
0 0.625284 0.18891 0.035157 0.0322773
0 0.402326 0.941416 0.0351162 0.0337835
0 0.75462 0.911109 0.0367991 0.0350382
0 0.34927 0.282812 0.0326166 0.0308122
0 0.0648221 0.406816 0.0313171 0.0298337
0 0.913413 0.245757 0.0300373 0.0282516
0 0.985287 0.133306 0.0292076 0.0286825
0 0.944648 0.293419 0.0365368 0.0345361
0 0.83304 0.623178 0.0282902 0.0270816
0 0.819111 0.490335 0.0332071 0.03218
0 0.236527 0.491021 0.0283045 0.0270462
0 0.325549 0.294768 0.0268386 0.0263883
0 0.793044 0.189366 0.0292612 0.026847
0 0.112824 0.173934 0.0382925 0.0348354
0 0.301492 0.8887 0.0356169 0.0339619
0 0.423478 0.453957 0.137234 0.133079
0 0.714719 0.568958 0.0284185 0.0268747
0 0.670976 0.621231 0.026762 0.0255663
0 0.0102976 0.80294 0.0205953 0.0270437
0 0.676053 0.504025 0.0284251 0.0263836
0 0.959092 0.195267 0.0260559 0.0242719
0 0.945226 0.945773 0.0278616 0.026215
0 0.718002 0.75795 0.0262341 0.0255153
