0 0.602824 0.30424 0.0828625 0.0818388
0 0.653511 0.97575 0.0503794 0.0467619
0 0.976843 0.795518 0.0452099 0.0449409
0 0.379909 0.578538 0.0702185 0.0690043
0 0.290957 0.801583 0.0396889 0.0387493
0 0.665969 0.447101 0.0645769 0.0644337
0 0.4732 0.649738 0.071437 0.0709301
0 0.407515 0.527014 0.0439594 0.0437334
0 0.49956 0.808579 0.036602 0.0350155
0 0.444135 0.695752 0.0777998 0.0743989
0 0.739851 0.303738 0.0413359 0.0404114
0 0.279332 0.447925 0.0401067 0.0391168
0 0.524115 0.664973 0.0465888 0.0448277
0 0.610304 0.695162 0.0363956 0.0355368
0 0.51924 0.589076 0.0442872 0.0445235
0 0.601907 0.40548 0.0421817 0.0414634
0 0.209468 0.938491 0.0347405 0.0348745
0 0.330533 0.928706 0.0310247 0.0299978
0 0.260105 0.856405 0.0353883 0.0359987
0 0.928894 0.1837 0.0315014 0.031102
0 0.817063 0.88117 0.0403854 0.0393578
0 0.712969 0.0185566 0.0369938 0.0356729
0 0.624389 0.772595 0.0353691 0.0347609
0 0.266797 0.410675 0.0338977 0.0332311
0 0.726267 0.940792 0.0433899 0.0395559
0 0.267976 0.509925 0.0421911 0.0403444
0 0.254616 0.544288 0.0299098 0.029541
0 0.599544 0.0835395 0.0280945 0.0264924
0 0.560872 0.732745 0.0448257 0.0420301
0 0.875953 0.16344 0.0329479 0.0324721
0 0.0394973 0.524779 0.0298237 0.0294562
0 0.262639 0.9221 0.0317154 0.0311821
0 0.63502 0.719519 0.0358169 0.0342218
0 0.54844 0.957086 0.028495 0.0269039
0 0.699963 0.966123 0.0386526 0.0359905
0 0.748023 0.970837 0.0385252 0.0364782
0 0.199959 0.668165 0.14268 0.135327
0 0.512327 0.531188 0.045251 0.0459308
0 0.591674 0.753997 0.0299366 0.0296864
0 0.756885 0.36882 0.0302111 0.0291476
0 0.807801 0.990004 0.0306526 0.0194595
0 0.620353 0.489836 0.0349715 0.034301
0 0.64936 0.188672 0.0802563 0.0766194
0 0.23144 0.373509 0.0253452 0.0251107
0 0.98174 0.626731 0.0365201 0.0451145
0 0.194774 0.451708 0.0255943 0.0247633
0 0.675095 0.564975 0.0317683 0.031315
0 0.243407 0.875788 0.0329794 0.0313564
0 0.199099 0.98605 0.0300422 0.0278591
0 0.985465 0.198548 0.0290703 0.0366513
