0 0.504026 0.360666 0.296482 0.281878
0 0.832841 0.577389 0.0723547 0.0712879
0 0.657629 0.966188 0.0593285 0.058371
0 0.919341 0.549323 0.0598352 0.0599354
0 0.725748 0.607092 0.0582721 0.0585634
0 0.292954 0.295869 0.0780383 0.0752517
0 0.951138 0.200271 0.0510838 0.0502766
0 0.191329 0.182983 0.0405357 0.0395959
0 0.0594258 0.860259 0.0469027 0.0448605
0 0.664854 0.725266 0.0383199 0.0378399
0 0.799722 0.283776 0.051719 0.0505279
0 0.853881 0.373447 0.0533434 0.0516214
0 0.493713 0.848653 0.0416254 0.0411751
0 0.409654 0.701355 0.0353057 0.0344692
0 0.646259 0.665154 0.0383823 0.0387674
0 0.978903 0.300374 0.0401218 0.0395802
0 0.659793 0.836832 0.0363165 0.0343267
0 0.34654 0.313761 0.0331813 0.0321151
0 0.955273 0.481029 0.0380444 0.0373079
0 0.762018 0.821629 0.0308775 0.030719
0 0.7883 0.534664 0.0441828 0.0431638
0 0.892668 0.301621 0.0333532 0.0317242
0 0.870998 0.860764 0.0301529 0.0300701
0 0.0308929 0.498369 0.0317452 0.0300257
0 0.731487 0.135331 0.0734804 0.0732543
0 0.572138 0.0990453 0.029649 0.0289915
0 0.862412 0.440974 0.0609432 0.0601299
0 0.891061 0.48024 0.0821558 0.0799292
0 0.605243 0.712274 0.0271263 0.0259125
0 0.97954 0.236717 0.0351715 0.0332346
0 0.946161 0.235321 0.0307817 0.0289645
0 0.916742 0.177397 0.0326122 0.0321457
0 0.079338 0.155119 0.0876001 0.0843892
0 0.207109 0.139727 0.0364703 0.0348772
0 0.0139906 0.283252 0.0279811 0.0860402
0 0.89096 0.166127 0.0277126 0.0278224
0 0.0991228 0.525789 0.0319467 0.030984
0 0.288307 0.0679151 0.046187 0.0437195
0 0.20746 0.734642 0.0273147 0.0261774
0 0.945852 0.117195 0.0519379 0.0498236
0 0.943693 0.687911 0.0453188 0.04426
0 0.885025 0.592761 0.0340382 0.0340887
0 0.575713 0.769697 0.0284494 0.0279672
0 0.0323677 0.0175615 0.0405854 0.0350924
0 0.696811 0.942511 0.0231295 0.0231922
0 0.706077 0.0332012 0.0849302 0.0659072
0 0.878476 0.892871 0.0385689 0.0360235
0 0.65243 0.866202 0.0282359 0.0273636
0 0.788065 0.882143 0.0305681 0.0305561
