0 0.178196 0.397658 0.220884 0.192685
0 0.68231 0.798293 0.250111 0.215431
0 0.846511 0.537544 0.0631475 0.0527227
0 0.15929 0.0368476 0.0879148 0.0721237
0 0.109866 0.706788 0.0401194 0.0328394
0 0.181774 0.558403 0.181301 0.155281
0 0.659178 0.919837 0.0653583 0.0548246
0 0.870493 0.104018 0.0671677 0.0564974
0 0.220013 0.0765146 0.0526336 0.0458613
0 0.931079 0.518325 0.0397469 0.0325178
0 0.236994 0.876551 0.080613 0.0618586
0 0.0663698 0.44113 0.0365365 0.0310748
0 0.580684 0.927653 0.0826569 0.0684773
0 0.0452228 0.675532 0.0497006 0.03948
0 0.401447 0.364339 0.0799062 0.0654889
0 0.0137997 0.0926565 0.0273246 0.0522593
0 0.529075 0.761258 0.11076 0.0961424
0 0.78102 0.389304 0.0316763 0.0277782
0 0.01121 0.659132 0.0220345 0.061219
0 0.988602 0.0576359 0.0227951 0.0358553
0 0.120856 0.0117674 0.0715065 0.0235348
0 0.747535 0.967116 0.106517 0.0653103
0 0.0452808 0.217707 0.0903683 0.121036
0 0.681068 0.69135 0.0728575 0.058831
0 0.170976 0.503121 0.0602189 0.0500202
0 0.817979 0.059921 0.11689 0.103644
0 0.0537605 0.119164 0.0437403 0.0342944
0 0.570763 0.0421349 0.0615751 0.0538626
0 0.422285 0.280825 0.0499908 0.0432338
0 0.0282373 0.436966 0.029828 0.0251646
0 0.523472 0.0956174 0.107319 0.0883146
0 0.0138573 0.976555 0.0277145 0.0267017
0 0.477488 0.149475 0.0568134 0.046228
0 0.222926 0.504123 0.0294119 0.0267021
