0 0.758092 0.331649 0.0968544 0.0911337
0 0.284898 0.932824 0.0600731 0.0572136
0 0.23523 0.878856 0.0461759 0.0443909
0 0.609971 0.622162 0.0516133 0.049255
0 0.715152 0.524871 0.0402775 0.0371559
0 0.53876 0.453516 0.0344234 0.0328419
0 0.118245 0.446915 0.0420005 0.0399565
0 0.480029 0.0324818 0.0581146 0.055889
0 0.824146 0.502091 0.174276 0.160065
0 0.911682 0.016634 0.0549908 0.033268
0 0.158552 0.0297132 0.103356 0.0592285
0 0.302362 0.42783 0.0360581 0.0340995
0 0.622328 0.761053 0.230075 0.195533
0 0.361668 0.0174383 0.0401013 0.0348765
0 0.507716 0.58194 0.0330345 0.0315202
0 0.84379 0.0801183 0.0478882 0.0447289
0 0.709655 0.0878903 0.0469225 0.0428727
0 0.597232 0.663916 0.0317869 0.029553
0 0.936491 0.0694663 0.0686512 0.062492
0 0.139304 0.24042 0.041488 0.0406131
0 0.140852 0.271591 0.044564 0.0432395
0 0.793151 0.614551 0.0282946 0.0262079
0 0.151654 0.327535 0.0304196 0.028812
0 0.860254 0.36373 0.0953911 0.0881711
0 0.433949 0.498442 0.0309753 0.0259166
0 0.14185 0.156182 0.028125 0.027925
0 0.927364 0.767508 0.0859163 0.0814705
0 0.350711 0.201805 0.412303 0.397076
0 0.459154 0.312719 0.131383 0.12485
0 0.605476 0.1944 0.242733 0.239872
0 0.112546 0.650127 0.0298712 0.0273227
0 0.23314 0.0145551 0.0378091 0.0288892
0 0.663326 0.828256 0.0279079 0.0261389
0 0.0207227 0.201282 0.0271925 0.0262478
0 0.0334325 0.247444 0.0265412 0.0262156
0 0.177784 0.749818 0.0267945 0.0256309
0 0.554945 0.877548 0.0250046 0.0244358
0 0.637821 0.428567 0.112214 0.102268
