0 0.445572 0.604032 0.0702487 0.0567064
0 0.4477 0.476997 0.196165 0.161235
0 0.0897321 0.739732 0.0828914 0.0625582
0 0.961344 0.322865 0.0406462 0.0317909
0 0.305229 0.315443 0.0687753 0.0545373
0 0.126692 0.308978 0.0346025 0.0290462
0 0.441278 0.662646 0.0616083 0.048027
0 0.0326134 0.331551 0.04985 0.0421745
0 0.490325 0.933617 0.0411303 0.0324818
0 0.42264 0.352014 0.072893 0.0549093
0 0.326539 0.048985 0.0349633 0.028858
0 0.320426 0.0706748 0.107859 0.0857948
0 0.267849 0.219707 0.0535774 0.04401
0 0.547004 0.877091 0.0322313 0.0272421
0 0.234012 0.315822 0.100984 0.0845428
0 0.50695 0.855738 0.053828 0.0366062
0 0.489885 0.755476 0.0357259 0.0272195
0 0.433258 0.559744 0.0505912 0.0408216
0 0.396857 0.890245 0.0499 0.0385746
0 0.423712 0.242331 0.0322243 0.0267601
0 0.467432 0.11379 0.0350482 0.0290766
0 0.589568 0.494508 0.032905 0.0256154
0 0.375583 0.287749 0.0331535 0.0263713
0 0.502321 0.400674 0.0833675 0.0627104
0 0.521104 0.710257 0.0332798 0.0267224
0 0.113483 0.962975 0.0851252 0.071504
0 0.827285 0.821985 0.345429 0.354652
0 0.567913 0.73535 0.0449089 0.0381055
0 0.286373 0.91317 0.0324852 0.0248325
0 0.696855 0.654177 0.0315783 0.0248652
0 0.0419533 0.485522 0.0714073 0.0578192
0 0.024952 0.218077 0.0495615 0.0579877
0 0.306874 0.740081 0.0298061 0.0251221
0 0.166612 0.401604 0.0560375 0.0446007
0 0.559077 0.169326 0.0267796 0.023087
0 0.33686 0.912367 0.0322063 0.0257977
0 0.289462 0.817124 0.151706 0.115085
0 0.7205 0.984327 0.0310291 0.0256416
0 0.973883 0.436917 0.0494736 0.0427246
0 0.677622 0.591491 0.0560686 0.0387459
0 0.386976 0.320078 0.040715 0.0337421
0 0.91393 0.416708 0.0699757 0.055314
0 0.0368472 0.961318 0.0734562 0.0763969
0 0.799461 0.200229 0.0785734 0.064403
