0 0.835127 0.251235 0.0424583 0.0330419
0 0.883759 0.322356 0.0612434 0.0457239
0 0.948787 0.728103 0.0581284 0.0411518
0 0.0863286 0.392784 0.0627488 0.0528679
0 0.972942 0.30637 0.0463104 0.0349949
0 0.978195 0.36135 0.043611 0.0414748
0 0.196095 0.985868 0.0537174 0.0282643
0 0.528496 0.674467 0.0634196 0.0470516
0 0.426355 0.693806 0.0325204 0.0265685
0 0.885457 0.262647 0.0366001 0.0257103
0 0.983328 0.746984 0.0331987 0.0279106
0 0.906236 0.241283 0.0392014 0.029034
0 0.0828853 0.482835 0.0406489 0.0305279
0 0.549512 0.779094 0.0401171 0.0290733
0 0.0266879 0.249004 0.0420851 0.0327894
0 0.984401 0.121815 0.0291122 0.0248228
0 0.500754 0.562657 0.0322035 0.0257761
0 0.78362 0.490518 0.0304287 0.0225475
0 0.304571 0.279012 0.187283 0.151048
0 0.920917 0.748522 0.037672 0.0285424
0 0.948172 0.370329 0.0292336 0.0241412
