0 0.876534 0.537291 0.140979 0.098423
0 0.42317 0.0411851 0.142435 0.0823702
0 0.065787 0.167487 0.0746328 0.0560324
0 0.357557 0.205365 0.0676638 0.049418
0 0.291617 0.228513 0.0736321 0.054279
0 0.184866 0.110638 0.0546859 0.037133
0 0.560393 0.25217 0.0718178 0.052104
0 0.173535 0.478668 0.0505213 0.0391491
0 0.344603 0.264139 0.0507225 0.036177
0 0.86178 0.0434199 0.0733978 0.0534339
0 0.77063 0.93865 0.280231 0.1227
0 0.430817 0.652195 0.628313 0.503224
0 0.880586 0.266115 0.0630613 0.044145
0 0.569172 0.0625444 0.132925 0.0889329
0 0.453571 0.178839 0.133546 0.0992202
0 0.918644 0.343668 0.0732052 0.0560536
0 0.882181 0.824345 0.129571 0.094644
0 0.436796 0.106609 0.052055 0.0360633
0 0.857275 0.357105 0.070855 0.0539236
0 0.366968 0.29023 0.031855 0.0244864
0 0.633021 0.182644 0.111603 0.0741669
0 0.694254 0.0190284 0.0820002 0.0380568
0 0.578804 0.307701 0.0590653 0.0465385
0 0.165353 0.0765953 0.0464962 0.035028
0 0.600683 0.0697996 0.0713009 0.0553741
