0 0.224508 0.766773 0.0534902 0.0518204
0 0.983956 0.911198 0.0320768 0.0314137
0 0.085015 0.253198 0.03557 0.034893
0 0.964819 0.709415 0.041501 0.0398596
0 0.974427 0.797874 0.029192 0.0283974
0 0.669514 0.00771487 0.0448826 0.0154297
0 0.099074 0.47337 0.0502468 0.0504271
0 0.74917 0.437525 0.0297422 0.0294565
0 0.182254 0.426874 0.043026 0.0422219
0 0.546873 0.351421 0.0456881 0.0443751
0 0.217962 0.855363 0.0766681 0.074416
0 0.353259 0.0947595 0.0336286 0.0312307
0 0.863248 0.64832 0.0343605 0.032827
0 0.293376 0.40761 0.0442379 0.0421279
0 0.279602 0.37293 0.048483 0.0460779
0 0.25756 0.328151 0.0553944 0.0526166
0 0.0667867 0.848168 0.035266 0.0343525
0 0.563553 0.877434 0.134594 0.129339
0 0.320754 0.174667 0.0939304 0.0945695
0 0.463059 0.917254 0.0737896 0.075128
0 0.340436 0.549246 0.0580387 0.05677
0 0.477278 0.847161 0.063751 0.0600609
0 0.844673 0.536881 0.0257175 0.0246748
0 0.489337 0.485999 0.0260303 0.0260623
0 0.0503726 0.645561 0.100745 0.0980177
0 0.869579 0.860416 0.0328722 0.0307503
0 0.263105 0.248015 0.0565643 0.052866
0 0.459676 0.64612 0.0347393 0.032395
0 0.346415 0.982174 0.0812363 0.0356518
0 0.946311 0.684944 0.0248959 0.0241234
0 0.168952 0.937551 0.0320613 0.0305965
0 0.275972 0.797602 0.0496569 0.0499723
0 0.914135 0.220701 0.0449871 0.0425255
0 0.0589316 0.552597 0.114706 0.116989
0 0.883232 0.191208 0.03508 0.032442
0 0.344574 0.65945 0.0652999 0.0649409
0 0.0647277 0.425139 0.0736527 0.0719806
0 0.37718 0.918025 0.099742 0.0932076
0 0.259426 0.961517 0.0842552 0.074538
0 0.234064 0.137441 0.0491524 0.046783
