0 0.437062 0.937602 0.13668 0.114748
0 0.860924 0.538249 0.0642059 0.0557779
0 0.556229 0.529782 0.581147 0.580175
0 0.906765 0.692205 0.0479538 0.040038
0 0.101551 0.0331085 0.0561543 0.047749
0 0.169755 0.866931 0.0480684 0.0404411
0 0.259407 0.961793 0.0506759 0.0438711
0 0.561993 0.896695 0.043499 0.0378881
0 0.951965 0.958397 0.0545296 0.045887
0 0.235959 0.639278 0.0760185 0.0611776
0 0.462272 0.87977 0.0505013 0.0432407
0 0.440507 0.0904822 0.0343914 0.0311464
0 0.446469 0.182162 0.042156 0.0357253
0 0.360643 0.896453 0.0374782 0.0310455
0 0.863465 0.698557 0.0339371 0.0295012
0 0.367791 0.255226 0.158973 0.140858
0 0.97673 0.550076 0.0462996 0.0824799
0 0.891331 0.794938 0.0440601 0.0363581
0 0.89479 0.661914 0.0310793 0.0272259
0 0.142475 0.0622966 0.0364311 0.0309461
0 0.162291 0.703642 0.041227 0.0326014
0 0.507358 0.983314 0.0721915 0.0328697
0 0.0779736 0.826725 0.0351033 0.0281956
0 0.113948 0.766669 0.0375134 0.0294018
0 0.556055 0.952473 0.0328011 0.0290695
0 0.839917 0.14933 0.320166 0.29866
0 0.588037 0.915431 0.0453953 0.0382225
0 0.222725 0.984856 0.0569054 0.0302872
0 0.40388 0.178158 0.217681 0.181405
0 0.88193 0.914167 0.0582808 0.0485275
0 0.905931 0.980122 0.0847149 0.039756
0 0.881568 0.86112 0.0331108 0.0280691
0 0.201946 0.258267 0.0493727 0.0439329
0 0.969857 0.466767 0.0307529 0.0284573
0 0.583721 0.0821446 0.25823 0.164289
0 0.666244 0.779829 0.0824942 0.069522
