0 0.874543 0.648831 0.0512365 0.0410019
0 0.0566968 0.68226 0.0513498 0.0416883
0 0.946137 0.44671 0.0635979 0.0490694
0 0.0739685 0.427399 0.0463306 0.0359782
0 0.905423 0.819289 0.0396076 0.0318821
0 0.865183 0.485193 0.0656242 0.0499186
0 0.922354 0.286205 0.077396 0.0631602
0 0.256448 0.647194 0.0392613 0.0304404
0 0.497429 0.79642 0.0321224 0.0269823
0 0.885567 0.537815 0.0744589 0.0569666
0 0.80551 0.532408 0.063291 0.050066
0 0.974456 0.311761 0.050951 0.061163
0 0.547775 0.289063 0.0657688 0.050147
0 0.343351 0.208675 0.0478409 0.0348001
0 0.907727 0.16425 0.184546 0.226636
0 0.813242 0.257858 0.0777414 0.0628841
0 0.680571 0.364399 0.0410258 0.0315168
0 0.274018 0.157102 0.158597 0.123945
0 0.477789 0.915493 0.0391388 0.0296083
0 0.859649 0.86323 0.0339977 0.0265617
0 0.699316 0.0947003 0.274168 0.188975
0 0.742904 0.4763 0.0307201 0.0257832
0 0.32087 0.392591 0.0752731 0.0582737
0 0.682645 0.554342 0.0492874 0.0394945
0 0.768341 0.734642 0.0296137 0.0238532
0 0.834008 0.661819 0.0319174 0.0243122
0 0.934781 0.613714 0.0296101 0.0242872
0 0.812326 0.616005 0.0486731 0.0384469
0 0.865527 0.0518193 0.0556067 0.0455027
0 0.671917 0.286321 0.208232 0.172342
0 0.79138 0.97043 0.166909 0.059141
0 0.0883303 0.258237 0.0310795 0.0243007
0 0.14588 0.628079 0.0282008 0.0237
0 0.755547 0.926306 0.0489346 0.0385645
