0 0.285277 0.570407 0.0492127 0.0429918
0 0.120244 0.960049 0.0340591 0.0284206
0 0.343977 0.0745941 0.0368093 0.0288934
0 0.38083 0.709016 0.0383801 0.0300076
0 0.263915 0.211005 0.0422036 0.034954
0 0.248265 0.96327 0.0286761 0.0240063
0 0.174165 0.125617 0.0338556 0.0288443
0 0.936093 0.55926 0.0324184 0.0278187
0 0.274515 0.190494 0.14416 0.123118
0 0.260289 0.904081 0.0267426 0.0227112
0 0.115778 0.207305 0.0347984 0.0299377
0 0.395516 0.897854 0.0379841 0.02943
0 0.986521 0.987869 0.0268662 0.0241844
0 0.380184 0.858033 0.557587 0.283489
0 0.201019 0.744739 0.0634187 0.0543371
0 0.0815302 0.363693 0.0277753 0.0263264
0 0.015807 0.703547 0.026601 0.0246716
0 0.51456 0.00526872 0.0344328 0.0105374
0 0.366402 0.107145 0.0373544 0.0333484
0 0.756339 0.934964 0.0473463 0.0401463
0 0.547322 0.657633 0.0318521 0.0279024
