0 0.893981 0.0180402 0.0356609 0.0353425
0 0.282041 0.486835 0.0500176 0.0484863
0 0.582595 0.76543 0.0300018 0.0297167
0 0.0593289 0.522517 0.118658 0.190336
0 0.234627 0.777046 0.0623212 0.0537004
0 0.614824 0.654904 0.0315716 0.0311213
0 0.445484 0.566871 0.0733364 0.069543
0 0.491435 0.444791 0.0529714 0.0510071
0 0.299944 0.753735 0.03483 0.0340506
0 0.692937 0.658822 0.073399 0.0732931
0 0.110728 0.635929 0.0274002 0.026828
0 0.142949 0.511758 0.0406564 0.038607
0 0.0674078 0.311072 0.123292 0.121319
0 0.936095 0.733553 0.127811 0.137934
0 0.594382 0.366126 0.0299513 0.0286526
0 0.837364 0.0240657 0.0353159 0.0348619
0 0.373278 0.409595 0.0301135 0.0290274
0 0.280014 0.774369 0.0316883 0.0307724
0 0.816527 0.379165 0.0256351 0.0248863
0 0.598033 0.340101 0.0258326 0.0270164
0 0.676749 0.0277368 0.0266218 0.0266178
0 0.110696 0.404458 0.111945 0.107129
0 0.0222771 0.167173 0.0265595 0.0249892
0 0.765571 0.738354 0.0258464 0.0261648
0 0.876766 0.700175 0.0585423 0.0583717
0 0.175259 0.346517 0.0280227 0.0265113
0 0.860676 0.56629 0.0265949 0.0262262
0 0.747804 0.656351 0.0384121 0.0359455
0 0.732591 0.615272 0.0263453 0.025226
0 0.0482453 0.302739 0.0295619 0.0288182
0 0.86503 0.652724 0.069442 0.0653751
0 0.368643 0.506198 0.0314828 0.0309559
0 0.386449 0.530219 0.0427347 0.0387196
0 0.755936 0.715089 0.0267052 0.0270969
0 0.550337 0.372684 0.086246 0.0833894
0 0.825219 0.688946 0.0519323 0.0530304
0 0.897025 0.650809 0.0238655 0.0235542
0 0.82719 0.54776 0.0264233 0.025844
0 0.757423 0.636429 0.0691429 0.0686052
0 0.137492 0.777412 0.0309211 0.0311608
0 0.146917 0.785721 0.0287208 0.0290449
0 0.276961 0.574745 0.186157 0.169701
0 0.150561 0.658558 0.0302498 0.0305188
