0 0.908128 0.511877 0.138607 0.131086
0 0.199563 0.0517535 0.120904 0.102879
0 0.44247 0.13418 0.0702921 0.0661257
0 0.580808 0.618472 0.0558813 0.0547592
0 0.212503 0.300148 0.0441269 0.041553
0 0.614201 0.570664 0.0559454 0.0530985
0 0.681024 0.901066 0.0478971 0.04657
0 0.639567 0.317684 0.0388208 0.0361897
0 0.621876 0.0147286 0.0392389 0.0291578
0 0.0202364 0.0400029 0.0403059 0.0413599
0 0.628434 0.682733 0.137142 0.128559
0 0.159557 0.477403 0.0452972 0.0434019
0 0.59761 0.890529 0.130102 0.123558
0 0.334216 0.312643 0.0348433 0.0319249
0 0.413765 0.861975 0.0434198 0.0416172
0 0.508173 0.474573 0.0513319 0.0500029
0 0.514889 0.562835 0.0524048 0.052157
0 0.637481 0.805025 0.0324781 0.030942
0 0.637299 0.203399 0.0388291 0.0371687
0 0.781752 0.397485 0.0445805 0.0430676
0 0.207 0.650059 0.110703 0.104692
0 0.959327 0.416724 0.0360085 0.0333491
0 0.148397 0.275683 0.0376907 0.035915
0 0.409099 0.429646 0.0572119 0.0532079
0 0.393888 0.0757307 0.0551562 0.0524537
0 0.107036 0.532192 0.0472154 0.0458761
0 0.27408 0.508738 0.0430094 0.0427245
0 0.118578 0.337177 0.0369361 0.0341701
0 0.0531445 0.604812 0.0334958 0.032532
0 0.895649 0.661409 0.207624 0.211269
0 0.811943 0.3456 0.0277861 0.0278061
0 0.413447 0.488323 0.0345168 0.0320564
0 0.106379 0.57829 0.0779388 0.0735122
0 0.727023 0.147335 0.0323603 0.0307807
0 0.166896 0.187968 0.0802079 0.0729199
0 0.582797 0.82058 0.0484333 0.0472487
0 0.510539 0.148233 0.0372176 0.0353521
0 0.384944 0.389242 0.0528599 0.0501762
0 0.33249 0.516348 0.0450083 0.0430328
0 0.475596 0.00882102 0.0401507 0.017642
0 0.213921 0.116539 0.0338734 0.0321913
0 0.374634 0.902007 0.0336925 0.0318996
0 0.726948 0.684865 0.0680672 0.0655391
0 0.524533 0.242369 0.647695 0.4802
0 0.450603 0.759934 0.0335433 0.0318901
0 0.715586 0.637383 0.0448086 0.0433479
0 0.384926 0.590036 0.0473273 0.0451551
0 0.122609 0.403639 0.0314366 0.0300749
0 0.941741 0.739295 0.0646021 0.062127
0 0.680935 0.463335 0.028262 0.0268035
0 0.451024 0.0817105 0.0373087 0.0350683
0 0.623663 0.437725 0.0599502 0.0571594
0 0.858919 0.304047 0.0289591 0.0281157
0 0.357408 0.938418 0.0352931 0.0328005
0 0.335379 0.0143349 0.0493919 0.028608
0 0.415854 0.535087 0.0370647 0.0345324
0 0.176931 0.604273 0.0369988 0.0359628
0 0.373704 0.985708 0.0338093 0.0285841
0 0.709041 0.434739 0.0322726 0.0314695
0 0.100248 0.161249 0.0411983 0.039154
0 0.23986 0.481073 0.0365677 0.0373308
0 0.944286 0.142467 0.0312412 0.0308609
0 0.317277 0.687611 0.0364402 0.0345018
0 0.458889 0.48787 0.0579142 0.0555188
