0 0.0923296 0.666852 0.0840318 0.0817022
0 0.277214 0.576099 0.0617138 0.0593265
0 0.426909 0.0532775 0.100275 0.0967328
0 0.810368 0.147284 0.081393 0.0793812
0 0.722173 0.568155 0.0966155 0.0902601
0 0.769213 0.0176104 0.0380477 0.0352209
0 0.656049 0.306139 0.0455423 0.0446943
0 0.489072 0.951525 0.106747 0.0962154
0 0.859125 0.573124 0.108737 0.102038
0 0.66279 0.944856 0.171808 0.110287
0 0.348918 0.672235 0.0333608 0.0323929
0 0.709366 0.46959 0.0459058 0.0440594
0 0.751347 0.291008 0.0499843 0.0490868
0 0.924114 0.366244 0.0454151 0.0443786
0 0.294361 0.707351 0.0431998 0.0411885
0 0.225128 0.705377 0.052046 0.0511436
0 0.823836 0.349288 0.0581352 0.0561473
0 0.205564 0.654452 0.0419003 0.0405521
0 0.916978 0.8351 0.0411825 0.0403381
0 0.803067 0.706738 0.106602 0.102111
0 0.40175 0.859465 0.055394 0.0541172
0 0.295777 0.774799 0.0363136 0.0352717
0 0.947807 0.116944 0.0350697 0.0334314
0 0.914204 0.454363 0.171592 0.226219
0 0.942692 0.71579 0.0332575 0.0300804
0 0.573877 0.803306 0.0309045 0.0288914
0 0.660761 0.0144409 0.0826057 0.0288818
0 0.812049 0.285397 0.0329348 0.0317589
0 0.267194 0.469305 0.0295621 0.0290228
0 0.214457 0.47536 0.032909 0.0313467
0 0.115051 0.515921 0.0322848 0.0299059
0 0.294345 0.808568 0.034394 0.0332447
0 0.822431 0.311093 0.0370819 0.0350348
0 0.909318 0.248432 0.0287525 0.0279225
0 0.753595 0.254965 0.0379383 0.0363409
0 0.626427 0.87433 0.0320984 0.0296898
0 0.604155 0.425579 0.0463796 0.0428026
0 0.420462 0.614664 0.0290519 0.031637
0 0.730169 0.416423 0.0554689 0.0556561
0 0.039001 0.877529 0.0318228 0.0310852
0 0.377508 0.834857 0.0304041 0.029464
0 0.240255 0.802219 0.0297268 0.0283918
0 0.975937 0.51484 0.0277729 0.0268741
0 0.54123 0.0234455 0.030279 0.0286234
0 0.388187 0.527648 0.0401303 0.0384152
0 0.467372 0.200177 0.581188 0.400354
0 0.979611 0.211026 0.02668 0.0267256
0 0.258227 0.620256 0.0294257 0.0285402
0 0.476952 0.896063 0.0340306 0.0321358
0 0.271374 0.834136 0.028577 0.0294703
0 0.563307 0.00685929 0.0517094 0.0136358
0 0.0560931 0.484243 0.0262759 0.0260029
0 0.653691 0.987047 0.039798 0.0259062
0 0.00898148 0.972711 0.017963 0.0526672
0 0.307773 0.736636 0.0353889 0.0330059
0 0.235583 0.545523 0.0339493 0.0342214
0 0.340708 0.899043 0.0257037 0.024728
0 0.957259 0.276983 0.0854823 0.156072
0 0.294912 0.679411 0.02374 0.0235313
0 0.460879 0.511256 0.0554453 0.054487
