0 0.179578 0.398736 0.161352 0.132655
0 0.304552 0.68695 0.225234 0.193859
0 0.461968 0.597522 0.187956 0.156299
0 0.302993 0.259303 0.0949634 0.0735577
0 0.155167 0.229785 0.061822 0.0502733
0 0.365259 0.0713235 0.0389864 0.032407
0 0.822082 0.113183 0.046538 0.039295
0 0.595903 0.442235 0.065299 0.0545332
0 0.282003 0.381838 0.0898036 0.0756219
0 0.479761 0.15941 0.0526297 0.0425466
0 0.345714 0.489698 0.0507323 0.0403082
0 0.663513 0.950973 0.0337233 0.0298069
0 0.736872 0.404859 0.0577663 0.0466178
0 0.378972 0.331351 0.045602 0.0363143
0 0.930325 0.108752 0.0422947 0.0367459
0 0.429735 0.925645 0.0326056 0.0281555
0 0.0773682 0.981184 0.0534887 0.037631
0 0.156889 0.526925 0.0803179 0.0683096
0 0.188977 0.931604 0.0652708 0.0584099
0 0.496358 0.362463 0.0930682 0.0770466
0 0.750965 0.0227986 0.0421522 0.0362937
0 0.790894 0.175556 0.0461535 0.041056
0 0.269017 0.0296485 0.0342733 0.0289429
0 0.0406597 0.796055 0.0588373 0.0485137
0 0.770545 0.0923649 0.0370773 0.031242
0 0.845442 0.30847 0.0334742 0.0283816
0 0.299251 0.0523077 0.0339197 0.0282893
0 0.760184 0.12727 0.0350122 0.0288926
0 0.711655 0.938403 0.0337979 0.0297821
0 0.293648 0.485513 0.0465962 0.0397908
0 0.744204 0.0685777 0.0344717 0.0287968
0 0.349557 0.0117878 0.0377759 0.0231481
0 0.721702 0.288625 0.0571339 0.048249
0 0.071038 0.705396 0.0352545 0.028906
0 0.610363 0.594167 0.0317349 0.0278255
0 0.662081 0.356251 0.0609104 0.051187
0 0.889059 0.411541 0.0408875 0.0364141
0 0.463044 0.214964 0.0405013 0.0323042
0 0.702801 0.244159 0.0289818 0.0248373
0 0.500819 0.916907 0.0268053 0.024004
0 0.21764 0.495133 0.0284575 0.0240271
0 0.96385 0.0210444 0.037064 0.0325585
0 0.872303 0.078872 0.0303017 0.027492
0 0.672025 0.318058 0.0695264 0.0564462
0 0.266701 0.444406 0.0521624 0.0490259
0 0.855294 0.4239 0.052692 0.0420519
0 0.45522 0.503419 0.0317311 0.0268813
0 0.258359 0.153586 0.0349412 0.0289507
0 0.0529845 0.454432 0.0298272 0.0242668
0 0.536452 0.162054 0.0617119 0.0497057
0 0.551899 0.27285 0.0261065 0.0232156
