0 0.257013 0.409409 0.0675993 0.0643877
0 0.0508091 0.206188 0.0577196 0.0555353
0 0.0824255 0.789141 0.0479498 0.0465788
0 0.336806 0.6646 0.0425368 0.042124
0 0.780751 0.349146 0.0421585 0.0403834
0 0.339084 0.409063 0.041051 0.0395078
0 0.309831 0.390416 0.0332882 0.0319428
0 0.0460034 0.596487 0.0359114 0.0342958
0 0.166868 0.553473 0.0322142 0.0311327
0 0.360215 0.0731129 0.0311316 0.0295063
0 0.427374 0.13413 0.0336529 0.0327158
0 0.286927 0.163674 0.0417051 0.0409977
0 0.925598 0.00892325 0.0293123 0.0176073
0 0.367704 0.623894 0.0297353 0.0284428
0 0.364254 0.547655 0.0378212 0.0374799
0 0.372678 0.127149 0.0364555 0.0339416
0 0.0313263 0.830503 0.029381 0.028714
0 0.081238 0.407569 0.0282298 0.0269865
0 0.019075 0.270944 0.0299109 0.0276186
0 0.409412 0.840176 0.0256819 0.0252918
0 0.39854 0.525378 0.0342317 0.0346706
0 0.777449 0.0415779 0.0292505 0.0279153
0 0.351141 0.170112 0.0273554 0.0274555
