0 0.50197 0.0210671 0.0717747 0.041922
0 0.884191 0.306818 0.0417707 0.0305563
0 0.808234 0.206828 0.0382107 0.027544
0 0.813376 0.420888 0.0503372 0.0369687
0 0.24835 0.314605 0.0383222 0.0282608
0 0.147427 0.376876 0.072211 0.0477252
0 0.421967 0.145647 0.0476107 0.0342503
0 0.117914 0.645083 0.0507208 0.0355476
0 0.857543 0.334408 0.0300217 0.0227091
0 0.160528 0.754458 0.0307534 0.0227811
0 0.270122 0.114848 0.0377553 0.0285665
0 0.118832 0.297412 0.0396515 0.029186
0 0.221633 0.785257 0.035356 0.0270124
