0 0.834943 0.0571846 0.141093 0.114369
0 0.078201 0.962409 0.0973497 0.0749462
0 0.663807 0.264875 0.0759386 0.060179
0 0.945792 0.782297 0.0679138 0.0516115
0 0.24251 0.614111 0.0484541 0.0375387
0 0.753706 0.867133 0.0516396 0.04133
0 0.157835 0.134855 0.0564834 0.0461661
0 0.915145 0.737454 0.0465017 0.0364231
0 0.720271 0.252273 0.0480556 0.0384956
0 0.482995 0.750098 0.052536 0.0422619
0 0.0589103 0.639819 0.117821 0.174052
0 0.243084 0.233538 0.044063 0.037134
0 0.56798 0.473793 0.0481924 0.03708
0 0.304862 0.620611 0.0441787 0.0342318
0 0.0146199 0.267281 0.0287481 0.0511807
0 0.192345 0.0451166 0.0414019 0.0334086
0 0.705071 0.570413 0.039946 0.0334167
0 0.164762 0.0828259 0.044133 0.0360098
0 0.225339 0.412372 0.0405482 0.0327983
0 0.0649512 0.254417 0.0363826 0.0301262
0 0.347674 0.9467 0.037051 0.0291895
0 0.0735173 0.0713394 0.0499153 0.0418048
0 0.615792 0.0996775 0.0717941 0.0582191
0 0.770814 0.94398 0.0366013 0.0305656
0 0.641374 0.0822506 0.100698 0.0788946
0 0.0705518 0.440923 0.0327159 0.0266445
0 0.285642 0.967569 0.0391824 0.029047
0 0.353484 0.732767 0.0340386 0.0276167
0 0.524933 0.687191 0.0394848 0.0305555
0 0.153659 0.0579962 0.0364617 0.0288346
0 0.114242 0.0715716 0.0362738 0.0304096
0 0.217699 0.806993 0.0723209 0.0570974
0 0.631799 0.40873 0.0667715 0.0517449
0 0.736165 0.704558 0.0552275 0.0437292
0 0.627508 0.0247571 0.0339972 0.0270073
0 0.577721 0.777512 0.0372458 0.0282736
0 0.636303 0.220425 0.0494851 0.0408541
0 0.935147 0.986395 0.0546326 0.0272109
0 0.612038 0.571792 0.0773743 0.0602687
0 0.176289 0.834182 0.0377413 0.0319942
0 0.521997 0.210363 0.0330932 0.0289629
0 0.914572 0.455551 0.063311 0.0533405
0 0.691477 0.500694 0.0424028 0.0315224
0 0.4269 0.479584 0.0306673 0.0247896
0 0.614218 0.35052 0.0522704 0.0459962
0 0.216706 0.685087 0.0641474 0.0503401
0 0.455428 0.495953 0.0438321 0.0372301
0 0.564844 0.0580403 0.034469 0.0289324
0 0.0888443 0.152438 0.0306618 0.0257654
0 0.205595 0.578475 0.0318126 0.0258424
0 0.826543 0.301873 0.0307934 0.0286643
0 0.371877 0.778938 0.03142 0.0268351
0 0.786507 0.634542 0.0815645 0.0723301
0 0.496816 0.984849 0.0424231 0.0303013
