0 0.664674 0.524871 0.0473982 0.0462681
0 0.847142 0.364582 0.052956 0.0517746
0 0.928986 0.496583 0.113225 0.106932
0 0.160964 0.828215 0.0419019 0.0399408
0 0.174847 0.859402 0.0347007 0.0338673
0 0.788557 0.675315 0.0364691 0.0345226
0 0.702269 0.65281 0.148021 0.148489
0 0.535551 0.958251 0.0281351 0.0266956
0 0.98305 0.572773 0.0337233 0.0346956
0 0.444049 0.331373 0.0288517 0.028083
0 0.848508 0.270979 0.0342148 0.0330912
0 0.135001 0.205627 0.0282489 0.0275186
0 0.485357 0.293282 0.0292645 0.0294214
0 0.647624 0.84674 0.027096 0.0270653
0 0.15816 0.434379 0.0263817 0.0262399
0 0.448903 0.581034 0.0274925 0.0269617
0 0.87607 0.563939 0.0610775 0.0597395
0 0.142289 0.924977 0.025621 0.024753
0 0.0115652 0.937596 0.0229307 0.0249561
0 0.608577 0.206398 0.0278765 0.0269708
