0 0.307073 0.113102 0.0510181 0.0425518
0 0.118499 0.885643 0.0770354 0.0592571
0 0.249836 0.50693 0.0494723 0.041657
0 0.372665 0.621429 0.0442777 0.0358096
0 0.732827 0.19283 0.0553726 0.044063
0 0.584484 0.47061 0.0447696 0.036727
0 0.238267 0.825985 0.0689258 0.0580806
0 0.196542 0.9065 0.0814984 0.0662186
0 0.939247 0.496237 0.0509151 0.0447758
0 0.49312 0.564549 0.0402994 0.03396
0 0.698114 0.726245 0.145595 0.109689
0 0.203416 0.747592 0.0427624 0.0344944
0 0.771977 0.341913 0.0387388 0.0325238
0 0.973345 0.752953 0.0348734 0.0289153
0 0.688678 0.571974 0.0458928 0.0364778
0 0.254858 0.557625 0.0364014 0.0299717
0 0.38923 0.320121 0.0393841 0.03212
0 0.746904 0.421386 0.0510265 0.0406345
0 0.725882 0.489715 0.0466816 0.0380599
0 0.0617272 0.480493 0.0428946 0.0380684
0 0.390779 0.987844 0.0424385 0.024312
0 0.887805 0.878786 0.0381079 0.0332348
0 0.166245 0.936419 0.043329 0.0320255
0 0.0511342 0.571406 0.102268 0.182442
0 0.524475 0.640644 0.0334305 0.0276719
0 0.327954 0.429454 0.0383506 0.0315573
0 0.614563 0.926567 0.0408039 0.0311558
0 0.961251 0.00895611 0.0544354 0.0177718
0 0.118835 0.669942 0.0329802 0.0272111
0 0.360414 0.419075 0.0394545 0.0323277
0 0.739411 0.932966 0.0410749 0.0322639
0 0.0103682 0.179846 0.0207363 0.0268544
0 0.0169017 0.936462 0.0337867 0.0359238
0 0.731583 0.578303 0.0363331 0.0302126
0 0.216508 0.589077 0.030755 0.0261057
0 0.267028 0.435243 0.0330709 0.0273666
0 0.882632 0.106182 0.0400457 0.0314502
0 0.426892 0.242103 0.0360969 0.0301132
0 0.434641 0.371858 0.0329719 0.0270267
0 0.66995 0.190528 0.028793 0.0245936
0 0.602421 0.861274 0.0855024 0.0695078
0 0.671251 0.861095 0.0375479 0.029464
0 0.892533 0.501632 0.0376659 0.0317413
0 0.276362 0.33934 0.0282995 0.0255774
0 0.64075 0.00533499 0.0416952 0.01067
0 0.370074 0.293654 0.0304414 0.0266769
0 0.571957 0.790644 0.0290501 0.024311
0 0.759446 0.0632787 0.16967 0.126557
0 0.991478 0.857144 0.0170448 0.0473881
0 0.365325 0.588543 0.0291339 0.0267054
0 0.0259271 0.692248 0.0514923 0.104481
0 0.573029 0.156708 0.0548241 0.0463809
0 0.463863 0.377382 0.0308619 0.0269042
0 0.927856 0.05215 0.0293316 0.0234149
0 0.892425 0.0178468 0.0324001 0.0282097
0 0.29076 0.461815 0.0403647 0.0325898
0 0.844769 0.915037 0.0303816 0.026302
0 0.698215 0.643652 0.0513762 0.0431887
0 0.0210343 0.433366 0.0420687 0.073621
0 0.190798 0.186681 0.0270035 0.0258404
0 0.847945 0.779566 0.0293438 0.0257975
