0 0.353276 0.295945 0.0630498 0.0613735
0 0.199881 0.308148 0.0727497 0.0689496
0 0.606697 0.20768 0.0534855 0.0505542
0 0.917048 0.393845 0.0589989 0.0564538
0 0.19125 0.65809 0.0423657 0.0404207
0 0.788737 0.797543 0.0502495 0.0482697
0 0.960669 0.706931 0.034766 0.0326195
0 0.0699992 0.549885 0.0776509 0.0685347
0 0.622406 0.855772 0.0638008 0.060129
0 0.799597 0.108864 0.107671 0.10294
0 0.875796 0.0156921 0.0329109 0.0306637
0 0.690903 0.0803271 0.0427224 0.0394665
0 0.609695 0.286731 0.048591 0.0443723
0 0.39815 0.793618 0.0617232 0.0590578
0 0.0903661 0.425308 0.0329992 0.0315002
0 0.884316 0.0736976 0.0521074 0.0502539
0 0.956545 0.511521 0.036108 0.033736
0 0.0598203 0.0183965 0.0352528 0.0345167
0 0.866031 0.772769 0.0347 0.0328585
0 0.312485 0.14735 0.0537583 0.0494707
0 0.0702573 0.764825 0.0401047 0.0376762
0 0.586687 0.0359709 0.0468603 0.0466074
0 0.987149 0.0638424 0.0257013 0.0437206
0 0.0482778 0.743995 0.0409772 0.0404493
0 0.143326 0.646147 0.0662794 0.06227
0 0.0939183 0.281454 0.0503348 0.0446478
0 0.083991 0.371963 0.0467322 0.0420495
0 0.146677 0.554736 0.0461042 0.0431368
0 0.0956814 0.77588 0.0315946 0.0297421
0 0.78953 0.442711 0.0527032 0.0488604
0 0.935093 0.491054 0.0354935 0.0305642
0 0.916838 0.0117769 0.0271885 0.0233093
0 0.762769 0.0580096 0.0282478 0.0281021
0 0.277222 0.405454 0.0360236 0.032324
0 0.948561 0.609634 0.0306232 0.0282584
0 0.259541 0.732589 0.0831848 0.0784311
0 0.248417 0.66961 0.0316877 0.0303068
0 0.927953 0.0373398 0.0310253 0.0282303
0 0.75555 0.646621 0.0356941 0.0339128
0 0.614762 0.733219 0.0779058 0.0730202
0 0.423691 0.499016 0.0450481 0.0426872
0 0.426986 0.363069 0.0355537 0.0317405
0 0.109206 0.400078 0.0275909 0.0257536
0 0.11852 0.521337 0.0507413 0.0477015
0 0.982405 0.685089 0.0265045 0.0260202
0 0.354731 0.146017 0.0302625 0.0290887
0 0.0548868 0.288628 0.109555 0.107114
0 0.60792 0.0589364 0.0392467 0.0385082
0 0.61303 0.348355 0.0417749 0.04012
0 0.0332409 0.289304 0.0656913 0.0642221
0 0.354378 0.882113 0.0414746 0.0383583
0 0.222147 0.417827 0.035454 0.0342005
0 0.276748 0.260714 0.0291876 0.0274557
0 0.865002 0.648465 0.0273928 0.0259823
0 0.16838 0.436103 0.0677135 0.0639572
0 0.170251 0.501973 0.0365791 0.036359
0 0.745127 0.070482 0.0278711 0.0265778
0 0.23865 0.266647 0.0548113 0.0499007
0 0.0202551 0.407325 0.0405102 0.0606043
0 0.252989 0.246818 0.0361252 0.0325101
