0 0.21128 0.627207 0.245341 0.230772
0 0.44903 0.458103 0.0729126 0.0676907
0 0.458644 0.887057 0.0576225 0.0514736
0 0.561868 0.311491 0.0488436 0.0441375
0 0.09054 0.52699 0.180793 0.229567
0 0.806392 0.244595 0.0649883 0.0582708
0 0.616312 0.584881 0.0886934 0.0819284
0 0.424763 0.15871 0.0522716 0.0455763
0 0.299974 0.0897457 0.0321221 0.0302976
0 0.747039 0.27604 0.0334032 0.0313469
0 0.108656 0.399044 0.0324411 0.030323
0 0.616431 0.415658 0.0489352 0.045467
0 0.0810166 0.262189 0.0310933 0.0283568
0 0.894844 0.610522 0.0456036 0.0428566
0 0.63171 0.0115966 0.0657282 0.0231513
0 0.274705 0.038473 0.0300095 0.0297484
0 0.711384 0.00822241 0.0307425 0.0160782
0 0.474317 0.563142 0.0391806 0.0344179
0 0.53707 0.539211 0.0490025 0.0459414
0 0.600572 0.216127 0.533781 0.432253
0 0.342125 0.881315 0.319522 0.23737
0 0.812975 0.300439 0.0336094 0.0308623
0 0.379075 0.303776 0.07688 0.0691001
0 0.690802 0.333808 0.0513753 0.0466558
0 0.335554 0.0189458 0.0291103 0.0282339
0 0.272731 0.287482 0.0632134 0.0589327
