0 0.19417 0.628547 0.192378 0.155204
0 0.532314 0.0491525 0.0473616 0.0386448
0 0.708985 0.610389 0.0420352 0.0352011
0 0.323874 0.968697 0.045657 0.0360481
0 0.535179 0.843824 0.0394269 0.034024
0 0.168653 0.121853 0.0355181 0.0289298
0 0.82639 0.593867 0.0314739 0.0271841
0 0.518505 0.246376 0.0349407 0.0289555
0 0.494636 0.813751 0.0475191 0.0407125
0 0.90988 0.136523 0.0328312 0.0265678
0 0.483565 0.576899 0.0404976 0.0352394
0 0.0408875 0.538342 0.0340673 0.0286013
0 0.867446 0.984286 0.0347811 0.0293032
0 0.682208 0.49801 0.0341112 0.0300421
0 0.2656 0.590659 0.0483472 0.0402584
0 0.182506 0.722014 0.0402333 0.0307179
0 0.457632 0.925282 0.0668816 0.0563499
0 0.756497 0.737566 0.0474854 0.0387295
0 0.384338 0.407765 0.0344795 0.029175
0 0.281219 0.686309 0.0819516 0.0631813
0 0.711705 0.556444 0.0477777 0.0407639
0 0.385563 0.600939 0.0510956 0.0453486
0 0.383184 0.216607 0.0297685 0.0240242
0 0.0599257 0.884468 0.0335562 0.0268074
0 0.596924 0.848305 0.075225 0.0648319
0 0.571384 0.36318 0.0272656 0.0244269
