0 0.899061 0.97542 0.0439384 0.0339596
0 0.637345 0.0873406 0.0450609 0.0350394
0 0.843826 0.130907 0.0582293 0.0444786
0 0.228946 0.484322 0.0650149 0.047971
0 0.726082 0.579043 0.0514683 0.0360402
0 0.547339 0.472588 0.0513883 0.0368717
0 0.768993 0.0142472 0.0571125 0.0280632
0 0.531068 0.267642 0.0446702 0.0335922
0 0.802991 0.586479 0.134977 0.100998
0 0.231757 0.147081 0.0414948 0.0292386
0 0.38112 0.979224 0.0385008 0.0292109
0 0.506574 0.325285 0.042844 0.0313233
0 0.430606 0.472057 0.0458435 0.0340998
0 0.232721 0.590482 0.0399303 0.0284592
0 0.396611 0.294158 0.0401377 0.0307546
0 0.55461 0.575874 0.0394835 0.0285427
0 0.882584 0.637221 0.075148 0.0547045
0 0.260008 0.613722 0.0352055 0.028526
0 0.465154 0.614115 0.0394339 0.0286026
0 0.364481 0.112141 0.0393855 0.0288376
0 0.343952 0.139235 0.0404096 0.0301646
0 0.553455 0.646336 0.121632 0.0943394
0 0.963221 0.651578 0.073082 0.0615884
0 0.839776 0.965208 0.0341789 0.026273
0 0.643667 0.345337 0.0464073 0.0356599
0 0.72871 0.165319 0.0783367 0.0584753
0 0.0179399 0.584403 0.0341968 0.0262154
0 0.306503 0.0894173 0.0412914 0.0315717
0 0.436662 0.107193 0.0425739 0.0300822
0 0.506131 0.461361 0.0327877 0.0236122
0 0.860655 0.990404 0.0337097 0.0183529
0 0.157465 0.501302 0.0350162 0.0263512
0 0.518584 0.567188 0.0427029 0.0321873
0 0.0357837 0.31248 0.0715674 0.101312
0 0.418322 0.0263193 0.0376201 0.0300704
0 0.493659 0.676528 0.0310335 0.0230605
0 0.776659 0.511071 0.0758348 0.0541166
0 0.851527 0.25962 0.0539906 0.0390827
0 0.935124 0.740868 0.0610567 0.0458646
0 0.282316 0.271309 0.0326415 0.0243564
0 0.445668 0.0996887 0.0953648 0.071354
0 0.415084 0.0859628 0.0373297 0.0274383
0 0.55236 0.176523 0.0362617 0.0240682
0 0.925859 0.533192 0.0355793 0.02624
0 0.916837 0.241977 0.0328882 0.024297
0 0.65749 0.010794 0.0343962 0.0214817
0 0.927082 0.681423 0.0442326 0.0325197
0 0.010677 0.96047 0.0210239 0.0315447
0 0.525909 0.406897 0.0336928 0.0275182
0 0.451705 0.521234 0.0358242 0.0261204
0 0.821827 0.40239 0.0319557 0.0240894
0 0.34023 0.334171 0.0342225 0.0265853
0 0.972049 0.805544 0.0500874 0.0360802
0 0.384949 0.540726 0.0315797 0.0237444
