0 0.587729 0.561017 0.0505749 0.0479995
0 0.824219 0.97573 0.0569049 0.0482422
0 0.610776 0.682693 0.0337404 0.0316737
0 0.0622923 0.491929 0.0333112 0.033104
0 0.912912 0.628492 0.0342543 0.0329611
0 0.354435 0.109491 0.0270139 0.0259973
0 0.766582 0.653422 0.03759 0.035523
0 0.848909 0.525173 0.0312679 0.0306612
0 0.420153 0.0887126 0.0561511 0.0521733
0 0.961091 0.593677 0.0638233 0.0582003
0 0.549082 0.113467 0.0323517 0.0313213
0 0.609752 0.0535923 0.0324239 0.0316559
0 0.205823 0.693036 0.0311791 0.0289558
0 0.0669272 0.630294 0.0458086 0.0425902
0 0.749612 0.703788 0.0539961 0.0493333
0 0.521364 0.385777 0.0411932 0.0391683
0 0.841061 0.186838 0.0350725 0.0314934
0 0.19805 0.525805 0.0756357 0.0708311
0 0.455657 0.435296 0.0339465 0.0310928
0 0.470531 0.285282 0.0377384 0.0353408
0 0.49749 0.413599 0.0432628 0.041329
0 0.441144 0.227238 0.0465362 0.0425546
0 0.583221 0.838073 0.027352 0.025227
0 0.124358 0.1441 0.0307312 0.0287025
0 0.511313 0.114025 0.0424435 0.0388877
0 0.280442 0.797749 0.050027 0.0460431
0 0.766441 0.234028 0.0263082 0.0256778
0 0.893087 0.114524 0.0337376 0.0342141
0 0.402227 0.022981 0.0379499 0.0371027
0 0.867328 0.565346 0.02486 0.0236162
0 0.526941 0.0528969 0.0654118 0.0639288
0 0.481938 0.89233 0.0391932 0.0376684
0 0.257354 0.773924 0.0277362 0.0262259
0 0.495747 0.0121802 0.0243143 0.0230282
0 0.301959 0.687473 0.0382428 0.0353047
0 0.622507 0.125788 0.024443 0.0234275
0 0.974781 0.589639 0.042564 0.0464497
0 0.388534 0.00618968 0.036035 0.0123794
0 0.794678 0.492674 0.0316526 0.0306759
