0 0.722645 0.766206 0.452306 0.366416
0 0.196876 0.186351 0.183135 0.143889
0 0.615511 0.414722 0.0571175 0.0433879
0 0.185187 0.906347 0.264267 0.187305
0 0.719851 0.965481 0.0495354 0.0407122
0 0.861906 0.265826 0.0483898 0.0365742
0 0.491325 0.18103 0.0400221 0.0300793
0 0.3734 0.199038 0.0469167 0.0336923
0 0.577653 0.980847 0.0497412 0.0341648
0 0.378911 0.84484 0.0966179 0.075304
0 0.0720758 0.432861 0.144152 0.197316
0 0.83786 0.0715286 0.322253 0.142684
0 0.522994 0.521927 0.031763 0.0254992
0 0.734966 0.990056 0.0307178 0.0194019
0 0.17972 0.613508 0.0366781 0.0301313
0 0.659854 0.516765 0.034293 0.0264335
0 0.61334 0.40763 0.709967 0.510859
0 0.164332 0.565505 0.139682 0.120071
0 0.479525 0.868732 0.10587 0.0896713
0 0.611934 0.143433 0.0446586 0.0329797
0 0.382463 0.00817641 0.0458566 0.0162545
0 0.967296 0.397389 0.0654074 0.108035
0 0.247401 0.0288333 0.0353966 0.0301487
0 0.705355 0.401144 0.0287558 0.0227665
0 0.106685 0.285492 0.0301903 0.0238723
0 0.0404366 0.352393 0.0808733 0.0775207
0 0.105992 0.356668 0.0804489 0.0681033
