0 0.158963 0.385144 0.0416393 0.0406055
0 0.187716 0.40462 0.0378245 0.0375323
0 0.75356 0.733257 0.0373067 0.0375341
0 0.775695 0.37621 0.0366991 0.0362789
0 0.781869 0.30663 0.040564 0.0393663
0 0.982928 0.809931 0.0341433 0.0421721
0 0.986174 0.631092 0.0276474 0.0436282
0 0.370285 0.174572 0.0360674 0.0340302
0 0.731347 0.382276 0.0341672 0.0340092
0 0.565178 0.0722572 0.0332083 0.0323043
0 0.745106 0.652577 0.0371338 0.0383867
0 0.118537 0.868272 0.159082 0.150375
0 0.0161276 0.459558 0.0321745 0.0496246
0 0.252823 0.79146 0.0278357 0.0275156
0 0.79486 0.2086 0.0374886 0.0373777
0 0.77505 0.17049 0.0362652 0.0354345
0 0.501346 0.520032 0.0524683 0.049912
0 0.618519 0.466314 0.0271912 0.0265665
0 0.911767 0.212212 0.0701733 0.0698348
0 0.787054 0.586545 0.0776024 0.0762099
0 0.969049 0.663568 0.0345631 0.0339388
0 0.561957 0.154407 0.0502026 0.0490093
0 0.946056 0.458272 0.0610378 0.059697
0 0.6927 0.0193664 0.0533882 0.0385688
0 0.510142 0.489906 0.0473841 0.0461975
0 0.808475 0.536937 0.0287739 0.0282007
0 0.986724 0.597729 0.0260603 0.0298964
0 0.229257 0.550071 0.166383 0.168205
0 0.469201 0.0702449 0.104882 0.101862
0 0.18236 0.0364341 0.0844276 0.0728683
0 0.0499265 0.577203 0.0990968 0.101077
0 0.819282 0.244077 0.0296196 0.0291002
