0 0.276999 0.939277 0.0793745 0.0776373
0 0.18203 0.285283 0.36406 0.381952
0 0.380568 0.839072 0.0419091 0.0409208
0 0.572476 0.881166 0.228398 0.228548
0 0.544121 0.97458 0.0899594 0.05084
0 0.257513 0.673234 0.0352388 0.0334811
0 0.65415 0.452197 0.0644619 0.0621845
0 0.436677 0.0819014 0.0404116 0.0388797
0 0.803879 0.749341 0.0989923 0.0945595
0 0.800236 0.364223 0.0723197 0.0690257
0 0.716917 0.738696 0.0417978 0.0422273
0 0.63753 0.110291 0.370183 0.220583
0 0.427829 0.540626 0.0547961 0.0558792
0 0.90297 0.587859 0.0305191 0.0286947
0 0.393437 0.75219 0.0309552 0.0297146
0 0.0490178 0.800458 0.0980357 0.201774
0 0.979251 0.570042 0.0324715 0.0312288
0 0.750064 0.792176 0.0370086 0.0345909
0 0.729436 0.930061 0.23618 0.139849
0 0.769479 0.677147 0.0378248 0.0354689
0 0.87145 0.901286 0.227078 0.195872
0 0.0491133 0.605838 0.0295447 0.0298624
0 0.742273 0.550814 0.042166 0.0419611
0 0.327582 0.0456404 0.0257848 0.0253038
0 0.804084 0.654754 0.035935 0.035635
0 0.733955 0.637502 0.0313351 0.0299164
0 0.460902 0.698848 0.0295426 0.0278767
0 0.969308 0.98422 0.033466 0.0292799
0 0.640802 0.511637 0.059038 0.0579258
0 0.0806099 0.52512 0.0282224 0.0267492
0 0.0555698 0.537969 0.0260332 0.025158
0 0.677704 0.393724 0.043447 0.0404254
0 0.475576 0.340485 0.030094 0.0298013
0 0.537679 0.869918 0.0279209 0.0273792
0 0.674398 0.427233 0.0481598 0.0458235
0 0.555656 0.628411 0.0277507 0.0260838
0 0.291896 0.0807744 0.0285946 0.0277612
0 0.830385 0.843304 0.14372 0.136517
0 0.89412 0.356226 0.21176 0.376019
0 0.106609 0.12026 0.193151 0.182657
0 0.67148 0.602425 0.0266827 0.0262391
0 0.69135 0.370457 0.0413744 0.0364042
0 0.449139 0.655045 0.024482 0.0228727
0 0.280982 0.586966 0.0264474 0.0254532
0 0.396343 0.374456 0.0346489 0.0318556
0 0.706734 0.676665 0.0258188 0.0255877
0 0.951796 0.124042 0.0448715 0.0425337
0 0.994618 0.598945 0.0107632 0.0500217
