0 0.15915 0.555095 0.107964 0.103319
0 0.0687849 0.243786 0.0554015 0.0543006
0 0.269795 0.210684 0.0603234 0.0599615
0 0.10789 0.0742394 0.0449041 0.0436316
0 0.40237 0.224562 0.0440848 0.0427631
0 0.490455 0.185345 0.0525386 0.0517469
0 0.092473 0.14182 0.0372334 0.0371113
0 0.527738 0.813799 0.0373839 0.0361393
0 0.485772 0.423599 0.0738464 0.0718416
0 0.971502 0.837627 0.0567097 0.115346
0 0.26338 0.625555 0.0322179 0.0309608
0 0.552562 0.774941 0.0352499 0.0339788
0 0.290838 0.978329 0.0541723 0.0424881
0 0.855844 0.243919 0.0347759 0.0340126
0 0.862672 0.382586 0.274418 0.290255
0 0.714633 0.483857 0.032597 0.0303922
0 0.0446574 0.343706 0.0307611 0.0305391
0 0.313626 0.904645 0.0406995 0.0393215
0 0.293161 0.933683 0.0353461 0.0338585
0 0.710043 0.577588 0.0467999 0.0448416
0 0.137614 0.352099 0.0906722 0.0873265
0 0.480488 0.318972 0.0312252 0.030749
0 0.343658 0.202834 0.0287017 0.0273006
0 0.69141 0.149301 0.0388855 0.0373242
0 0.361958 0.450215 0.0319395 0.0308292
0 0.229592 0.116995 0.0545704 0.0547685
0 0.362873 0.760852 0.170916 0.15794
0 0.585475 0.381352 0.152738 0.149498
0 0.476277 0.613688 0.18803 0.173485
0 0.256581 0.624543 0.234602 0.228012
0 0.348238 0.534892 0.0287376 0.0277636
0 0.816552 0.746441 0.366895 0.494285
0 0.0927351 0.344141 0.0300684 0.0292873
0 0.964698 0.296181 0.0706035 0.103779
0 0.0525846 0.8328 0.0309135 0.0299904
0 0.301463 0.14591 0.0296721 0.0284391
0 0.349996 0.485821 0.0280263 0.0278009
0 0.300735 0.9627 0.0458441 0.0412184
0 0.10972 0.108523 0.0316723 0.0298006
0 0.434571 0.272177 0.0368037 0.0354888
0 0.454472 0.243916 0.0281919 0.0286472
0 0.198511 0.452607 0.0290607 0.0282349
0 0.871236 0.199858 0.0621841 0.0603046
0 0.562957 0.835122 0.0261641 0.025803
