0 0.648642 0.159395 0.0870861 0.0750848
0 0.948741 0.492296 0.0832878 0.0681561
0 0.666446 0.395069 0.0634119 0.0520722
0 0.645386 0.492935 0.0550478 0.0458937
0 0.481197 0.831549 0.0613384 0.0531597
0 0.632851 0.445149 0.0557102 0.0459288
0 0.346336 0.237281 0.0490038 0.041156
0 0.337192 0.630522 0.0595029 0.0508712
0 0.428908 0.111603 0.0612735 0.0499423
0 0.552339 0.537901 0.0385328 0.0327071
0 0.183886 0.131129 0.0492261 0.0385038
0 0.779299 0.813798 0.14133 0.121147
0 0.0929168 0.332604 0.0604262 0.0525214
0 0.643911 0.334443 0.0680965 0.059023
0 0.107965 0.363801 0.0448557 0.0366588
0 0.379698 0.394615 0.0533054 0.0419451
0 0.662908 0.532779 0.0406318 0.0324472
0 0.255054 0.327114 0.0430624 0.0346378
0 0.571433 0.0512075 0.0354353 0.030863
0 0.86575 0.569099 0.0812161 0.0668837
0 0.579424 0.484318 0.0347853 0.0303532
0 0.625382 0.747293 0.0326399 0.027676
0 0.323704 0.585825 0.0339435 0.0291141
0 0.626074 0.290105 0.0367117 0.0303619
0 0.852557 0.72356 0.0955908 0.0808191
0 0.320142 0.805472 0.0318949 0.0266445
0 0.714933 0.461232 0.12044 0.104935
0 0.954249 0.342004 0.091503 0.144105
0 0.980538 0.952425 0.038925 0.0442993
0 0.805765 0.300773 0.0339087 0.0290311
0 0.0164805 0.424356 0.032835 0.0338176
0 0.853931 0.261574 0.115337 0.0962701
0 0.31479 0.334322 0.0361427 0.0293396
0 0.0655548 0.41351 0.0378845 0.0325052
0 0.675432 0.571186 0.0364647 0.0271509
0 0.027527 0.106711 0.0378915 0.0315896
0 0.407596 0.188437 0.0517561 0.0408883
0 0.0364192 0.938811 0.0339889 0.0308628
0 0.692362 0.769135 0.0833223 0.0686341
0 0.969354 0.283859 0.0609631 0.0552341
0 0.469996 0.394475 0.0346968 0.0291883
0 0.314503 0.291713 0.0370882 0.0299146
0 0.525407 0.581788 0.0894709 0.0733776
0 0.849212 0.868238 0.0428429 0.0367908
0 0.970298 0.217251 0.0594031 0.0767477
0 0.826649 0.99128 0.0267447 0.0174399
0 0.586054 0.587682 0.0289618 0.0244211
0 0.634547 0.20965 0.0347504 0.02932
0 0.46759 0.0418085 0.0942169 0.0806254
0 0.865474 0.0391538 0.269051 0.078061
0 0.521063 0.847388 0.0354177 0.0291725
0 0.0343959 0.00847622 0.0538301 0.0169524
0 0.812726 0.43754 0.0727598 0.0601403
0 0.0736251 0.369894 0.0307408 0.0274472
0 0.901252 0.289669 0.0333237 0.0276171
0 0.464475 0.957672 0.049128 0.0427443
0 0.930805 0.639785 0.138391 0.162554
0 0.417142 0.435401 0.0738954 0.0624526
