0 0.316165 0.248687 0.122228 0.0960561
0 0.782811 0.781099 0.434378 0.437803
0 0.167382 0.796161 0.0592207 0.0500484
0 0.402887 0.340324 0.0580238 0.0473314
0 0.949032 0.435338 0.0542439 0.0451027
0 0.186742 0.059624 0.107742 0.0826926
0 0.891775 0.562893 0.0709473 0.0593058
0 0.776547 0.949449 0.182895 0.100808
0 0.0184193 0.419048 0.0298338 0.0281683
0 0.249213 0.421569 0.0350143 0.0287089
0 0.831698 0.124377 0.0318029 0.0269737
0 0.225957 0.763347 0.0306721 0.0259868
0 0.229466 0.0613189 0.0571662 0.0447749
0 0.32153 0.765107 0.0298674 0.0262037
0 0.020975 0.185952 0.0414888 0.0372545
0 0.489625 0.68342 0.0336825 0.0277769
0 0.481489 0.515482 0.034114 0.0276076
0 0.495949 0.57537 0.0342533 0.02941
0 0.661471 0.986668 0.0401577 0.0265293
0 0.547294 0.992863 0.0501285 0.0142735
0 0.932122 0.265533 0.0465178 0.0339239
0 0.247118 0.449114 0.0288902 0.0246651
0 0.470614 0.47822 0.601403 0.48755
0 0.3105 0.540544 0.0279259 0.0248284
0 0.672495 0.671792 0.0351519 0.031903
0 0.799862 0.0212266 0.0691095 0.0423803
0 0.223338 0.604247 0.0321045 0.0286901
