0 0.964323 0.380578 0.070961 0.0737051
0 0.326866 0.118933 0.0428054 0.0416374
0 0.094344 0.206235 0.0616708 0.0601652
0 0.870235 0.613628 0.0463085 0.0450024
0 0.950616 0.95168 0.0974148 0.0966406
0 0.176606 0.126878 0.0552452 0.0535432
0 0.0107036 0.200219 0.0214073 0.0443157
0 0.640639 0.257773 0.03571 0.0347558
0 0.9137 0.565337 0.0354275 0.0340525
0 0.525401 0.208516 0.0769101 0.0758438
0 0.229919 0.199011 0.0303055 0.02823
0 0.869174 0.904472 0.0287285 0.0272266
0 0.809115 0.547676 0.0358311 0.0340897
0 0.943704 0.624159 0.0271095 0.0256848
0 0.726293 0.694213 0.088501 0.0843566
0 0.800728 0.688926 0.0541104 0.0515681
0 0.843277 0.920028 0.0287367 0.0279955
0 0.437666 0.701971 0.027215 0.0266195
0 0.204614 0.650471 0.0941838 0.0912951
0 0.799323 0.87435 0.0654707 0.0631378
0 0.902575 0.190836 0.029781 0.0287807
0 0.375186 0.348897 0.135368 0.137525
0 0.711384 0.886708 0.0277689 0.0267406
0 0.172613 0.192237 0.0935892 0.0870852
