0 0.494669 0.405726 0.139795 0.138104
0 0.799441 0.289152 0.0423355 0.0414185
0 0.900408 0.500618 0.0598852 0.0594286
0 0.852349 0.738332 0.0497044 0.0477775
0 0.7915 0.817007 0.193013 0.188504
0 0.754477 0.434398 0.0465361 0.0457054
0 0.791454 0.940848 0.0380014 0.0363369
0 0.7971 0.511053 0.0376982 0.0380274
0 0.683585 0.381677 0.0452957 0.0449742
0 0.121463 0.353464 0.0452026 0.0437103
0 0.63313 0.539811 0.0525225 0.0527445
0 0.459365 0.327198 0.0372157 0.0366606
0 0.893903 0.419928 0.0379023 0.0380625
0 0.883543 0.374784 0.0502659 0.0491963
0 0.595709 0.878792 0.242238 0.236351
0 0.206009 0.539042 0.0385801 0.0377751
0 0.0328187 0.0295142 0.0350213 0.0341381
0 0.839169 0.633162 0.0370344 0.037166
0 0.266405 0.155751 0.0326543 0.0324341
0 0.725081 0.458571 0.0308332 0.0307338
0 0.223569 0.713898 0.036819 0.0374108
0 0.0851724 0.340082 0.0321281 0.0310237
0 0.934358 0.226578 0.0676834 0.067526
0 0.412477 0.584086 0.0325409 0.0316095
0 0.199817 0.8076 0.0333591 0.033443
0 0.0861394 0.413073 0.0347762 0.0344182
0 0.278546 0.190749 0.0347565 0.034069
0 0.200788 0.748674 0.0303233 0.029859
0 0.660522 0.461854 0.0512747 0.0499385
0 0.67163 0.120474 0.0291846 0.0278549
0 0.839637 0.0436579 0.0361513 0.0349768
0 0.677816 0.238834 0.027227 0.0267954
0 0.268545 0.916704 0.0290634 0.0288631
0 0.44768 0.233928 0.0277589 0.0274383
0 0.789631 0.986129 0.0322754 0.0275722
0 0.133004 0.735984 0.0287565 0.0291603
0 0.334227 0.285657 0.0327385 0.031279
0 0.791854 0.0819046 0.217488 0.163809
0 0.734456 0.0834759 0.029982 0.0298722
0 0.468984 0.201476 0.043747 0.0427726
0 0.956039 0.0698665 0.0326118 0.0323749
0 0.0935144 0.311827 0.0279299 0.0274237
0 0.487648 0.0134495 0.0317514 0.0267472
0 0.888667 0.554209 0.0403229 0.0379947
0 0.885003 0.0394805 0.0295116 0.0278866
0 0.573362 0.434367 0.0256557 0.0254934
0 0.329345 0.102715 0.0274273 0.0259195
0 0.549696 0.555905 0.0268141 0.026209
0 0.768605 0.502759 0.0280979 0.0267608
0 0.295121 0.0566191 0.0587739 0.0564565
0 0.198894 0.203407 0.210343 0.21609
0 0.968149 0.162574 0.0472416 0.0472335
0 0.729686 0.271224 0.0268967 0.0268257
0 0.42592 0.425632 0.0480232 0.0470684
0 0.761916 0.601886 0.0268366 0.025614
0 0.959713 0.913205 0.0369823 0.0352188
0 0.382444 0.727503 0.0505081 0.048502
0 0.708306 0.427385 0.0388649 0.0379841
0 0.190123 0.33157 0.0262907 0.0263351
0 0.0182576 0.340761 0.025254 0.0244823
0 0.649226 0.577817 0.0254824 0.024592
0 0.152065 0.735619 0.0326479 0.0326815
0 0.807727 0.0445305 0.0280128 0.027383
0 0.725174 0.972009 0.0255868 0.0246431
0 0.665694 0.990173 0.0378624 0.0196548
0 0.154068 0.196132 0.0311919 0.0308917
0 0.349548 0.53847 0.0256513 0.0259541
0 0.207299 0.38789 0.0382393 0.0376511
0 0.926624 0.65903 0.146199 0.298826
