0 0.921292 0.748403 0.0634371 0.0632685
0 0.493656 0.625608 0.0427515 0.040489
0 0.865753 0.923699 0.0621552 0.058634
0 0.130492 0.219458 0.0460701 0.0427159
0 0.27928 0.042619 0.039001 0.0383338
0 0.209611 0.0934486 0.0346113 0.0327835
0 0.492125 0.326831 0.033662 0.0308599
0 0.0973039 0.304748 0.0571443 0.0572364
0 0.899044 0.892009 0.0348808 0.034351
0 0.251323 0.274561 0.033338 0.0314719
0 0.782805 0.562654 0.0461445 0.0450209
0 0.411983 0.423962 0.0332931 0.0325419
0 0.67218 0.459183 0.0288139 0.0278614
0 0.198184 0.329695 0.0345436 0.0331086
0 0.143569 0.157424 0.0337801 0.0323582
0 0.679964 0.220709 0.0353991 0.0340652
0 0.14999 0.179158 0.0390079 0.0368711
0 0.152407 0.263118 0.0460602 0.0422869
0 0.167359 0.318453 0.0301772 0.0289294
0 0.397332 0.0871887 0.0283774 0.0272671
