0 0.765647 0.623756 0.0700539 0.0661028
0 0.874658 0.0367694 0.0702782 0.0650052
0 0.887415 0.497753 0.0552286 0.052232
0 0.0301229 0.656772 0.0582364 0.0549027
0 0.0198333 0.878034 0.0383385 0.0348312
0 0.969758 0.542654 0.0303036 0.0271904
0 0.236277 0.939822 0.225282 0.120238
0 0.154892 0.369843 0.0322796 0.0300432
0 0.116211 0.583146 0.0341413 0.0316694
0 0.159172 0.78388 0.0297666 0.0280418
0 0.0582308 0.726276 0.03425 0.0310596
0 0.184013 0.170181 0.0505404 0.0466173
0 0.198853 0.0571436 0.0481137 0.0439616
0 0.181463 0.580071 0.0482311 0.0452929
0 0.066129 0.567443 0.0310483 0.0286022
0 0.0235157 0.58321 0.0278755 0.0264297
0 0.159972 0.121934 0.0484437 0.0467478
0 0.239606 0.148081 0.0377907 0.0364993
0 0.0573381 0.00880278 0.0385416 0.0176056
0 0.163401 0.212892 0.0766883 0.0706598
0 0.332339 0.0791841 0.0308855 0.0274648
0 0.227779 0.183589 0.0436705 0.0401412
0 0.207917 0.349874 0.0265134 0.0244531
0 0.240932 0.360308 0.302778 0.293878
0 0.0796383 0.677993 0.0297527 0.0257113
0 0.261251 0.0221064 0.119588 0.0441243
0 0.0914744 0.732303 0.0272659 0.0239725
0 0.0211608 0.719012 0.029224 0.0265675
