0 0.860088 0.287663 0.149896 0.135364
0 0.410821 0.931568 0.142285 0.134648
0 0.560582 0.493153 0.383931 0.339312
0 0.0702184 0.0300271 0.0760864 0.0598987
0 0.158887 0.665426 0.0406138 0.037722
0 0.33498 0.225712 0.160996 0.152821
0 0.963857 0.773295 0.0450966 0.0403084
0 0.238655 0.695175 0.0711729 0.0668141
0 0.05946 0.433592 0.0389128 0.0374149
0 0.678758 0.118191 0.0505747 0.0420023
0 0.403601 0.662038 0.144011 0.13477
0 0.518634 0.722169 0.0367302 0.0347334
0 0.112193 0.315473 0.053539 0.0506983
0 0.778858 0.156411 0.0392696 0.0351791
0 0.00705935 0.771219 0.0141187 0.0379868
0 0.73048 0.482643 0.029039 0.0263571
0 0.395539 0.138952 0.0856896 0.0790691
0 0.0269864 0.571634 0.0539009 0.198651
0 0.00565718 0.435599 0.0110915 0.0569103
0 0.208568 0.00813309 0.039286 0.0162662
0 0.0947854 0.474733 0.0350117 0.0324955
0 0.939394 0.564536 0.121213 0.285608
0 0.457924 0.0965958 0.0380325 0.033116
0 0.672221 0.369655 0.0272383 0.025746
0 0.303369 0.29877 0.0548589 0.0540487
0 0.482538 0.126131 0.0374482 0.0336237
0 0.534119 0.0378667 0.372725 0.0753477
