0 0.394907 0.174686 0.179126 0.171762
0 0.43223 0.44219 0.0615265 0.0604459
0 0.74258 0.365073 0.0516269 0.0486139
0 0.119463 0.0432263 0.143525 0.0864525
0 0.684644 0.548898 0.0764078 0.0728903
0 0.0258629 0.110195 0.0514713 0.0716094
0 0.449269 0.909381 0.0443592 0.0423069
0 0.467168 0.66181 0.0402086 0.0385194
0 0.918459 0.542639 0.0506214 0.0465145
0 0.301793 0.561517 0.0364849 0.0357429
0 0.0700839 0.382088 0.0360063 0.0354271
0 0.501975 0.680836 0.0515932 0.050584
0 0.300369 0.977947 0.0404155 0.0403606
0 0.216708 0.616652 0.034349 0.0336764
0 0.852904 0.982221 0.052177 0.0350973
0 0.263376 0.0852286 0.0638389 0.0632542
0 0.578136 0.477323 0.0338345 0.0331307
0 0.661823 0.176105 0.0387098 0.037236
0 0.095902 0.50317 0.049678 0.0489534
0 0.76712 0.524302 0.0374857 0.0346229
0 0.117283 0.108224 0.0352838 0.0332783
0 0.827375 0.591512 0.0652941 0.0606514
0 0.0402198 0.640848 0.053213 0.0521053
0 0.901917 0.641716 0.0345119 0.0326342
0 0.341886 0.871905 0.0326097 0.0316509
0 0.55736 0.851084 0.0530762 0.0523594
0 0.768926 0.891638 0.0348251 0.0347771
0 0.550382 0.12243 0.045223 0.0450372
0 0.705061 0.708688 0.0303257 0.0292891
0 0.701086 0.48432 0.0293871 0.0286709
0 0.678132 0.683638 0.0370849 0.0364544
0 0.195737 0.831056 0.0355241 0.0355137
0 0.679586 0.798961 0.0268337 0.0263195
0 0.414132 0.885177 0.0343122 0.0332535
0 0.833948 0.339398 0.0486454 0.0459542
0 0.770232 0.737974 0.142363 0.133079
0 0.103305 0.417706 0.0266013 0.0262224
0 0.0318858 0.709104 0.0425698 0.0415699
0 0.515525 0.00796161 0.0424967 0.0159232
0 0.736952 0.884415 0.0289592 0.0283779
0 0.391083 0.957495 0.040188 0.0385122
0 0.145376 0.528456 0.0397654 0.038131
0 0.640032 0.765129 0.0300727 0.0285636
0 0.874784 0.759306 0.0289295 0.0267117
0 0.935517 0.455407 0.0782978 0.0739805
0 0.0122611 0.773928 0.0245222 0.0293617
0 0.972179 0.369523 0.0300892 0.0294593
0 0.496655 0.182908 0.0255558 0.025316
0 0.856436 0.0542584 0.0353868 0.0338032
0 0.655192 0.0103576 0.0467079 0.0206769
0 0.1096 0.713766 0.0379877 0.0362915
0 0.603222 0.947178 0.0400074 0.0381813
0 0.983336 0.122922 0.0332588 0.0781615
0 0.650285 0.0828724 0.201629 0.165602
0 0.702553 0.0109885 0.0383186 0.021977
0 0.485865 0.496909 0.0261866 0.0254642
0 0.0106457 0.207158 0.0211805 0.0405315
0 0.509723 0.644909 0.0379758 0.0377146
0 0.672109 0.710532 0.0321268 0.0305025
0 0.163858 0.917127 0.0237011 0.0231598
0 0.19875 0.364803 0.0263886 0.027052
0 0.770547 0.93853 0.0353437 0.0330179
0 0.987374 0.0452093 0.0246058 0.0273696
0 0.991002 0.846969 0.017997 0.0579348
0 0.696922 0.594751 0.0267973 0.0266017
0 0.526904 0.0266216 0.0234915 0.0232926
0 0.562604 0.372875 0.0263378 0.0266242
0 0.305775 0.181005 0.049386 0.0500208
0 0.583783 0.734994 0.023545 0.0241223
0 0.53973 0.751099 0.0292547 0.0284966
0 0.870465 0.819288 0.0609104 0.0586382
0 0.372314 0.595246 0.08085 0.0773162
0 0.931029 0.930484 0.137943 0.137046
