0 0.217834 0.721196 0.255192 0.208608
0 0.54766 0.661449 0.288702 0.23646
0 0.669039 0.439792 0.086009 0.067138
0 0.59171 0.543648 0.22131 0.173562
0 0.57405 0.0873249 0.0868768 0.0658475
0 0.0879551 0.644876 0.0361151 0.0295076
0 0.865508 0.64986 0.101979 0.0792437
0 0.7228 0.0600886 0.0796774 0.0608394
0 0.832391 0.155184 0.045253 0.0332514
0 0.076054 0.257923 0.0762114 0.0596358
0 0.0956542 0.0540909 0.0397852 0.0316225
0 0.342065 0.246726 0.371996 0.274323
0 0.0908501 0.174707 0.171257 0.12596
0 0.312596 0.93903 0.0885863 0.0692047
0 0.262444 0.314771 0.0371067 0.0287745
0 0.92988 0.761455 0.0762928 0.0577835
0 0.931322 0.653183 0.0562054 0.0435642
0 0.0385918 0.462923 0.0769264 0.132218
0 0.22405 0.435421 0.0308373 0.0253875
0 0.202971 0.478626 0.183554 0.147948
0 0.0480092 0.329339 0.0886344 0.0700087
0 0.66443 0.0185853 0.0375 0.0306386
0 0.509798 0.0427109 0.0525564 0.0414593
0 0.306817 0.0893476 0.0713262 0.0537309
0 0.180505 0.873613 0.14484 0.116889
0 0.790113 0.559226 0.0551569 0.0414925
0 0.457667 0.95255 0.0300497 0.0240372
0 0.366128 0.016416 0.035179 0.0296353
0 0.990116 0.550552 0.019768 0.074077
0 0.39591 0.503801 0.0743339 0.0594819
0 0.718487 0.0992565 0.05131 0.0383063
0 0.861528 0.922626 0.0298523 0.024543
0 0.727659 0.468329 0.0317764 0.027722
0 0.167343 0.405365 0.199078 0.160893
0 0.897726 0.807863 0.0354351 0.0291855
0 0.986934 0.344011 0.0256226 0.0226898
0 0.86845 0.417092 0.263101 0.221689
