0 0.963096 0.0993211 0.0562054 0.0495838
0 0.630614 0.262345 0.0798883 0.0731358
0 0.706849 0.383544 0.0358226 0.0331375
0 0.323338 0.943029 0.030762 0.0269842
0 0.972682 0.173955 0.0291479 0.0260572
0 0.78092 0.775901 0.0576274 0.0495487
0 0.303041 0.958872 0.0287228 0.026046
0 0.811945 0.580011 0.0280848 0.0241129
0 0.891441 0.0104907 0.0282322 0.0208165
0 0.943007 0.341894 0.0300192 0.0262753
0 0.905259 0.34548 0.0375435 0.0337753
0 0.94629 0.187537 0.0352436 0.0285053
0 0.84101 0.994795 0.0494343 0.0104097
0 0.763579 0.0420611 0.0870734 0.0768496
0 0.904067 0.600709 0.0338346 0.0294582
