0 0.199063 0.366143 0.0814296 0.0813035
0 0.53756 0.463785 0.055533 0.0545218
0 0.373514 0.644257 0.0352427 0.0351076
0 0.326748 0.824714 0.0386745 0.0370245
0 0.965271 0.705297 0.0317219 0.0306515
0 0.345351 0.382527 0.0706129 0.0682173
0 0.389778 0.179447 0.0348617 0.0342138
0 0.0583974 0.618722 0.0309214 0.0310057
0 0.210532 0.753036 0.0293783 0.0289392
0 0.545359 0.189322 0.0722643 0.0719924
0 0.229599 0.274488 0.0349004 0.0336492
0 0.41293 0.41179 0.0700631 0.0698609
0 0.104031 0.708199 0.0449015 0.0436516
0 0.301511 0.284181 0.0731042 0.0716863
0 0.256477 0.446572 0.0352128 0.0345517
0 0.391255 0.219003 0.0293139 0.0282909
0 0.425913 0.358623 0.0470444 0.0491082
