0 0.918578 0.376648 0.0446236 0.0441955
0 0.583211 0.42183 0.0548048 0.053004
0 0.833136 0.566374 0.03932 0.039823
0 0.164612 0.814957 0.0364407 0.0352983
0 0.549531 0.729652 0.033363 0.0332367
0 0.400616 0.304178 0.0323336 0.0319682
0 0.359939 0.10965 0.0327556 0.0317647
0 0.379359 0.655702 0.029234 0.0286454
0 0.903839 0.514627 0.0341499 0.0330616
0 0.71083 0.363525 0.0348381 0.0340551
0 0.330926 0.805533 0.0283059 0.0276516
0 0.839902 0.966442 0.034285 0.0335323
0 0.818355 0.430378 0.0374266 0.0372374
0 0.330867 0.379128 0.0302541 0.0286541
0 0.809062 0.784496 0.0310328 0.0300978
0 0.236844 0.111606 0.0285275 0.0283879
0 0.738495 0.506678 0.0336162 0.033857
0 0.458676 0.346862 0.0274629 0.0271114
0 0.735781 0.295585 0.0553487 0.054303
0 0.36268 0.141181 0.0275181 0.0262548
0 0.471929 0.123437 0.0424688 0.0430202
0 0.447584 0.139448 0.0360158 0.0360258
0 0.519108 0.771394 0.0263128 0.0262428
0 0.192449 0.47254 0.0269579 0.0261212
0 0.223341 0.134272 0.0263671 0.025327
0 0.463212 0.132819 0.0617521 0.0625108
0 0.267413 0.271648 0.0279735 0.0271497
0 0.916236 0.110785 0.0409317 0.040098
0 0.506352 0.379258 0.0248216 0.0240951
0 0.0143313 0.521547 0.0253005 0.0243738
0 0.449661 0.274482 0.0245636 0.0247482
0 0.809603 0.244187 0.0440332 0.0429185
