0 0.918302 0.414578 0.056171 0.0501507
0 0.120153 0.794832 0.0929612 0.0877708
0 0.627671 0.947104 0.18926 0.105616
0 0.862439 0.165391 0.10469 0.0985767
0 0.0607072 0.96439 0.0388193 0.0354168
0 0.0224088 0.738153 0.0448176 0.0548538
0 0.406013 0.0473296 0.0343905 0.0317945
0 0.238739 0.211919 0.405081 0.352109
0 0.774326 0.335878 0.0434497 0.0393149
0 0.908772 0.235387 0.0386787 0.0334023
0 0.793145 0.0929076 0.0898575 0.0828727
0 0.319491 0.420139 0.485958 0.421933
0 0.173105 0.631301 0.0474526 0.0424151
0 0.958174 0.273501 0.0829109 0.088536
0 0.480647 0.700744 0.0537346 0.0487677
0 0.364424 0.945482 0.194283 0.108123
0 0.697131 0.614815 0.0319065 0.0300594
0 0.271889 0.859047 0.0350154 0.0320339
0 0.444695 0.495679 0.0302076 0.0291856
0 0.192265 0.924011 0.0320318 0.0292076
0 0.985139 0.327801 0.0296623 0.03435
0 0.728932 0.427454 0.0492855 0.0466249
0 0.718666 0.46998 0.0300446 0.0274778
0 0.495529 0.249971 0.0323686 0.0308578
0 0.635067 0.379858 0.0286444 0.026623
0 0.385415 0.740324 0.0309043 0.0290803
0 0.789723 0.778048 0.0340998 0.0314304
0 0.190551 0.137682 0.0307529 0.0283118
0 0.567548 0.0716418 0.0341404 0.0326731
0 0.586795 0.897398 0.0358881 0.0339424
0 0.958615 0.360715 0.0360722 0.0319826
0 0.857159 0.289812 0.0336191 0.0315273
0 0.547871 0.935404 0.0304643 0.0278614
0 0.281027 0.706318 0.201025 0.192674
0 0.699431 0.850739 0.0690504 0.0660427
0 0.881285 0.548054 0.0374939 0.0341429
0 0.781066 0.516824 0.0331296 0.0315697
0 0.61666 0.158452 0.0498788 0.0461864
0 0.239979 0.116952 0.0301995 0.0300025
0 0.985791 0.485767 0.0284187 0.0613718
0 0.944816 0.254436 0.0489746 0.044914
0 0.538199 0.115211 0.0772804 0.0751724
0 0.597128 0.529925 0.0273733 0.0265253
