0 0.953669 0.259166 0.092663 0.0836027
0 0.585824 0.248276 0.121506 0.102178
0 0.042532 0.13818 0.0850639 0.118164
0 0.468628 0.16211 0.080777 0.0645662
0 0.0784701 0.742433 0.15694 0.142524
0 0.32424 0.0157341 0.0448935 0.0314682
0 0.103862 0.338676 0.207553 0.284001
0 0.799092 0.39005 0.045674 0.0377225
0 0.376556 0.615567 0.0341378 0.0287638
0 0.19661 0.672204 0.0390133 0.0324643
0 0.0886713 0.881053 0.0626607 0.0526241
0 0.76321 0.769204 0.0533485 0.0419548
0 0.96265 0.506988 0.0447006 0.0355111
0 0.891856 0.312592 0.0506517 0.0382596
0 0.377539 0.284673 0.040289 0.0317412
0 0.275791 0.753049 0.0319486 0.0265692
0 0.767122 0.286619 0.0586383 0.0461277
0 0.468176 0.88082 0.352711 0.238175
0 0.725832 0.0414584 0.0444721 0.036349
0 0.980809 0.382976 0.0379364 0.0448417
0 0.622057 0.124647 0.0743944 0.0547916
0 0.1089 0.984749 0.0530804 0.0304117
0 0.506985 0.232568 0.0549179 0.0438658
0 0.650147 0.0836407 0.0335949 0.026603
0 0.728766 0.857626 0.0471065 0.0378555
0 0.812794 0.522277 0.0378565 0.0281504
0 0.095284 0.685564 0.0487278 0.0401868
0 0.356164 0.978253 0.0788309 0.0429621
0 0.286473 0.865269 0.0791397 0.0647964
0 0.625789 0.00531769 0.0329441 0.0106354
0 0.979617 0.927396 0.0407654 0.0777966
0 0.411099 0.705565 0.0282728 0.024931
0 0.359451 0.762433 0.0380265 0.0313334
0 0.857123 0.115676 0.285754 0.228562
0 0.456234 0.685161 0.0295055 0.0262185
0 0.572759 0.754035 0.0833668 0.0702816
0 0.811736 0.911003 0.275245 0.177994
0 0.931115 0.338826 0.0397387 0.0324893
0 0.659562 0.719945 0.0930441 0.0765711
0 0.275636 0.899002 0.0284749 0.0239048
0 0.760748 0.38452 0.0296475 0.0248165
