0 0.209579 0.958845 0.0606398 0.0586746
0 0.206244 0.899205 0.042137 0.0420208
0 0.851864 0.296447 0.0388325 0.0381902
0 0.88321 0.325762 0.0680197 0.0689231
0 0.82232 0.627405 0.0404442 0.0399117
0 0.37279 0.706365 0.05021 0.0499342
0 0.108894 0.821755 0.052878 0.050975
0 0.588176 0.409906 0.0297604 0.0299636
0 0.618169 0.982103 0.0338932 0.0318686
0 0.621697 0.308295 0.0344639 0.0338981
0 0.673199 0.418094 0.031023 0.0314569
0 0.830492 0.530698 0.0312237 0.0307238
0 0.891244 0.934397 0.0278675 0.0275543
0 0.411055 0.676919 0.0278834 0.0277021
0 0.627688 0.0652147 0.0290829 0.0281746
0 0.576868 0.691133 0.0352049 0.0366653
0 0.367191 0.615179 0.0302102 0.0298058
0 0.393881 0.518496 0.0289812 0.0282381
0 0.510463 0.392449 0.0325346 0.0323662
0 0.0747547 0.732021 0.0480907 0.0490707
0 0.642488 0.415182 0.0317368 0.0316896
0 0.682936 0.341784 0.0646432 0.0614931
0 0.548341 0.446337 0.0303413 0.0273002
0 0.582254 0.448627 0.0353882 0.0348398
0 0.323312 0.787283 0.0297317 0.0290388
0 0.601936 0.328368 0.0276891 0.0264011
0 0.779863 0.235806 0.0266693 0.0261588
0 0.990426 0.0987063 0.0190041 0.0422725
0 0.894216 0.685027 0.0293432 0.0279494
0 0.244434 0.540647 0.0381235 0.0374081
0 0.820204 0.328521 0.050783 0.0491889
0 0.118457 0.146671 0.236054 0.293063
0 0.557507 0.379316 0.0264217 0.0258491
0 0.534132 0.8774 0.0278839 0.0280018
0 0.460723 0.607838 0.0265406 0.0264242
0 0.419605 0.533773 0.0264732 0.0265129
0 0.902962 0.266197 0.0268742 0.0257976
0 0.450258 0.927724 0.0283468 0.0273411
0 0.342814 0.485269 0.0341562 0.0325123
0 0.989881 0.170898 0.0202385 0.0431948
0 0.0974137 0.769479 0.0596306 0.0579403
0 0.819329 0.24489 0.356519 0.402711
0 0.0583186 0.563145 0.0273815 0.0265488
0 0.876264 0.600982 0.026894 0.0257751
0 0.842529 0.0795683 0.115085 0.109996
0 0.488236 0.465663 0.034234 0.0343282
0 0.905384 0.241647 0.0247326 0.0244504
