0 0.0935481 0.269052 0.187096 0.137145
0 0.164997 0.0738076 0.0652802 0.0442943
0 0.544961 0.101868 0.049255 0.0378475
0 0.499617 0.774829 0.0506598 0.0352591
0 0.57068 0.0253294 0.0436423 0.0300882
0 0.109733 0.58446 0.0534365 0.0377383
0 0.848931 0.86648 0.195883 0.138013
0 0.478539 0.50066 0.0430648 0.0313208
0 0.21819 0.435759 0.0612481 0.0442408
0 0.666894 0.643417 0.154185 0.112253
0 0.503587 0.153623 0.0465824 0.0341965
0 0.411211 0.113996 0.0402558 0.0308893
0 0.579782 0.184904 0.278936 0.179539
0 0.551697 0.948409 0.0550603 0.0393253
0 0.686204 0.840061 0.0391031 0.0281839
0 0.745128 0.148122 0.0464766 0.0352291
0 0.488186 0.277575 0.0361229 0.0281055
0 0.530936 0.182247 0.034726 0.0253023
0 0.741965 0.940137 0.0896763 0.0643906
0 0.330171 0.505914 0.033032 0.0249781
0 0.0965011 0.734316 0.18692 0.143466
0 0.465645 0.320554 0.0352124 0.02613
0 0.253395 0.595957 0.0344323 0.0259602
0 0.319722 0.224529 0.0514718 0.0380683
0 0.894299 0.732946 0.0391502 0.0301939
0 0.337513 0.871073 0.0420453 0.0290737
0 0.574398 0.590395 0.118854 0.0883942
0 0.513295 0.828886 0.0406202 0.0288963
0 0.681711 0.141779 0.0368324 0.0275982
0 0.943748 0.237157 0.112504 0.194507
0 0.933016 0.136514 0.133356 0.0998358
0 0.675333 0.936366 0.0429105 0.03386
0 0.360309 0.353202 0.0319598 0.0261766
