0 0.620684 0.628543 0.0497012 0.0375813
0 0.752491 0.708758 0.0531906 0.0397334
0 0.290561 0.365108 0.0582914 0.0433069
0 0.451893 0.94198 0.0531721 0.0385139
0 0.0230072 0.551617 0.0460143 0.0365147
0 0.764242 0.946542 0.0443426 0.0331757
0 0.223689 0.564795 0.05011 0.0364054
0 0.902681 0.146064 0.0363508 0.027415
0 0.783663 0.329419 0.0485859 0.0336088
0 0.708296 0.991659 0.0319996 0.0161495
0 0.794438 0.0444397 0.168451 0.088662
0 0.54097 0.143612 0.0475163 0.0351213
0 0.661553 0.608003 0.0319744 0.0245178
0 0.972509 0.363469 0.0549828 0.0547742
0 0.592784 0.321518 0.19925 0.152136
