0 0.34839 0.813324 0.270306 0.234358
0 0.847857 0.706602 0.0471722 0.0411991
0 0.884384 0.228809 0.0536236 0.045142
0 0.533559 0.331615 0.0434187 0.0377092
0 0.81637 0.75551 0.0459206 0.0386936
0 0.754175 0.812967 0.0428473 0.0359093
0 0.425929 0.111197 0.0573684 0.0441282
0 0.916536 0.784102 0.0373148 0.032436
0 0.175632 0.964523 0.0438133 0.0374382
0 0.780268 0.61433 0.0339895 0.0302938
0 0.0361209 0.772321 0.0292624 0.0268173
0 0.816031 0.847589 0.032189 0.0287117
0 0.291291 0.276838 0.0335247 0.0272602
0 0.783372 0.966452 0.0856056 0.0627766
0 0.895154 0.742252 0.0268387 0.0245842
0 0.00649414 0.920141 0.0129883 0.0311396
0 0.598725 0.712175 0.0313444 0.0280103
0 0.86615 0.756639 0.039336 0.0353458
0 0.366686 0.0108777 0.0710378 0.0216478
0 0.0256705 0.897887 0.0343364 0.0334782
