0 0.527037 0.628096 0.124759 0.112236
0 0.816884 0.229356 0.0558194 0.0458966
0 0.652642 0.397024 0.05294 0.0415747
0 0.966476 0.425498 0.04914 0.0384005
0 0.908327 0.501585 0.0493763 0.0410322
0 0.595207 0.545378 0.0453232 0.0402916
0 0.309774 0.636609 0.0490951 0.0421675
0 0.0711637 0.416397 0.0479685 0.0403522
0 0.463147 0.17839 0.0358811 0.0280245
0 0.731567 0.0467858 0.0523733 0.0386335
0 0.988895 0.164955 0.0222109 0.0308609
0 0.228269 0.98572 0.030414 0.0267603
0 0.753613 0.246435 0.0326621 0.0280419
0 0.761904 0.721443 0.0486665 0.0441546
0 0.734494 0.397227 0.0352003 0.0283275
0 0.608061 0.38619 0.0420004 0.0354725
0 0.907877 0.10062 0.0335365 0.027534
0 0.0213983 0.402618 0.0427967 0.0664885
0 0.919022 0.380393 0.0376995 0.0312811
0 0.0221041 0.645638 0.0416794 0.0347076
0 0.74446 0.125591 0.0390162 0.0299617
0 0.676826 0.311856 0.0376921 0.0321618
0 0.411314 0.482462 0.0298496 0.0271674
0 0.905576 0.69369 0.0289032 0.0247574
0 0.196503 0.635851 0.0552005 0.0462791
0 0.749473 0.821813 0.0486506 0.0431076
0 0.170658 0.515726 0.0348913 0.0299608
0 0.968646 0.738305 0.0325935 0.0291985
0 0.165374 0.600941 0.0479052 0.0411835
0 0.341902 0.42734 0.08386 0.0668917
0 0.53184 0.752043 0.0440139 0.0383823
