0 0.407592 0.0920113 0.0730597 0.0717621
0 0.410663 0.797962 0.0367365 0.036014
0 0.716025 0.752833 0.0411587 0.0405945
0 0.580136 0.770716 0.0315344 0.031307
0 0.0816271 0.377915 0.0322539 0.0320617
0 0.524731 0.307562 0.0290909 0.0290566
0 0.591401 0.521051 0.0337297 0.0334325
0 0.511925 0.19112 0.0416826 0.0391573
0 0.863189 0.65982 0.0369991 0.0361558
0 0.336099 0.537765 0.0348863 0.034095
0 0.229823 0.588917 0.0315356 0.0300444
0 0.837639 0.318951 0.0260822 0.0260212
0 0.733991 0.860612 0.0320292 0.0307549
0 0.38095 0.198761 0.0404301 0.0373556
0 0.520871 0.928117 0.0264593 0.0262356
0 0.145731 0.778297 0.0276052 0.0272681
0 0.26625 0.593492 0.0407858 0.0408613
0 0.43857 0.050312 0.0425167 0.0417602
0 0.95871 0.383098 0.0256981 0.0251072
0 0.343147 0.0098946 0.0390641 0.0197892
0 0.329533 0.33221 0.0311369 0.0296469
0 0.127702 0.205267 0.0330628 0.0320422
