0 0.334077 0.676214 0.0590401 0.0512434
0 0.760571 0.470897 0.0435427 0.0419325
0 0.190214 0.170645 0.0338835 0.0330894
0 0.771751 0.649039 0.047966 0.0464153
0 0.984917 0.705277 0.0301666 0.037233
0 0.366263 0.709368 0.0352747 0.0305347
0 0.304152 0.988585 0.039545 0.0226526
0 0.565995 0.587676 0.0509892 0.0474412
0 0.627162 0.493512 0.0476284 0.0450811
0 0.679041 0.685152 0.0343454 0.0313171
0 0.603512 0.291269 0.0296546 0.0273129
0 0.9494 0.778142 0.0753645 0.0720977
0 0.710587 0.970927 0.0553043 0.0510586
0 0.76792 0.989553 0.040453 0.0208937
0 0.738998 0.63375 0.0288971 0.0283461
0 0.250902 0.202808 0.113558 0.104283
0 0.991105 0.340748 0.0177893 0.0410986
