0 0.901214 0.0838274 0.0810373 0.07672
0 0.477559 0.139445 0.0746851 0.0722628
0 0.0502175 0.174306 0.0725198 0.069792
0 0.356777 0.0199775 0.0542272 0.0399551
0 0.802348 0.338751 0.0378073 0.0355345
0 0.838212 0.0743675 0.0341232 0.0326903
0 0.251438 0.0941756 0.0348737 0.0342896
0 0.301832 0.62675 0.0326777 0.0320505
0 0.356762 0.202596 0.0339159 0.0316889
0 0.299484 0.179992 0.0417869 0.0397222
0 0.405537 0.803641 0.0280771 0.0261501
0 0.965876 0.153076 0.0284853 0.0262386
0 0.936618 0.117115 0.0267916 0.0248824
0 0.517315 0.633059 0.0256065 0.0249908
0 0.504336 0.0129027 0.053924 0.025713
0 0.196106 0.03056 0.0582212 0.0553979
0 0.839739 0.984923 0.042823 0.0301441
0 0.460816 0.0419745 0.0895561 0.0825478
0 0.298262 0.342776 0.0339893 0.0331598
0 0.337571 0.793538 0.0260681 0.0249241
0 0.144135 0.316323 0.0620462 0.0595763
0 0.899395 0.267514 0.0986656 0.0900349
0 0.381489 0.460201 0.0289649 0.0280349
0 0.119486 0.991757 0.0254732 0.0159489
0 0.252743 0.429564 0.0996699 0.093639
0 0.0982644 0.220008 0.068264 0.0642613
0 0.364653 0.108299 0.0355924 0.0345812
0 0.0224217 0.0796874 0.0307587 0.0311327
0 0.149445 0.0291306 0.110959 0.0582203
0 0.0226599 0.210357 0.0451691 0.0470596
