0 0.143487 0.47985 0.169665 0.166914
0 0.292862 0.892238 0.195592 0.180942
0 0.487375 0.946548 0.122306 0.106903
0 0.954025 0.621423 0.0919163 0.107839
0 0.440033 0.0221123 0.0432684 0.0408622
0 0.399952 0.663526 0.0818263 0.0784105
0 0.942927 0.721038 0.0346333 0.0334818
0 0.700921 0.320504 0.0406714 0.0380999
0 0.0580615 0.210517 0.116123 0.194383
0 0.671256 0.10267 0.33173 0.205341
0 0.582887 0.871956 0.0627152 0.0618584
0 0.052546 0.975345 0.0822481 0.0493109
0 0.624847 0.963936 0.0853678 0.0721285
0 0.043886 0.419402 0.0874812 0.0921535
0 0.325006 0.627893 0.100461 0.099964
0 0.494743 0.84459 0.0970621 0.0938883
0 0.120618 0.367029 0.0897285 0.0869682
0 0.98309 0.0567837 0.0338204 0.0361931
0 0.103031 0.806352 0.0332573 0.0319046
0 0.326363 0.531646 0.0341493 0.0335823
0 0.476348 0.61244 0.0250841 0.0247692
0 0.162487 0.802516 0.0410721 0.0380556
0 0.969293 0.6926 0.0249523 0.0255121
0 0.989344 0.748878 0.0213129 0.0458557
0 0.864568 0.562676 0.0920555 0.0893135
