0 0.331991 0.852328 0.075953 0.0754278
0 0.729737 0.947733 0.0448283 0.0440111
0 0.68844 0.706968 0.0426781 0.0405692
0 0.0418877 0.208756 0.0421138 0.0403645
0 0.617058 0.143954 0.0324295 0.0321405
0 0.107896 0.406087 0.0325383 0.0307364
0 0.429019 0.631742 0.103768 0.102703
0 0.385825 0.548222 0.0388117 0.038872
0 0.791271 0.156362 0.0686897 0.0658544
0 0.24501 0.966432 0.0438944 0.0427582
0 0.746221 0.696621 0.0712196 0.0688892
0 0.435673 0.302502 0.0268482 0.026461
0 0.192463 0.971858 0.0531207 0.0498713
0 0.421319 0.974609 0.0881429 0.0504681
