0 0.137321 0.54264 0.14742 0.143239
0 0.0413364 0.633341 0.08264 0.0997879
0 0.106274 0.285683 0.108627 0.108005
0 0.653965 0.0335026 0.0870483 0.0667764
0 0.93795 0.04451 0.0591969 0.0585537
0 0.545044 0.31983 0.115896 0.115268
0 0.261253 0.423486 0.0600132 0.0601993
0 0.606875 0.153167 0.067361 0.0653383
0 0.934765 0.825916 0.0475983 0.0464249
0 0.015057 0.480641 0.029567 0.0328182
0 0.197821 0.107739 0.0400301 0.0395116
0 0.590718 0.90243 0.0331557 0.0324402
0 0.1136 0.986348 0.0341485 0.0273043
0 0.0390618 0.496877 0.0275754 0.0275265
0 0.891358 0.272932 0.0342897 0.0328781
0 0.771901 0.396843 0.0354936 0.0352356
0 0.378332 0.961251 0.0879302 0.0767464
0 0.633232 0.44007 0.0510396 0.0498985
0 0.0257726 0.916475 0.0359859 0.0346304
0 0.78965 0.34336 0.0845642 0.080938
0 0.476087 0.930158 0.0309717 0.0308758
0 0.780412 0.518707 0.236399 0.230679
0 0.376735 0.612904 0.0266941 0.0278018
0 0.533458 0.75863 0.0263714 0.0263613
0 0.105639 0.388291 0.0672871 0.067029
0 0.989312 0.767406 0.0213734 0.0314783
0 0.964801 0.229306 0.0698147 0.0902906
0 0.746902 0.37751 0.0480672 0.0462759
0 0.772099 0.617606 0.02793 0.027832
0 0.179283 0.985889 0.0299745 0.0276991
0 0.098438 0.940765 0.0291482 0.0276676
0 0.739328 0.188398 0.0288268 0.0281904
0 0.62975 0.843438 0.0334841 0.0325027
0 0.583443 0.470242 0.0302742 0.0297651
0 0.863287 0.242876 0.0263287 0.0261501
0 0.246623 0.97955 0.0387891 0.0370485
0 0.00696658 0.231192 0.0139332 0.0287148
0 0.712894 0.707498 0.0375283 0.0375664
0 0.662034 0.990418 0.0255493 0.0183363
0 0.134623 0.129718 0.0333048 0.032949
0 0.218565 0.6683 0.0431523 0.0426393
0 0.948251 0.696285 0.0271639 0.026355
0 0.864244 0.426068 0.0355948 0.0346225
0 0.549431 0.708985 0.0263203 0.026278
0 0.934162 0.677329 0.025322 0.0252304
0 0.11506 0.720059 0.126948 0.130593
0 0.0720459 0.333328 0.0287811 0.027914
0 0.969331 0.649965 0.0274014 0.0263443
0 0.983643 0.628745 0.0286413 0.028191
