0 0.507397 0.567702 0.0944996 0.0732288
0 0.501714 0.828262 0.0509006 0.0396233
0 0.878686 0.48085 0.0960426 0.0745264
0 0.409194 0.815792 0.0517488 0.0391954
0 0.738384 0.97539 0.0622702 0.0482773
0 0.903747 0.623527 0.0411634 0.0294465
0 0.374133 0.67801 0.0358947 0.0276516
0 0.640795 0.920714 0.0335008 0.026104
0 0.0505802 0.102445 0.0359861 0.0285559
0 0.12698 0.162814 0.0369734 0.0273582
0 0.625914 0.850387 0.0331385 0.0274231
0 0.954079 0.604405 0.0435499 0.0317032
0 0.134263 0.956946 0.201913 0.0859512
0 0.142809 0.898374 0.0410559 0.0323227
0 0.0208648 0.875502 0.0414501 0.0408115
0 0.170622 0.889706 0.0500757 0.0402725
0 0.370454 0.9537 0.304711 0.0926002
0 0.910432 0.864843 0.0320076 0.0249891
0 0.441344 0.591511 0.0297181 0.0228415
0 0.992651 0.432108 0.0146976 0.0554659
0 0.259149 0.789307 0.0480591 0.0357697
0 0.135039 0.506586 0.0803529 0.0614176
0 0.131729 0.533838 0.0585601 0.0438452
0 0.765713 0.522452 0.0530476 0.0428503
0 0.300738 0.528535 0.0316876 0.0245529
0 0.41252 0.88612 0.0268625 0.0218121
0 0.496372 0.88645 0.0290997 0.0229839
0 0.457543 0.34615 0.179841 0.147908
0 0.116111 0.495965 0.0379174 0.028657
0 0.0208603 0.418824 0.0260762 0.0240486
0 0.356845 0.378543 0.036722 0.0263783
