0 0.187756 0.874227 0.0803923 0.0681549
0 0.122628 0.117737 0.0380541 0.0311495
0 0.624793 0.0345982 0.0339087 0.0285797
0 0.347902 0.186336 0.0383135 0.0312654
0 0.532794 0.599067 0.0438251 0.0381231
0 0.485701 0.710295 0.0336457 0.0312094
0 0.55218 0.764259 0.035512 0.033021
0 0.90457 0.957164 0.0381123 0.0338867
0 0.473948 0.2741 0.0354936 0.0291626
0 0.117006 0.284192 0.0341684 0.0286829
0 0.452492 0.770523 0.029275 0.0263287
0 0.787802 0.836746 0.0324224 0.0302143
0 0.961193 0.82636 0.032637 0.0295265
0 0.285344 0.17387 0.0432582 0.0350564
0 0.463475 0.689469 0.0286854 0.0253506
0 0.437201 0.705963 0.0361373 0.0321899
0 0.219194 0.56603 0.0287859 0.025898
0 0.203416 0.187524 0.0401854 0.0332967
0 0.331324 0.696097 0.029819 0.0275856
0 0.683837 0.912913 0.0284588 0.0249126
0 0.258278 0.205807 0.0357778 0.0282205
0 0.915451 0.974915 0.0383015 0.0359398
0 0.421268 0.415567 0.0317753 0.0253118
