0 0.493222 0.474614 0.091811 0.0906845
0 0.852268 0.222074 0.176084 0.169175
0 0.135039 0.299575 0.0550346 0.0536488
0 0.19305 0.460503 0.043064 0.0412108
0 0.532154 0.530997 0.0370822 0.0364626
0 0.410837 0.746334 0.0452181 0.0421721
0 0.405932 0.212903 0.0386063 0.0374481
0 0.23775 0.429395 0.0289697 0.0277416
0 0.0993802 0.652779 0.0615303 0.0584541
0 0.0641612 0.368925 0.0273088 0.0269176
0 0.815739 0.849506 0.0343136 0.0330128
0 0.806291 0.915761 0.0372059 0.0365414
0 0.169868 0.126677 0.026353 0.0258189
0 0.040681 0.199087 0.0277315 0.0268873
0 0.914083 0.344552 0.145716 0.143714
0 0.971925 0.982053 0.0539734 0.035787
0 0.0235234 0.452864 0.0287967 0.0283194
0 0.708454 0.0966249 0.222835 0.19325
0 0.625506 0.024284 0.0649515 0.048568
0 0.814275 0.80017 0.035648 0.0348829
0 0.0231194 0.385588 0.0283004 0.0275567
0 0.988504 0.67839 0.0229927 0.0286188
0 0.2226 0.950962 0.0633157 0.060181
0 0.106474 0.870581 0.212838 0.252317
0 0.79113 0.312002 0.127735 0.128966
0 0.275271 0.902184 0.057583 0.0553465
0 0.939297 0.866359 0.0624733 0.0618027
0 0.151115 0.709385 0.0291064 0.0271892
0 0.354297 0.876911 0.0834278 0.0794102
0 0.940007 0.905133 0.0691673 0.0650383
