0 0.786152 0.614859 0.166236 0.12042
0 0.939289 0.425826 0.0884924 0.0710025
0 0.38472 0.367752 0.1151 0.0919807
0 0.586129 0.189227 0.0567293 0.0451493
0 0.456577 0.421042 0.103113 0.0805201
0 0.933438 0.300463 0.0439613 0.032871
0 0.192213 0.455198 0.134491 0.104389
0 0.554598 0.458751 0.046715 0.0369139
0 0.856663 0.186592 0.045739 0.0345236
0 0.207776 0.405465 0.0435433 0.0339211
0 0.238302 0.691176 0.0815006 0.0666981
0 0.883435 0.906024 0.0608749 0.0458454
0 0.913716 0.952966 0.0466637 0.0331741
0 0.620666 0.961154 0.063872 0.0491844
0 0.892587 0.815056 0.0817438 0.0611251
0 0.903491 0.711026 0.0323774 0.0244259
0 0.501298 0.760456 0.048422 0.0350184
0 0.327537 0.867296 0.0475142 0.0336761
0 0.843459 0.929505 0.0415609 0.0337725
0 0.129755 0.971315 0.0822454 0.0567848
0 0.658983 0.628981 0.0352541 0.025506
0 0.878387 0.777597 0.034042 0.0245543
0 0.559814 0.615483 0.129619 0.0911778
0 0.325115 0.629142 0.0603347 0.0466418
0 0.281189 0.738 0.0427005 0.0307837
0 0.904475 0.35491 0.036347 0.0283348
0 0.20304 0.533425 0.0555627 0.0433939
0 0.818719 0.22434 0.0331215 0.0261234
0 0.443136 0.0760518 0.0366128 0.0270419
0 0.313028 0.8064 0.0559982 0.0411022
0 0.930356 0.10387 0.0355141 0.0266146
0 0.813824 0.863072 0.0635124 0.0436298
0 0.715887 0.978988 0.034487 0.0305559
0 0.443671 0.174582 0.0337011 0.0272804
0 0.897151 0.388999 0.0392033 0.0284297
0 0.324904 0.952507 0.0605413 0.0482338
0 0.679905 0.232528 0.0325448 0.0249786
0 0.905616 0.326353 0.0321039 0.0243182
0 0.497928 0.730672 0.0426693 0.0322083
0 0.467615 0.562988 0.0697102 0.054419
0 0.841928 0.236553 0.0342827 0.0263877
0 0.0781493 0.993703 0.0475784 0.012595
0 0.472686 0.127123 0.030195 0.0232674
0 0.955866 0.0940492 0.0337004 0.0274313
0 0.651826 0.36423 0.034148 0.0271796
0 0.455505 0.830835 0.0791324 0.0594896
0 0.228286 0.134097 0.0321907 0.0257934
0 0.987101 0.0859725 0.0257984 0.0372057
0 0.163326 0.735807 0.0547895 0.0423294
0 0.993101 0.232825 0.0137047 0.0273885
0 0.985506 0.336031 0.025486 0.0215707
0 0.355664 0.708603 0.158126 0.119849
