0 0.138065 0.139836 0.219757 0.21694
0 0.837878 0.77321 0.0860317 0.0836554
0 0.153731 0.610941 0.221511 0.210944
0 0.51937 0.274538 0.0714924 0.068414
0 0.579723 0.251622 0.053824 0.0508204
0 0.720656 0.894217 0.0794987 0.0768107
0 0.382626 0.706889 0.121133 0.115438
0 0.524678 0.828072 0.0750753 0.0703667
0 0.60758 0.682255 0.0452529 0.0441159
0 0.636785 0.630197 0.0415767 0.0399561
0 0.0831885 0.841953 0.0776628 0.0731085
0 0.61436 0.973921 0.0511187 0.0486744
0 0.734197 0.183472 0.0594416 0.0587909
0 0.32382 0.939339 0.186245 0.120201
0 0.270776 0.648391 0.0959579 0.0927393
0 0.509737 0.984279 0.0422547 0.0314417
0 0.366241 0.644202 0.100928 0.0967321
0 0.0248925 0.444751 0.0489561 0.0668925
0 0.330518 0.787727 0.066415 0.0633028
0 0.252678 0.797771 0.0317119 0.0298241
0 0.580171 0.894849 0.084144 0.0815649
0 0.787708 0.0800379 0.045292 0.0423214
0 0.444568 0.231998 0.0527201 0.0486282
0 0.36761 0.0433469 0.0296328 0.0273209
0 0.556042 0.350085 0.0359308 0.0341815
0 0.762345 0.812108 0.0332435 0.0327505
0 0.915545 0.138735 0.0285854 0.0273914
0 0.47279 0.173934 0.0610296 0.0605853
0 0.895266 0.992217 0.036256 0.0155659
0 0.32561 0.165316 0.0564165 0.0547807
0 0.837414 0.207329 0.0285202 0.0292388
0 0.766492 0.164691 0.037401 0.0368398
0 0.501568 0.871203 0.0726109 0.068367
0 0.762475 0.371827 0.0406841 0.0386453
0 0.991793 0.16458 0.0164145 0.0373858
0 0.0398475 0.691954 0.0794961 0.0931607
0 0.443771 0.833303 0.0763124 0.0742729
0 0.300423 0.589528 0.0593478 0.0544341
0 0.338272 0.14686 0.0338596 0.0325137
0 0.275584 0.145521 0.062554 0.0607318
0 0.632166 0.474878 0.263573 0.262303
0 0.856001 0.518959 0.195409 0.183881
0 0.427341 0.456985 0.0273142 0.0273893
0 0.706558 0.349866 0.0291056 0.0282401
0 0.096859 0.465178 0.0391237 0.0360498
0 0.736544 0.632541 0.0430858 0.0400861
0 0.687815 0.43238 0.0310287 0.0292768
0 0.625774 0.336967 0.0265318 0.0258356
0 0.0233288 0.813856 0.0462845 0.0722759
0 0.146328 0.507723 0.0481375 0.040191
0 0.978345 0.100608 0.0433104 0.0493609
0 0.914068 0.649215 0.0795847 0.0718126
0 0.677011 0.57497 0.049419 0.0463219
0 0.565554 0.943391 0.082344 0.079073
