0 0.724037 0.488781 0.0521934 0.0411517
0 0.130525 0.385362 0.0409923 0.0327648
0 0.931358 0.864096 0.0492937 0.0407242
0 0.251289 0.0755439 0.0467899 0.0384216
0 0.634575 0.0548459 0.0461238 0.0383247
0 0.0505291 0.37176 0.0380428 0.0301052
0 0.806036 0.432691 0.0338017 0.0293171
0 0.88269 0.835582 0.0606659 0.0514816
0 0.368865 0.191745 0.0422625 0.0364563
0 0.20921 0.969502 0.0557188 0.0453156
0 0.0407391 0.508269 0.0588601 0.0519848
0 0.820295 0.40282 0.0368755 0.0307576
0 0.46955 0.417739 0.0542997 0.0454162
0 0.418343 0.336628 0.0492468 0.0424903
0 0.962709 0.904837 0.0499994 0.0401249
0 0.230849 0.53028 0.043057 0.0383211
0 0.154214 0.0527266 0.0323568 0.0272504
0 0.38879 0.64735 0.107779 0.0941542
0 0.0264998 0.213068 0.0306044 0.0272001
0 0.283754 0.468411 0.045934 0.0416277
0 0.608764 0.986405 0.0417962 0.0261953
0 0.516663 0.243931 0.0465604 0.0398742
0 0.646353 0.869325 0.380867 0.26065
0 0.278356 0.636884 0.0376614 0.0321142
0 0.975081 0.562979 0.039768 0.0336041
0 0.105604 0.986039 0.0691767 0.0278385
0 0.489843 0.775606 0.0401694 0.0339054
0 0.175026 0.537831 0.0582825 0.050213
0 0.244341 0.851163 0.0321195 0.0281078
0 0.428503 0.543506 0.0879007 0.0757726
0 0.313835 0.832619 0.033705 0.0283985
0 0.429485 0.90771 0.0548284 0.0477718
0 0.290253 0.155984 0.0320212 0.0271335
0 0.146915 0.683096 0.0283725 0.0265596
0 0.0254063 0.536442 0.044265 0.0405367
0 0.0240122 0.724134 0.0336373 0.0288488
0 0.695029 0.597996 0.0322662 0.02679
0 0.3876 0.71556 0.130682 0.109808
0 0.045584 0.768885 0.0911681 0.0983
0 0.616063 0.709886 0.0355148 0.0295097
0 0.649943 0.548571 0.0614899 0.0512505
0 0.107445 0.681905 0.0374638 0.0323168
0 0.498662 0.027405 0.0475752 0.0417554
