0 0.185174 0.213769 0.103532 0.0827013
0 0.937269 0.890275 0.116504 0.0968395
0 0.772012 0.306972 0.0501963 0.0397928
0 0.409799 0.27587 0.0797562 0.0619383
0 0.391337 0.356748 0.0497237 0.0394017
0 0.543665 0.389697 0.054793 0.0411868
0 0.585783 0.371596 0.0411213 0.0307506
0 0.22788 0.11108 0.0511222 0.0419977
0 0.0262231 0.271953 0.0400338 0.0323704
0 0.75462 0.0792131 0.0415156 0.0321612
0 0.542389 0.752153 0.0497234 0.0388237
0 0.114473 0.731831 0.0370948 0.0275759
0 0.561318 0.47443 0.0327339 0.0262418
0 0.522814 0.620438 0.0426764 0.0340933
0 0.635649 0.0064329 0.042016 0.0128658
0 0.652564 0.30616 0.030918 0.0259414
