0 0.528126 0.375316 0.0497272 0.046546
0 0.0620534 0.125965 0.0345252 0.0319659
0 0.332762 0.976668 0.0558878 0.0466648
0 0.360507 0.623736 0.0361049 0.0352629
0 0.48914 0.346472 0.0478115 0.045495
0 0.386609 0.891231 0.0476536 0.0432323
0 0.437523 0.893878 0.027492 0.0270756
0 0.674247 0.0542679 0.0307178 0.030023
0 0.560177 0.336074 0.0388605 0.0366551
0 0.483379 0.314441 0.0441646 0.0424408
0 0.744697 0.00967101 0.0369534 0.0193106
0 0.411647 0.311878 0.0392476 0.0377531
0 0.574696 0.133898 0.0271865 0.0286099
0 0.562154 0.498457 0.0305414 0.0289024
0 0.708827 0.0113085 0.0370319 0.0223396
0 0.431884 0.350772 0.0312445 0.0341416
0 0.258627 0.513992 0.0316825 0.0300051
