0 0.643668 0.515204 0.0863501 0.0666434
0 0.136159 0.130953 0.114962 0.0972242
0 0.97057 0.182894 0.0558784 0.0439693
0 0.132968 0.579554 0.0488867 0.0413559
0 0.760551 0.445648 0.0514591 0.0388109
0 0.967729 0.436019 0.0433373 0.0336738
0 0.175254 0.279634 0.0807365 0.070366
0 0.477453 0.0925466 0.0431232 0.0339127
0 0.278169 0.284152 0.0374546 0.0304706
0 0.694547 0.212605 0.0439731 0.0357533
0 0.368308 0.700287 0.0753869 0.0622677
0 0.565393 0.839023 0.0338842 0.0273788
0 0.491848 0.534259 0.06847 0.0540464
0 0.155811 0.555658 0.054614 0.044542
0 0.625319 0.715866 0.0320597 0.0259596
0 0.801204 0.269225 0.0329197 0.0272837
0 0.668127 0.898171 0.0340796 0.0283932
0 0.395222 0.273246 0.127788 0.106131
0 0.491439 0.0482784 0.0354402 0.0289757
0 0.803404 0.968019 0.0504292 0.0462704
0 0.234289 0.0631398 0.110804 0.0906484
0 0.367859 0.190585 0.0909297 0.0752413
0 0.678303 0.0658266 0.0339054 0.0273296
0 0.58005 0.619657 0.0333145 0.0258377
0 0.97641 0.708903 0.0463394 0.0493986
0 0.532647 0.0739426 0.0724861 0.0539527
0 0.864407 0.626781 0.0371799 0.028787
0 0.231073 0.113797 0.0481681 0.0388275
0 0.235186 0.720577 0.0564066 0.0501598
0 0.0524383 0.437754 0.0297194 0.0253561
0 0.0296182 0.763014 0.0570357 0.0496936
0 0.184894 0.614198 0.0954321 0.0807684
0 0.530785 0.471635 0.034457 0.0278149
0 0.566613 0.0110384 0.0388255 0.0217536
0 0.30651 0.181646 0.032233 0.0277134
0 0.36733 0.327329 0.118443 0.0992881
0 0.141149 0.986009 0.0301684 0.0246143
0 0.314476 0.411241 0.0758414 0.0607306
0 0.23514 0.564315 0.0316616 0.0249371
0 0.588712 0.55156 0.0694634 0.0566177
0 0.509186 0.889979 0.0444374 0.0354389
0 0.69186 0.479445 0.0347294 0.0254854
0 0.718117 0.236523 0.0307491 0.0233623
0 0.602244 0.149658 0.0731607 0.0609064
0 0.799806 0.441957 0.0329693 0.0262294
0 0.963005 0.708342 0.0304377 0.0256392
