0 0.45558 0.665195 0.141841 0.136095
0 0.302516 0.559873 0.0939615 0.0918716
0 0.664615 0.423536 0.0919394 0.0909889
0 0.0702691 0.173115 0.047266 0.0461087
0 0.68271 0.290764 0.0646846 0.0629159
0 0.927903 0.911994 0.0601067 0.0567371
0 0.691993 0.350226 0.0811535 0.0795792
0 0.120379 0.142555 0.037627 0.0372022
0 0.815419 0.153313 0.0662397 0.0633732
0 0.750577 0.363903 0.0362011 0.0363923
0 0.500637 0.952737 0.0713455 0.0699513
0 0.795901 0.942205 0.0465513 0.0453457
0 0.792626 0.60088 0.110044 0.107624
0 0.901591 0.986091 0.036301 0.0278183
0 0.268855 0.600369 0.0332323 0.0327398
0 0.354957 0.365432 0.0431499 0.0426111
0 0.0924874 0.987055 0.0367877 0.0257053
0 0.745213 0.856339 0.259858 0.263654
0 0.315476 0.979859 0.0443793 0.0402811
0 0.87878 0.171422 0.0419575 0.0408051
0 0.256933 0.676977 0.072293 0.0718469
0 0.0115825 0.430574 0.023165 0.0297625
0 0.0871132 0.380838 0.0269641 0.0271347
0 0.983637 0.385681 0.0294395 0.0285159
0 0.572639 0.423131 0.0288412 0.0275776
0 0.636831 0.93413 0.0337686 0.0326304
0 0.993245 0.359529 0.0135104 0.0461749
0 0.717175 0.174915 0.0292678 0.0274743
0 0.257328 0.622647 0.0330542 0.0321628
0 0.889626 0.508101 0.0533306 0.0492702
0 0.350965 0.735222 0.0266198 0.0262177
0 0.324669 0.384894 0.0281946 0.0286677
0 0.908198 0.596784 0.0509346 0.0499598
0 0.719828 0.404894 0.0289032 0.0289956
0 0.284646 0.31401 0.0276471 0.0263861
0 0.103791 0.539459 0.059307 0.0618066
0 0.457197 0.766164 0.321475 0.317933
0 0.27104 0.45318 0.0279437 0.0262585
0 0.559139 0.341014 0.0249028 0.0254128
0 0.712455 0.551138 0.0534285 0.0517942
0 0.777854 0.544311 0.0813693 0.0819282
0 0.637283 0.482664 0.0730007 0.0718943
0 0.841546 0.80867 0.0627827 0.0616559
0 0.259263 0.535644 0.034657 0.0348882
0 0.649093 0.666793 0.0420488 0.039352
0 0.304958 0.218805 0.0675221 0.0659568
0 0.827967 0.36519 0.0256075 0.0253274
0 0.0505457 0.960909 0.0532132 0.0537758
0 0.0690466 0.453311 0.0243539 0.0243387
0 0.454773 0.469956 0.0243623 0.0240293
0 0.396805 0.498127 0.0233534 0.0224388
0 0.296007 0.379919 0.0266147 0.0276233
0 0.0739164 0.351123 0.0260731 0.0259138
