0 0.946246 0.463485 0.0780628 0.0602371
0 0.82865 0.354816 0.0572617 0.0452242
0 0.0347295 0.850083 0.0545455 0.0457483
0 0.446877 0.929605 0.080213 0.0644262
0 0.95607 0.385191 0.0429785 0.0348324
0 0.0771269 0.297383 0.060047 0.0490082
0 0.364945 0.217047 0.0497344 0.0375165
0 0.190377 0.682558 0.0399492 0.0327481
0 0.794292 0.906162 0.0752434 0.0589943
0 0.931403 0.643714 0.137079 0.214047
0 0.164555 0.862285 0.0351097 0.0292263
0 0.905105 0.339507 0.0352844 0.029512
0 0.852017 0.185954 0.295965 0.275249
0 0.817335 0.391352 0.0460419 0.0355422
0 0.326247 0.952781 0.0572545 0.0503811
0 0.63664 0.668608 0.0427408 0.034584
0 0.856671 0.13569 0.0386948 0.0312465
0 0.53168 0.48469 0.0323926 0.0270948
0 0.893942 0.140489 0.0331852 0.0283298
0 0.453033 0.788541 0.0387285 0.0331111
0 0.28032 0.794803 0.0317443 0.0268154
0 0.136694 0.836334 0.0449757 0.0363987
0 0.0693782 0.929473 0.0842846 0.071706
0 0.431967 0.0737702 0.102902 0.085584
0 0.71534 0.392553 0.1251 0.0984651
0 0.739992 0.49182 0.0367571 0.0314945
0 0.0485187 0.139988 0.0963213 0.126459
0 0.202879 0.991781 0.0280215 0.0164389
