0 0.533906 0.817514 0.120127 0.116248
0 0.293488 0.292129 0.0487303 0.0476277
0 0.52861 0.458011 0.0626703 0.0603922
0 0.801009 0.594104 0.0718838 0.0688402
0 0.680843 0.656545 0.0547661 0.0520885
0 0.0566529 0.642286 0.0536657 0.0506323
0 0.57399 0.204465 0.497149 0.40893
0 0.492428 0.714554 0.131278 0.118888
0 0.69374 0.830929 0.0406431 0.038936
0 0.842223 0.852994 0.241311 0.236936
0 0.626581 0.987688 0.0326809 0.0245955
0 0.701431 0.796729 0.0554182 0.0512196
0 0.717835 0.739169 0.0421331 0.0391086
0 0.114148 0.922346 0.0362132 0.0343147
0 0.369262 0.412145 0.0391273 0.0376552
0 0.92034 0.512981 0.0325588 0.0305054
0 0.351681 0.333441 0.031792 0.0309898
0 0.57258 0.437196 0.0552858 0.0543776
0 0.0498366 0.570435 0.0372955 0.0359745
0 0.814355 0.727299 0.0355057 0.033429
0 0.166495 0.716031 0.0546061 0.050623
0 0.820341 0.630792 0.0527149 0.053214
0 0.735682 0.579319 0.0308772 0.0307527
0 0.525977 0.217769 0.0421235 0.0408715
0 0.548549 0.963551 0.108005 0.0727026
0 0.201119 0.680746 0.0522036 0.0469443
0 0.193013 0.74448 0.0286905 0.0280674
0 0.223828 0.790288 0.0294982 0.0288556
0 0.0068015 0.804854 0.013603 0.0386656
0 0.227498 0.564287 0.0415893 0.0392763
0 0.98603 0.0440715 0.0279394 0.0408506
0 0.114854 0.663258 0.0406593 0.0400629
0 0.28949 0.412701 0.02884 0.028616
0 0.954183 0.986114 0.0275379 0.025705
0 0.752031 0.965066 0.0381426 0.0349598
0 0.580912 0.618197 0.0283339 0.027189
0 0.862736 0.162957 0.0519865 0.0503922
0 0.870223 0.97828 0.08862 0.0431137
0 0.377421 0.746663 0.0442203 0.0422905
0 0.0917457 0.593109 0.0341971 0.034757
0 0.623386 0.802632 0.0283783 0.0264402
0 0.919644 0.725622 0.0330975 0.0318515
0 0.976487 0.896081 0.0470253 0.0580223
0 0.0264303 0.539081 0.0396717 0.0346216
0 0.352689 0.907055 0.256749 0.185699
0 0.823556 0.51669 0.0271256 0.026313
0 0.652003 0.58772 0.0326393 0.0318619
0 0.252757 0.622381 0.0284687 0.0266588
