0 0.896165 0.244361 0.204874 0.178152
0 0.147884 0.206105 0.0379587 0.0316998
0 0.7571 0.129877 0.0373276 0.0301946
0 0.931136 0.910975 0.0927505 0.0790443
0 0.0579328 0.0342919 0.0339794 0.0277601
0 0.296872 0.836493 0.0416781 0.0345411
0 0.986701 0.632422 0.026598 0.0702293
0 0.649444 0.884194 0.0403951 0.0321247
0 0.935826 0.46895 0.0523668 0.0427896
0 0.267741 0.707086 0.0698444 0.0608074
0 0.407773 0.719041 0.0389097 0.0312355
0 0.441108 0.855125 0.0413795 0.0356209
0 0.255489 0.851309 0.0484371 0.0391762
0 0.210328 0.301542 0.0298908 0.0257477
0 0.17982 0.978408 0.0679145 0.0431846
0 0.98366 0.5621 0.0322632 0.0555444
0 0.613124 0.780347 0.0662548 0.0554605
0 0.238722 0.0669983 0.0317879 0.0288161
0 0.0741201 0.348123 0.0405852 0.0333288
