0 0.201492 0.522851 0.231818 0.232019
0 0.624734 0.928847 0.077499 0.0742252
0 0.511896 0.691796 0.0912374 0.0880493
0 0.876132 0.214176 0.0706081 0.0695865
0 0.388676 0.239389 0.0369623 0.0361353
0 0.175161 0.101456 0.035904 0.0358197
0 0.282409 0.982707 0.0433364 0.0345851
0 0.864779 0.465528 0.0327274 0.0314173
0 0.732478 0.487127 0.0331921 0.0317926
0 0.118232 0.983227 0.0450893 0.0335463
0 0.749883 0.878234 0.0320778 0.0322124
0 0.599137 0.318554 0.0413064 0.039786
0 0.452432 0.121035 0.0350195 0.0338895
0 0.0642942 0.914541 0.0334818 0.0318171
0 0.915636 0.308278 0.0336262 0.0329773
0 0.923702 0.98669 0.0568127 0.0266209
0 0.235895 0.986836 0.033133 0.0260075
0 0.817894 0.985702 0.0866878 0.0285952
0 0.338681 0.228577 0.0313472 0.0305206
0 0.36989 0.976465 0.0417491 0.0400242
0 0.750228 0.904956 0.0285133 0.0285751
0 0.635271 0.0837232 0.378135 0.167446
0 0.973489 0.0205099 0.0262539 0.0254643
0 0.399103 0.311686 0.0333234 0.0319315
0 0.490776 0.511689 0.0290872 0.028591
0 0.173447 0.188469 0.346894 0.376938
0 0.445402 0.230368 0.0264671 0.0249008
0 0.625839 0.303976 0.0233171 0.022524
0 0.798001 0.0842949 0.0269464 0.0265048
0 0.876346 0.00767637 0.032888 0.015329
0 0.685471 0.355446 0.0283292 0.0268269
0 0.226856 0.358188 0.025258 0.0249829
0 0.291508 0.937576 0.0676948 0.0635464
0 0.895409 0.632194 0.201289 0.184534
0 0.880567 0.102445 0.0252079 0.0238634
0 0.446836 0.284108 0.0272741 0.0255076
0 0.636557 0.374821 0.0252924 0.0242288
0 0.738469 0.927213 0.0269157 0.0258564
