0 0.0317474 0.256061 0.0522886 0.0521652
0 0.454474 0.656326 0.0493898 0.0474583
0 0.947266 0.568514 0.0335518 0.0322229
0 0.415058 0.836263 0.0487455 0.0467117
0 0.50718 0.872158 0.0347001 0.0335009
0 0.0595751 0.796798 0.0324652 0.0327301
0 0.789657 0.0615659 0.0496779 0.0452404
0 0.398305 0.870067 0.0332376 0.032523
0 0.202137 0.593661 0.0307201 0.0290762
0 0.354907 0.915462 0.0346258 0.0330555
0 0.313919 0.438739 0.0365171 0.0356138
0 0.817446 0.301679 0.0350571 0.0325298
0 0.842472 0.663231 0.0305574 0.0290941
0 0.888168 0.387669 0.0437624 0.040852
0 0.0479201 0.670246 0.0323077 0.0315235
0 0.65644 0.553516 0.0330082 0.0307426
0 0.751224 0.189261 0.0530561 0.0501901
0 0.990464 0.385276 0.0190722 0.0267232
0 0.485038 0.783446 0.028834 0.027463
0 0.285629 0.669901 0.0264871 0.0262286
0 0.595829 0.587429 0.0376561 0.0354267
0 0.67413 0.705316 0.0395944 0.0389395
0 0.650198 0.705054 0.0474396 0.0460981
0 0.702852 0.577975 0.0378185 0.036548
