0 0.298036 0.397616 0.160163 0.147603
0 0.798834 0.939534 0.0443741 0.0400743
0 0.189382 0.861445 0.0489077 0.0419638
0 0.197868 0.748776 0.0606666 0.0519798
0 0.959648 0.308085 0.0358715 0.0328043
0 0.170357 0.713053 0.0376259 0.0335374
0 0.847076 0.232304 0.0635124 0.0594249
0 0.152992 0.768983 0.0520128 0.0448631
0 0.787487 0.255547 0.0394929 0.0360356
0 0.385507 0.478745 0.0463202 0.0423531
0 0.431693 0.493225 0.0509642 0.0459143
0 0.228528 0.637853 0.0622103 0.0531283
0 0.0488864 0.641772 0.0697692 0.0659249
0 0.145248 0.805669 0.0610543 0.0526712
0 0.816508 0.0180714 0.0621117 0.0361427
0 0.488095 0.705329 0.0560751 0.0459706
0 0.825662 0.361263 0.034593 0.0310733
0 0.239632 0.325412 0.0438844 0.0389406
0 0.0795565 0.576688 0.0338888 0.0288404
0 0.876795 0.0993682 0.0549995 0.0489772
0 0.0807589 0.6781 0.0347077 0.0280727
0 0.314393 0.244181 0.0327476 0.0296309
0 0.22627 0.806455 0.0387172 0.0332399
0 0.0774788 0.705144 0.0327695 0.0283253
0 0.770599 0.176243 0.0445004 0.0385734
0 0.433838 0.46532 0.0384956 0.0333918
0 0.643367 0.739617 0.030732 0.0283773
0 0.45665 0.723544 0.0331694 0.0296949
0 0.898108 0.984819 0.0591343 0.030163
0 0.169534 0.668078 0.0265393 0.0228451
0 0.128407 0.674428 0.0262666 0.0246786
0 0.298811 0.828615 0.115389 0.101554
0 0.618424 0.343127 0.0324827 0.0300233
