0 0.390212 0.925788 0.0622015 0.0583237
0 0.672273 0.369813 0.0536846 0.049612
0 0.916664 0.76912 0.0411629 0.0381224
0 0.583113 0.347861 0.0383725 0.035637
0 0.460622 0.0850104 0.0381897 0.032618
0 0.270802 0.468728 0.0415512 0.038625
0 0.293444 0.755753 0.0505397 0.0436748
0 0.186812 0.982066 0.0407579 0.0357979
0 0.959421 0.885131 0.0809326 0.148605
0 0.76856 0.0226162 0.061408 0.0452325
0 0.337239 0.494912 0.0421195 0.0390745
0 0.883372 0.085217 0.0590582 0.0523184
0 0.0695777 0.916068 0.0394096 0.0382591
0 0.479861 0.662541 0.0386044 0.0348763
0 0.864276 0.233222 0.0376762 0.0345066
0 0.40823 0.404903 0.0757076 0.0661039
0 0.836182 0.24926 0.0352432 0.033584
0 0.0663679 0.563974 0.0422061 0.0368336
0 0.100378 0.985959 0.0428061 0.0278309
0 0.801988 0.246303 0.033881 0.0321176
0 0.9166 0.938537 0.0461958 0.0432491
0 0.510683 0.766481 0.0508048 0.0471386
0 0.937559 0.668039 0.0343884 0.0321541
0 0.482803 0.712984 0.153918 0.137163
0 0.899933 0.125167 0.0473732 0.0449607
0 0.493841 0.514831 0.0339906 0.03226
0 0.935882 0.582422 0.0364239 0.0354321
