0 0.703432 0.648277 0.287698 0.271493
0 0.140349 0.74017 0.0553155 0.0520683
0 0.566163 0.943085 0.0682226 0.0675659
0 0.261413 0.786844 0.0970115 0.0894849
0 0.311568 0.179834 0.0659965 0.0620927
0 0.294371 0.0687983 0.0433711 0.0410149
0 0.314948 0.452475 0.0561585 0.0524302
0 0.132882 0.0277095 0.0636975 0.055419
0 0.798783 0.081242 0.229812 0.162371
0 0.0596548 0.954376 0.0476652 0.0431854
0 0.0832569 0.526026 0.152185 0.139686
0 0.543152 0.631009 0.0605021 0.0584683
0 0.107265 0.766956 0.0342076 0.0314232
0 0.18163 0.311501 0.0575266 0.0543679
0 0.39935 0.0654378 0.0567984 0.0519729
0 0.0745229 0.428096 0.114315 0.106893
0 0.479275 0.938368 0.0425795 0.0399992
0 0.277271 0.2229 0.0342941 0.0332781
0 0.43468 0.703101 0.0968901 0.0953997
0 0.975943 0.975042 0.0468664 0.0437395
0 0.840212 0.846986 0.0516962 0.0478512
0 0.295731 0.729784 0.0898591 0.0855646
0 0.0834166 0.910782 0.0327423 0.0301527
0 0.380115 0.191121 0.0366998 0.0354137
0 0.147737 0.236402 0.0468378 0.0439276
0 0.596293 0.531869 0.0556246 0.0544141
0 0.0253607 0.306823 0.0365581 0.034381
0 0.863207 0.25011 0.0889351 0.0843179
0 0.252509 0.108969 0.0376682 0.0348065
0 0.981801 0.883213 0.0363285 0.0363831
0 0.822004 0.178652 0.0506374 0.0484231
0 0.533987 0.686924 0.0681639 0.0674248
0 0.647725 0.449423 0.0401714 0.0389441
0 0.470002 0.245252 0.0759287 0.0714449
0 0.0192505 0.466927 0.0385004 0.0469952
0 0.158812 0.112846 0.0290139 0.0282835
0 0.0625313 0.494578 0.0507184 0.0484091
0 0.327656 0.238328 0.0541608 0.0513033
0 0.930844 0.948731 0.0642601 0.0604889
0 0.224749 0.95911 0.0466667 0.0426518
0 0.849744 0.140863 0.0686583 0.0639485
0 0.543207 0.884322 0.052783 0.0478664
0 0.223189 0.980292 0.0636429 0.039416
0 0.00523818 0.806811 0.0104764 0.0382984
0 0.645092 0.898581 0.0328636 0.0298153
0 0.230884 0.987316 0.0441138 0.0253672
0 0.951794 0.869667 0.0276627 0.0271412
0 0.626951 0.489862 0.0299107 0.0300523
0 0.0641651 0.0871492 0.128207 0.174232
0 0.538891 0.232831 0.0581609 0.0568007
0 0.721664 0.168634 0.0356735 0.0346387
0 0.258103 0.0630073 0.0291423 0.0278303
0 0.69368 0.127797 0.0551435 0.0542047
0 0.326534 0.74906 0.0297861 0.0286049
0 0.439317 0.976149 0.0398561 0.0381397
