0 0.728683 0.934366 0.11526 0.103228
0 0.710234 0.586408 0.049309 0.0447845
0 0.707283 0.859991 0.0375261 0.0338352
0 0.0834335 0.748291 0.0618148 0.0531771
0 0.724593 0.516862 0.0467493 0.0427516
0 0.116629 0.815504 0.0930787 0.0768909
0 0.660664 0.536746 0.0330242 0.0321898
0 0.347936 0.02693 0.0531203 0.047324
0 0.48293 0.72137 0.0585586 0.0543554
0 0.268269 0.550807 0.0358775 0.0334539
0 0.162341 0.184567 0.0309549 0.0283309
0 0.911128 0.745147 0.0328541 0.0305847
0 0.612003 0.797058 0.0289877 0.0264118
0 0.396983 0.0206038 0.116008 0.0407907
0 0.569802 0.356413 0.0289429 0.0288934
0 0.780983 0.647055 0.029293 0.026943
0 0.719239 0.984912 0.070055 0.0301754
