0 0.368409 0.347691 0.126972 0.0996021
0 0.723547 0.846067 0.0525457 0.0402744
0 0.817208 0.517913 0.0620583 0.0505507
0 0.476164 0.202636 0.0748049 0.0558957
0 0.853256 0.674139 0.0712341 0.0553673
0 0.3143 0.171449 0.0559723 0.0450573
0 0.935873 0.110081 0.0413744 0.0332677
0 0.0924793 0.495079 0.0443624 0.0337788
0 0.13211 0.386641 0.052464 0.0424385
0 0.712062 0.174277 0.0410878 0.0346672
0 0.250031 0.983657 0.0393399 0.0304777
0 0.768719 0.0517094 0.0421278 0.0340715
0 0.84256 0.437093 0.0309015 0.0258162
0 0.237212 0.0285107 0.0316288 0.0275217
0 0.479613 0.570154 0.0317253 0.0256305
0 0.0699671 0.214867 0.0342246 0.0267303
0 0.905687 0.0326032 0.0292488 0.0238399
0 0.987023 0.927261 0.0259533 0.0282341
