0 0.27562 0.487834 0.292431 0.25339
0 0.118712 0.716612 0.0992059 0.0817503
0 0.100128 0.659076 0.0716552 0.0591675
0 0.634554 0.318582 0.0661522 0.0558001
0 0.480875 0.265687 0.0414021 0.0321831
0 0.490552 0.584976 0.040343 0.0314152
0 0.271114 0.255523 0.0398823 0.0317587
0 0.0417239 0.577136 0.033063 0.0269243
0 0.221553 0.985196 0.0415351 0.0285494
0 0.834639 0.459531 0.0468212 0.0347888
0 0.883613 0.00585333 0.040661 0.0117067
0 0.284996 0.727697 0.0297618 0.0239763
0 0.0170688 0.242148 0.0341377 0.041732
0 0.137948 0.20322 0.129284 0.107193
