0 0.109213 0.551239 0.110432 0.0836923
0 0.489029 0.655906 0.0428473 0.0347445
0 0.647719 0.811702 0.0707793 0.0574396
0 0.202923 0.986632 0.0382293 0.0267365
0 0.603091 0.00793293 0.0425532 0.0158659
0 0.20038 0.605904 0.157218 0.119148
0 0.0903943 0.393916 0.036348 0.0276206
0 0.128817 0.851514 0.0357391 0.0262283
0 0.13437 0.709642 0.0353155 0.0269767
0 0.16647 0.0937778 0.0348135 0.0279793
0 0.520535 0.00711041 0.0340485 0.0141259
0 0.751336 0.474265 0.0353937 0.026774
0 0.327308 0.212496 0.0343798 0.0258792
0 0.00974348 0.091354 0.019487 0.0310699
0 0.518449 0.15325 0.0351604 0.0266602
0 0.903376 0.633754 0.0489223 0.0406302
0 0.0170796 0.795056 0.029771 0.0257467
0 0.395776 0.728487 0.0384791 0.0304082
0 0.299683 0.925202 0.0384142 0.0297693
