0 0.766581 0.58061 0.102898 0.0975995
0 0.293455 0.0471411 0.0469987 0.0451706
0 0.282874 0.923911 0.0635526 0.060783
0 0.707201 0.885963 0.0770693 0.0703651
0 0.90652 0.670561 0.0560864 0.0503283
0 0.218144 0.133237 0.0486399 0.0460161
0 0.0680785 0.567433 0.0443281 0.0421888
0 0.761586 0.629432 0.0506464 0.0470402
0 0.165851 0.027961 0.0510686 0.0493663
0 0.476282 0.558244 0.0375961 0.0358388
0 0.713267 0.0475141 0.0497247 0.0462105
0 0.843778 0.638771 0.0905053 0.0762161
0 0.686623 0.0836112 0.0501656 0.0490451
0 0.378801 0.609166 0.032415 0.0306986
0 0.650429 0.458642 0.0428204 0.0406742
0 0.414943 0.572231 0.0505116 0.0484735
0 0.266851 0.888273 0.0430078 0.0394817
0 0.965563 0.488365 0.0568905 0.0531619
0 0.874096 0.105561 0.071929 0.0698028
0 0.143052 0.435723 0.0297261 0.0279203
0 0.152308 0.959865 0.0461025 0.0438688
0 0.173907 0.806249 0.0297978 0.0274635
0 0.121172 0.106718 0.0311745 0.029359
0 0.20517 0.52666 0.0342621 0.0315975
0 0.362836 0.0481197 0.0896654 0.0886429
0 0.968999 0.820402 0.0380556 0.0346949
0 0.745467 0.736305 0.0460187 0.0425923
0 0.557685 0.966632 0.0354901 0.0325483
0 0.266343 0.641824 0.0286942 0.0264212
0 0.666408 0.255131 0.0378379 0.0365844
0 0.916831 0.0530287 0.0359531 0.0350891
0 0.435972 0.605185 0.04772 0.0444904
0 0.595431 0.961895 0.0417043 0.0375042
0 0.504602 0.0247449 0.0468444 0.0476358
0 0.933009 0.252301 0.111008 0.109178
0 0.469753 0.669442 0.034863 0.0325316
0 0.937097 0.347913 0.0853149 0.0782699
0 0.566316 0.268521 0.0747993 0.0700858
0 0.90138 0.453839 0.049259 0.0443079
0 0.495621 0.87391 0.0377692 0.0359299
0 0.895148 0.481703 0.0664217 0.0602116
0 0.895257 0.992083 0.0327503 0.0156439
0 0.251799 0.866632 0.0275248 0.0252171
0 0.561092 0.089678 0.0628992 0.0631002
0 0.991104 0.423824 0.0177904 0.0645456
0 0.14558 0.119377 0.0273199 0.0260753
0 0.470089 0.350496 0.0368765 0.0353938
0 0.0854298 0.983505 0.0612226 0.0329897
0 0.81621 0.488714 0.0467826 0.0430569
0 0.610946 0.370968 0.0291482 0.0267971
0 0.395176 0.655531 0.0308631 0.0297859
0 0.648358 0.526201 0.0747128 0.0712822
0 0.448618 0.643375 0.0328539 0.0322987
0 0.521264 0.92051 0.038409 0.0369368
0 0.62732 0.411169 0.0572194 0.0562261
0 0.993259 0.954051 0.013482 0.0619122
0 0.596673 0.190458 0.0380304 0.0364789
0 0.240177 0.0145712 0.0392123 0.0288364
0 0.167597 0.381866 0.0258693 0.0240664
0 0.970939 0.655479 0.0428171 0.0393321
0 0.049183 0.706088 0.0283702 0.0274509
0 0.383769 0.6791 0.0274817 0.0269159
0 0.795076 0.255036 0.040716 0.0365477
0 0.730827 0.821531 0.0535025 0.0472296
0 0.336818 0.0136731 0.0388832 0.0273463
