0 0.218013 0.296326 0.138089 0.123718
0 0.481871 0.612772 0.0451271 0.0394866
0 0.134375 0.517508 0.0458219 0.0395203
0 0.0529952 0.728405 0.0427252 0.0372263
0 0.318528 0.651879 0.0425148 0.0372911
0 0.357553 0.737479 0.0404198 0.0347228
0 0.0491771 0.806207 0.0339727 0.0299438
0 0.0441742 0.608032 0.0388322 0.0328411
0 0.338015 0.695348 0.0667564 0.0560249
0 0.460314 0.888113 0.0368837 0.0338715
0 0.373821 0.815487 0.0374016 0.0332603
0 0.536934 0.90709 0.0294182 0.0253695
0 0.0490659 0.963551 0.0329898 0.0295599
0 0.481824 0.186476 0.0465566 0.0397806
0 0.163372 0.84456 0.0396687 0.0332615
0 0.456113 0.751479 0.0289444 0.0250944
0 0.0733438 0.219358 0.092258 0.0784886
0 0.531757 0.94832 0.0273825 0.0235165
0 0.460112 0.357008 0.036983 0.0325007
0 0.513613 0.771198 0.0384499 0.0334754
0 0.556351 0.269777 0.0290775 0.0249337
0 0.590314 0.493234 0.0265553 0.0282978
0 0.0505629 0.0831033 0.101025 0.102794
0 0.501372 0.21857 0.0351387 0.0306986
0 0.466016 0.205061 0.039272 0.0348677
0 0.195951 0.973073 0.0346099 0.0266069
0 0.579642 0.723697 0.0341553 0.0286271
0 0.529244 0.181725 0.034379 0.027289
0 0.107589 0.823114 0.0297761 0.025399
0 0.300361 0.624819 0.0332454 0.0296553
0 0.281742 0.263577 0.0246222 0.022588
0 0.230302 0.579177 0.0286533 0.0242063
