0 0.272045 0.627041 0.0741683 0.0722706
0 0.493398 0.662308 0.104513 0.101127
0 0.443714 0.332752 0.0508224 0.0491411
0 0.971089 0.610544 0.0535057 0.0507986
0 0.299881 0.317237 0.0637014 0.0627322
0 0.889524 0.461537 0.0362135 0.0345163
0 0.406061 0.630703 0.10657 0.103988
0 0.0682646 0.483053 0.0355711 0.0351824
0 0.276734 0.0927478 0.0426757 0.0420622
0 0.323699 0.872895 0.0380022 0.0376221
0 0.296388 0.131145 0.0629192 0.0624449
0 0.342164 0.769862 0.0460562 0.0455698
0 0.0553179 0.927304 0.0322829 0.0313272
0 0.181247 0.911108 0.0345053 0.0333397
0 0.370209 0.810393 0.0422312 0.0417595
0 0.588937 0.786188 0.0346001 0.0340147
0 0.343581 0.594476 0.0551878 0.0538707
0 0.703366 0.33162 0.0570637 0.0552104
0 0.0258528 0.598265 0.0513012 0.0664691
0 0.285447 0.538034 0.0691498 0.0703577
0 0.746263 0.86004 0.0400048 0.0382393
0 0.383811 0.94253 0.0370343 0.0365444
0 0.104906 0.897178 0.05951 0.0585854
0 0.430384 0.215461 0.0653372 0.0635074
0 0.270256 0.246781 0.0336633 0.0326962
0 0.165342 0.306171 0.0500411 0.0497787
0 0.299403 0.769683 0.0368516 0.0366348
0 0.0832065 0.287271 0.0508853 0.0495713
0 0.631198 0.623542 0.0314174 0.029451
0 0.228285 0.792795 0.0347452 0.0341928
0 0.152679 0.538878 0.0465589 0.0449959
0 0.129251 0.607644 0.0301381 0.029033
0 0.616986 0.73598 0.0380518 0.0354979
0 0.721975 0.785078 0.0846928 0.080601
0 0.104011 0.232535 0.0274894 0.0265684
0 0.634841 0.401118 0.0299822 0.0292928
0 0.204723 0.551882 0.0582894 0.059338
0 0.619699 0.957419 0.0343647 0.0329277
0 0.0102478 0.312587 0.0204956 0.0389921
0 0.501573 0.912075 0.0323238 0.0319502
0 0.671306 0.74358 0.0276045 0.0276411
0 0.531805 0.281277 0.0579811 0.056263
0 0.085324 0.874161 0.0295885 0.0292492
0 0.0190077 0.454573 0.0323665 0.0331516
0 0.455123 0.619559 0.0431048 0.0433019
0 0.69341 0.595985 0.0254196 0.0250936
0 0.596175 0.9866 0.0371235 0.0259449
0 0.261842 0.271499 0.0326831 0.0319932
0 0.0473522 0.981537 0.0257306 0.0276379
0 0.716518 0.917898 0.105197 0.10411
0 0.128783 0.848737 0.036099 0.0356724
0 0.553626 0.796945 0.0342794 0.033536
0 0.0470055 0.0372679 0.0901202 0.0743972
0 0.15026 0.889298 0.0264347 0.025326
0 0.574526 0.931793 0.0654544 0.0661064
0 0.504348 0.771374 0.0319361 0.0303535
0 0.280989 0.502282 0.0253972 0.0246062
0 0.536184 0.461831 0.0457115 0.0445982
0 0.0112321 0.718818 0.0224641 0.031237
0 0.0595281 0.746585 0.0272414 0.0270088
0 0.0684214 0.313534 0.0253825 0.024512
0 0.668922 0.58146 0.027705 0.0278997
