0 0.786899 0.750703 0.33774 0.289846
0 0.362013 0.617766 0.130397 0.119887
0 0.3451 0.659621 0.0522379 0.0450899
0 0.689989 0.441706 0.181963 0.154302
0 0.682698 0.348702 0.185426 0.172161
0 0.178571 0.212516 0.347497 0.364924
0 0.597722 0.563075 0.110732 0.0997747
0 0.896632 0.114453 0.191041 0.190254
0 0.798661 0.0744159 0.168468 0.145773
0 0.265119 0.556249 0.0915603 0.0825135
0 0.669668 0.0442122 0.0343938 0.0310853
0 0.807904 0.93504 0.169161 0.12992
0 0.470426 0.736247 0.0851892 0.0750594
0 0.733078 0.278389 0.0296814 0.0267513
0 0.573855 0.458417 0.0734963 0.0666515
0 0.907595 0.235933 0.0454588 0.041833
0 0.66491 0.945514 0.280445 0.108972
0 0.39361 0.144254 0.119034 0.109596
0 0.0979026 0.599226 0.0282357 0.0259398
0 0.819199 0.329395 0.0721931 0.0614475
0 0.955505 0.241818 0.0476389 0.0451661
