0 0.785891 0.420325 0.0860725 0.0860099
0 0.865174 0.556144 0.15414 0.144955
0 0.93484 0.293174 0.0662916 0.0668135
0 0.732876 0.622788 0.0500114 0.0493677
0 0.329247 0.519961 0.0726036 0.0704363
0 0.405879 0.182813 0.0441816 0.0437887
0 0.211421 0.850762 0.052078 0.0504135
0 0.698244 0.791791 0.0374405 0.0366293
0 0.631366 0.394685 0.0476503 0.0470963
0 0.800682 0.115938 0.0453592 0.0446219
0 0.633947 0.0449736 0.049585 0.0492304
0 0.868056 0.366565 0.0336641 0.0336036
0 0.458371 0.0348259 0.0784328 0.0695441
0 0.145173 0.632012 0.0378507 0.0371207
0 0.685304 0.415065 0.0631214 0.0613221
0 0.98705 0.377244 0.0259007 0.0361547
0 0.28629 0.28282 0.033211 0.0330853
0 0.719743 0.0144583 0.0625947 0.0289166
0 0.982886 0.881718 0.0304821 0.0303396
0 0.189271 0.821772 0.0316798 0.0318253
0 0.555842 0.521102 0.0331195 0.0318477
0 0.810793 0.364854 0.0288403 0.028357
0 0.443483 0.686489 0.0312646 0.0296013
0 0.600579 0.289094 0.0348278 0.0342303
0 0.361014 0.48549 0.03484 0.0338684
0 0.016776 0.965426 0.0334495 0.0533634
0 0.573806 0.806267 0.0310934 0.0302944
0 0.449124 0.176123 0.0328635 0.0316555
0 0.0975175 0.39235 0.0338807 0.0333281
0 0.529407 0.491155 0.0335585 0.0323042
0 0.886057 0.108305 0.0407562 0.0409502
0 0.219284 0.170636 0.0739939 0.0728554
0 0.151934 0.186006 0.0747982 0.0730027
0 0.391053 0.546429 0.0364998 0.0351906
0 0.131583 0.129661 0.0792211 0.0763137
0 0.675056 0.275931 0.037308 0.0369655
0 0.726491 0.133355 0.0277155 0.02739
0 0.951791 0.790206 0.0262201 0.026097
0 0.262722 0.477292 0.0993818 0.0931619
0 0.195137 0.126217 0.0583204 0.0568525
0 0.355742 0.303763 0.0303504 0.0296978
0 0.807838 0.531804 0.0500069 0.046821
0 0.459755 0.46245 0.0341877 0.0331314
0 0.894332 0.746657 0.0277021 0.0275558
0 0.512937 0.16314 0.0274936 0.0271087
0 0.532586 0.848093 0.0276386 0.0268539
0 0.613375 0.686951 0.0321241 0.0300361
0 0.564316 0.768411 0.0290361 0.0279638
0 0.926492 0.633765 0.047191 0.0472296
0 0.853183 0.460328 0.0267893 0.0261522
0 0.0575167 0.231947 0.0332676 0.0323104
0 0.908641 0.680802 0.0326576 0.0317628
0 0.870353 0.793827 0.0693012 0.0685095
0 0.388595 0.857504 0.0266387 0.0261612
0 0.491884 0.482126 0.0419001 0.0428202
0 0.79555 0.765898 0.0728642 0.0738173
0 0.367554 0.334471 0.0308769 0.03044
0 0.428695 0.516194 0.0280025 0.0294315
0 0.421541 0.559552 0.0266989 0.0263836
0 0.379067 0.284683 0.0279478 0.0274221
0 0.375733 0.601926 0.03036 0.028574
