0 0.492039 0.794639 0.291885 0.259947
0 0.234149 0.393975 0.345728 0.296504
0 0.219722 0.893942 0.046694 0.0398384
0 0.255349 0.827315 0.0381689 0.0325844
0 0.684939 0.164382 0.0486502 0.0422774
0 0.638027 0.916884 0.0337568 0.0285402
0 0.334496 0.227032 0.0368601 0.0328555
0 0.455702 0.958293 0.0374726 0.0301207
0 0.652121 0.192236 0.0322557 0.0268899
0 0.447513 0.1018 0.0466425 0.0399333
0 0.793675 0.0188513 0.075938 0.0374195
0 0.729801 0.16067 0.0380665 0.0323431
0 0.391835 0.0115142 0.0284934 0.0230158
0 0.887043 0.811535 0.0325544 0.0275354
0 0.858152 0.0405532 0.0353416 0.0307028
0 0.984964 0.21434 0.0300728 0.0362849
0 0.112128 0.591312 0.033109 0.0285686
0 0.135488 0.100421 0.0350089 0.0301442
0 0.564895 0.214684 0.0305822 0.025286
0 0.58769 0.0699718 0.0372311 0.0318295
0 0.359141 0.488041 0.0514188 0.0482563
0 0.30816 0.531737 0.0495729 0.0394685
0 0.508746 0.0383878 0.0337002 0.0303094
0 0.728431 0.653544 0.0493212 0.0423491
0 0.482168 0.315857 0.0650716 0.0565399
0 0.0153224 0.367241 0.0306258 0.0748697
