0 0.296074 0.172468 0.0871792 0.0841327
0 0.162104 0.638484 0.133163 0.129132
0 0.301412 0.911409 0.0560093 0.0536549
0 0.725736 0.926363 0.0719328 0.0685062
0 0.0388393 0.911924 0.071738 0.0687557
0 0.57976 0.683666 0.0445385 0.0437969
0 0.223532 0.272557 0.0486108 0.0467427
0 0.48743 0.422168 0.0346994 0.0337898
0 0.240436 0.555212 0.0392187 0.0379917
0 0.253983 0.939298 0.0425931 0.0384792
0 0.658183 0.340698 0.0464783 0.0446982
0 0.520064 0.246152 0.0358864 0.0342487
0 0.347006 0.825817 0.0356751 0.0326094
0 0.550201 0.334126 0.0476854 0.0464635
0 0.877939 0.717805 0.0508625 0.0498656
0 0.382257 0.704474 0.0337129 0.0322926
0 0.565727 0.0111348 0.0434799 0.0222696
0 0.882383 0.954333 0.0331009 0.0317312
0 0.24987 0.783563 0.0331896 0.0314381
0 0.354682 0.635182 0.0345173 0.0315094
0 0.392294 0.542557 0.0294499 0.0278025
0 0.304086 0.284133 0.0308235 0.0298174
0 0.556118 0.271935 0.0324025 0.0308984
0 0.614268 0.213689 0.0337824 0.0316362
0 0.646117 0.0465629 0.039131 0.0379422
0 0.288325 0.0319635 0.108732 0.063414
0 0.436852 0.913889 0.0375036 0.0360764
0 0.642891 0.82792 0.0338014 0.0328785
0 0.357679 0.676504 0.0286018 0.0266263
0 0.0861717 0.563689 0.0277071 0.0274296
0 0.0537255 0.265398 0.043405 0.0395815
0 0.334117 0.254467 0.0278135 0.0264936
0 0.336145 0.786733 0.0288649 0.0281242
0 0.171206 0.481131 0.027982 0.0271554
0 0.699381 0.128178 0.0305737 0.0297614
0 0.437999 0.6624 0.0950915 0.0894643
0 0.59828 0.534317 0.0266894 0.0249222
0 0.605064 0.654032 0.0286805 0.0288721
0 0.344789 0.499605 0.0283281 0.0266235
0 0.212116 0.143252 0.0341311 0.0330908
0 0.750942 0.169984 0.0807818 0.0742764
0 0.847488 0.0539046 0.0426216 0.0389245
0 0.933037 0.797146 0.0285755 0.0275387
0 0.483206 0.886989 0.0287961 0.0274502
0 0.31087 0.846552 0.036778 0.0347458
0 0.0546481 0.737919 0.109296 0.217074
0 0.0102198 0.604288 0.0203978 0.0316287
0 0.624813 0.704409 0.0334466 0.0317129
0 0.825736 0.712253 0.0308041 0.0308398
0 0.386416 0.168886 0.058848 0.0552689
0 0.973527 0.970365 0.0529453 0.057958
0 0.730935 0.605141 0.0441613 0.0439629
0 0.935438 0.0685886 0.0425262 0.0407347
0 0.843862 0.51059 0.0626328 0.0658027
0 0.0544847 0.483994 0.107547 0.105358
0 0.629651 0.634289 0.0328949 0.0309907
0 0.255874 0.988093 0.0290712 0.0238144
0 0.307206 0.609729 0.0280426 0.0267147
0 0.990112 0.471291 0.0197767 0.0291393
0 0.750376 0.863915 0.036099 0.0347187
0 0.135249 0.848637 0.0267853 0.0255394
