0 0.594834 0.585165 0.128505 0.125263
0 0.148319 0.621965 0.188658 0.180006
0 0.168924 0.918226 0.0682517 0.0634264
0 0.791288 0.354855 0.0523638 0.0504318
0 0.426771 0.179636 0.0427342 0.0405305
0 0.479511 0.121978 0.060429 0.0565566
0 0.287697 0.730158 0.0363069 0.0349529
0 0.601339 0.242324 0.0381804 0.0351227
0 0.331518 0.235769 0.0454157 0.0439757
0 0.747456 0.405411 0.059207 0.0568575
0 0.563048 0.225218 0.0491422 0.04625
0 0.204127 0.811969 0.0286273 0.0268242
0 0.667138 0.402459 0.0511635 0.0511821
0 0.357451 0.0426074 0.0357686 0.032895
0 0.967221 0.23009 0.0655575 0.0682261
0 0.239201 0.0471961 0.0329227 0.0319955
0 0.566141 0.989709 0.0419888 0.0204166
0 0.654863 0.300084 0.060132 0.0562102
0 0.047869 0.834568 0.0308679 0.0282581
0 0.158436 0.452475 0.0260094 0.0252947
0 0.819153 0.943478 0.0377026 0.036706
0 0.412033 0.00905697 0.0485986 0.0181139
0 0.75036 0.0715232 0.0289252 0.0269727
0 0.52627 0.12304 0.0282131 0.0273548
0 0.564468 0.329577 0.0311699 0.0295047
0 0.893597 0.973266 0.0559597 0.0504364
0 0.754243 0.272491 0.0412373 0.0389987
0 0.287558 0.981363 0.0956283 0.0370327
0 0.345412 0.909422 0.0271393 0.0254498
0 0.0862184 0.538843 0.0267502 0.0253439
0 0.921529 0.218797 0.0272141 0.0260086
0 0.722551 0.367244 0.0258949 0.0251185
0 0.625971 0.186997 0.0649727 0.0599967
0 0.745642 0.851686 0.0550706 0.0520161
0 0.011377 0.629501 0.0227539 0.0317307
0 0.0825373 0.149682 0.113319 0.109852
0 0.779401 0.0498061 0.0293055 0.0280616
0 0.98266 0.842483 0.034193 0.0777096
0 0.55752 0.11497 0.0563997 0.0522123
0 0.69505 0.925028 0.032401 0.0304359
0 0.597876 0.292275 0.0278337 0.0258108
0 0.266397 0.310511 0.0253111 0.0249971
0 0.571123 0.358463 0.0370964 0.0346862
0 0.826136 0.166386 0.0258091 0.0244363
0 0.902698 0.906523 0.0280685 0.0268423
0 0.872103 0.53078 0.255794 0.488726
0 0.767997 0.465423 0.0575584 0.0554119
0 0.678814 0.397197 0.0313902 0.0341607
