0 0.465211 0.023885 0.0659828 0.04777
0 0.9463 0.394828 0.0435249 0.0413822
0 0.764667 0.690204 0.039051 0.0375933
0 0.754774 0.427507 0.0317303 0.0307722
0 0.487009 0.249043 0.0492773 0.0475153
0 0.165553 0.293757 0.0618304 0.0602509
0 0.221227 0.481429 0.1069 0.101864
0 0.657737 0.191323 0.0623875 0.0618838
0 0.912878 0.822268 0.0311377 0.0298405
0 0.87033 0.408359 0.032296 0.0309269
0 0.372564 0.110823 0.078478 0.0763583
0 0.284241 0.0113105 0.0996678 0.0226209
0 0.867619 0.846494 0.0458483 0.0430954
0 0.814084 0.131227 0.027726 0.0269632
0 0.316741 0.472573 0.0870688 0.0861725
0 0.0180684 0.517684 0.0361259 0.0420527
0 0.0160685 0.864573 0.0279206 0.0282513
0 0.551936 0.124847 0.100372 0.0992815
0 0.200784 0.911188 0.0676936 0.065992
0 0.571874 0.74949 0.0378386 0.0363425
0 0.851975 0.805529 0.0445667 0.0427529
0 0.952524 0.494338 0.0394094 0.0375824
0 0.778074 0.856919 0.0536615 0.053483
0 0.865866 0.156994 0.0510273 0.05152
0 0.911665 0.476283 0.0284386 0.0277159
0 0.22011 0.153982 0.399334 0.307964
0 0.415937 0.0619031 0.0574215 0.0545992
