0 0.492425 0.833974 0.134746 0.125018
0 0.128811 0.752029 0.0462857 0.0404999
0 0.636646 0.057461 0.0493906 0.0451086
0 0.670924 0.561625 0.0409349 0.0373987
0 0.147215 0.163713 0.0375532 0.0343949
0 0.111256 0.212009 0.0385944 0.0344799
0 0.759173 0.667771 0.0357933 0.031716
0 0.547879 0.61073 0.033906 0.0303893
0 0.834502 0.543307 0.0347998 0.0313124
0 0.479029 0.273739 0.037921 0.0309557
0 0.239652 0.759308 0.0416931 0.0368128
0 0.235274 0.402282 0.0382262 0.0333365
0 0.0288747 0.26644 0.057401 0.0594091
0 0.582195 0.43346 0.031209 0.0272289
0 0.185091 0.427192 0.0352168 0.0316219
0 0.419346 0.984826 0.0509201 0.0303478
0 0.0297935 0.898484 0.0306717 0.0269981
0 0.176594 0.273692 0.0963803 0.086219
0 0.399177 0.40318 0.0319705 0.0286212
0 0.987486 0.0186902 0.0250271 0.0310193
0 0.545061 0.654999 0.0398617 0.0353098
0 0.149928 0.566876 0.0315115 0.0282732
0 0.305125 0.716044 0.0327988 0.0299585
0 0.154066 0.0965562 0.0321777 0.0284535
0 0.803367 0.270239 0.393265 0.475913
0 0.875515 0.0451454 0.217285 0.0899357
0 0.806877 0.0178506 0.0618392 0.0356164
0 0.19323 0.0877958 0.0292248 0.0269941
0 0.742565 0.578741 0.0252552 0.0246183
0 0.127449 0.867391 0.0272211 0.0245245
0 0.356482 0.982955 0.0704914 0.0338207
0 0.690014 0.616678 0.0389208 0.0354584
0 0.208401 0.719117 0.0298327 0.0275256
0 0.408103 0.238252 0.0472395 0.0411639
0 0.869913 0.901614 0.260174 0.19603
