0 0.419417 0.649529 0.12518 0.110582
0 0.397838 0.288647 0.0839515 0.0749095
0 0.836814 0.632201 0.083416 0.075183
0 0.136395 0.112043 0.101952 0.0964676
0 0.922576 0.121672 0.100054 0.0941862
0 0.558263 0.223656 0.0797661 0.0706561
0 0.657519 0.824852 0.0643948 0.0586084
0 0.220694 0.917592 0.13333 0.128481
0 0.648087 0.349599 0.0401611 0.0365431
0 0.415293 0.497793 0.12235 0.109892
0 0.532192 0.742558 0.062385 0.058663
0 0.738327 0.419491 0.0470682 0.0423323
0 0.62506 0.592182 0.0469663 0.0430775
0 0.721597 0.657468 0.0923927 0.0827495
0 0.247679 0.195429 0.0675113 0.0611783
0 0.967112 0.821802 0.0471102 0.0433132
0 0.910149 0.445673 0.0631409 0.0575958
0 0.640607 0.67062 0.0475666 0.0426618
0 0.88324 0.0166555 0.0402386 0.033311
0 0.704637 0.153741 0.0518612 0.0466272
0 0.520056 0.0169712 0.0574768 0.0336807
0 0.303998 0.574073 0.0392321 0.0356033
0 0.314953 0.462671 0.0610909 0.0562567
0 0.253221 0.518511 0.0398656 0.0359476
0 0.5896 0.697932 0.0636572 0.0596076
0 0.0775145 0.775874 0.137115 0.130671
0 0.646021 0.0152311 0.0551434 0.030298
0 0.328793 0.0291454 0.0390101 0.0344028
0 0.533174 0.660082 0.0636223 0.0560266
0 0.564695 0.617388 0.0681339 0.0615448
0 0.0271025 0.210811 0.0508554 0.048895
0 0.422924 0.742141 0.0736495 0.0681865
0 0.656792 0.0621613 0.0786621 0.0711906
0 0.120146 0.218625 0.145908 0.135674
0 0.219855 0.927898 0.0305252 0.0284641
0 0.0530173 0.0832203 0.10143 0.0975613
0 0.333036 0.695762 0.0734466 0.0692005
0 0.0847992 0.0599454 0.0379132 0.036163
0 0.96163 0.404632 0.0767401 0.0719132
0 0.251084 0.425591 0.0360226 0.033652
0 0.391068 0.0417279 0.0329285 0.0304422
0 0.040735 0.466059 0.0337577 0.0307257
0 0.272642 0.44674 0.0340028 0.0318174
0 0.174633 0.0207326 0.0644309 0.0413453
0 0.802465 0.743775 0.0379389 0.0350618
0 0.319399 0.717716 0.141457 0.132304
0 0.771907 0.485407 0.0400509 0.0379871
0 0.876363 0.246576 0.0391121 0.0377436
0 0.672224 0.326598 0.0322788 0.0290504
0 0.19597 0.616975 0.042804 0.03922
0 0.948685 0.546097 0.0819229 0.07636
0 0.676138 0.463349 0.0325595 0.0280943
0 0.37581 0.22701 0.0301596 0.0272773
0 0.143869 0.581434 0.0318496 0.0305117
0 0.647193 0.882422 0.049782 0.0440517
0 0.50677 0.069005 0.0662638 0.0605253
0 0.104823 0.288854 0.0635639 0.0568694
0 0.0371744 0.295663 0.0353316 0.0327894
0 0.297659 0.0678408 0.0515814 0.0448117
0 0.496012 0.527602 0.0349619 0.0319479
0 0.1629 0.387396 0.0299277 0.0274341
0 0.784223 0.575245 0.0667915 0.0603629
0 0.398011 0.432332 0.0433636 0.0394388
0 0.291759 0.67026 0.0519005 0.0496527
0 0.385205 0.810226 0.0795124 0.0741934
0 0.796426 0.595387 0.0463318 0.0390968
0 0.462036 0.400063 0.0324082 0.0287415
0 0.512586 0.619217 0.0290574 0.0274159
0 0.549613 0.132846 0.0380896 0.0318272
0 0.570989 0.46117 0.0606385 0.0573311
0 0.0769539 0.479644 0.153908 0.156424
0 0.0659815 0.385801 0.0368044 0.0332088
0 0.021859 0.0263702 0.0431585 0.0405317
0 0.210162 0.0733931 0.0376463 0.0320625
0 0.212545 0.985006 0.064434 0.0299883
0 0.293539 0.518464 0.0320871 0.0294291
0 0.888512 0.557148 0.0350388 0.0306298
0 0.746398 0.528258 0.0515423 0.0470218
0 0.26936 0.7956 0.076655 0.0710052
0 0.339882 0.253954 0.0264618 0.0239403
0 0.239064 0.670115 0.0454782 0.0412638
0 0.558984 0.0655492 0.0340498 0.0310111
0 0.947301 0.327518 0.0278305 0.0255419
0 0.204257 0.71618 0.0537219 0.0472372
