0 0.106139 0.750086 0.166376 0.157316
0 0.66217 0.920495 0.0824522 0.0792797
0 0.58844 0.423837 0.0454009 0.0433176
0 0.797646 0.813951 0.0416239 0.0397014
0 0.306835 0.514101 0.0683207 0.0645445
0 0.70007 0.528193 0.0376859 0.0362091
0 0.797215 0.512532 0.037158 0.0347013
0 0.179276 0.129315 0.0366279 0.0359149
0 0.496371 0.456198 0.0321624 0.0309317
0 0.886807 0.936189 0.0510765 0.0460547
0 0.674225 0.133021 0.0346056 0.0337969
0 0.739838 0.589078 0.0355103 0.0327781
0 0.599779 0.0240231 0.0337568 0.0328323
0 0.151461 0.9604 0.0331728 0.0318043
0 0.806627 0.0657727 0.0379999 0.0365961
0 0.356594 0.0739714 0.0275459 0.0263456
0 0.74193 0.857537 0.029344 0.0280727
0 0.881581 0.0221822 0.0309307 0.0293978
0 0.283363 0.574849 0.052697 0.0490381
0 0.824568 0.650428 0.0283703 0.0274694
0 0.725909 0.561669 0.0314051 0.0301913
0 0.518755 0.392078 0.0286978 0.0274596
0 0.167118 0.987838 0.0408485 0.0238022
0 0.741574 0.673989 0.0303846 0.0283954
0 0.207584 0.440574 0.0312672 0.0307024
0 0.597727 0.0890976 0.0321156 0.0312709
0 0.0973955 0.243186 0.038323 0.0372989
0 0.7905 0.908187 0.0478383 0.0399113
0 0.273011 0.554268 0.0444309 0.0364667
0 0.381602 0.778625 0.0366222 0.0343534
0 0.710976 0.96072 0.0510534 0.0475601
