0 0.479233 0.21654 0.0576904 0.0543596
0 0.432719 0.250652 0.0472649 0.0438781
0 0.513077 0.594842 0.0617289 0.0580605
0 0.882022 0.194968 0.0898396 0.0848597
0 0.465384 0.573489 0.0575486 0.0528907
0 0.648611 0.167214 0.0352604 0.0329513
0 0.0745037 0.503984 0.0589847 0.0558242
0 0.324885 0.962267 0.040318 0.0355328
0 0.271546 0.639328 0.0462412 0.0410147
0 0.25198 0.549251 0.0396575 0.0358468
0 0.59479 0.214186 0.0390545 0.0358786
0 0.850594 0.0562633 0.056912 0.0507541
0 0.615412 0.0870976 0.0435328 0.0405558
0 0.962109 0.900625 0.0372066 0.0341942
0 0.254775 0.928477 0.0447525 0.0396732
0 0.801733 0.151764 0.0385391 0.0369724
0 0.827709 0.240186 0.0520645 0.0482807
0 0.585489 0.530514 0.0416006 0.0382696
0 0.601997 0.95828 0.0377964 0.0355145
0 0.466517 0.846316 0.0386248 0.033927
0 0.645104 0.282777 0.0333155 0.0309546
0 0.0235616 0.480092 0.0470369 0.0628122
0 0.0404898 0.262803 0.0484284 0.047363
0 0.907103 0.342091 0.0799797 0.0757151
0 0.400948 0.670422 0.0317519 0.0295616
0 0.137602 0.30261 0.0514026 0.0494282
0 0.455076 0.527774 0.0505043 0.0460781
0 0.593264 0.0289148 0.0321264 0.0303936
0 0.243825 0.32145 0.030232 0.0288837
0 0.288344 0.229828 0.0424112 0.0399112
0 0.318605 0.483289 0.0317495 0.0279565
0 0.749695 0.914021 0.24104 0.171958
0 0.824978 0.649787 0.0694838 0.0643871
0 0.794495 0.598678 0.0603512 0.0567693
0 0.772408 0.0429348 0.113976 0.0857049
0 0.313874 0.619495 0.0278685 0.0257888
0 0.260912 0.412776 0.233142 0.201231
0 0.786302 0.368304 0.0504946 0.0504433
0 0.91939 0.844777 0.059108 0.0546021
0 0.573216 0.898867 0.143932 0.12604
0 0.586154 0.193611 0.0242657 0.0225096
0 0.0972336 0.114391 0.0554244 0.0517724
0 0.597542 0.598963 0.0627949 0.0540777
0 0.0607026 0.983981 0.0643199 0.0318932
0 0.117064 0.716465 0.234128 0.432776
0 0.558563 0.0257642 0.0266778 0.0250201
0 0.333405 0.510603 0.0290504 0.0261138
0 0.755553 0.931263 0.0275293 0.0253254
0 0.064071 0.337576 0.046001 0.0423845
0 0.0567832 0.313768 0.0485903 0.043669
0 0.116819 0.354082 0.0501085 0.0461182
0 0.689424 0.844498 0.0332714 0.0296455
0 0.956279 0.990593 0.0356075 0.018734
