0 0.489767 0.788592 0.0611252 0.0550911
0 0.523637 0.229439 0.105693 0.099426
0 0.591362 0.277584 0.103496 0.0986045
0 0.1609 0.240338 0.316015 0.338206
0 0.614224 0.815018 0.116501 0.107556
0 0.203483 0.881876 0.126516 0.118978
0 0.944053 0.95297 0.109476 0.093996
0 0.310692 0.850746 0.105923 0.096435
0 0.470403 0.633707 0.0767469 0.0745758
0 0.609892 0.602443 0.0636773 0.0606333
0 0.393127 0.48401 0.0919913 0.0845652
0 0.735693 0.160288 0.0381216 0.0360414
0 0.450193 0.267406 0.0737473 0.0704596
0 0.563468 0.462261 0.0427115 0.0415325
0 0.946822 0.839965 0.0434361 0.0409084
0 0.303174 0.0543102 0.0687284 0.064008
0 0.32854 0.950909 0.0366594 0.0321178
0 0.602603 0.471725 0.0359108 0.0345182
0 0.107353 0.743037 0.195596 0.189685
0 0.591774 0.205678 0.0359959 0.0354949
0 0.370679 0.97528 0.0884354 0.0491474
0 0.191525 0.673338 0.0891275 0.0868326
0 0.130511 0.501018 0.05365 0.0504663
0 0.154727 0.431325 0.032267 0.031386
0 0.359365 0.427403 0.0296772 0.0282578
0 0.641521 0.43388 0.0253576 0.0246923
0 0.486357 0.420814 0.0313179 0.0321554
0 0.867975 0.210553 0.0299629 0.0274467
0 0.272093 0.744915 0.064384 0.06099
0 0.868508 0.625336 0.0349638 0.0326379
0 0.61898 0.147532 0.039407 0.0356442
0 0.770917 0.484163 0.0315863 0.0294929
0 0.924874 0.553934 0.030419 0.0282095
0 0.609616 0.364677 0.102839 0.09662
0 0.299384 0.70758 0.0619256 0.0588232
0 0.642604 0.208431 0.0261377 0.0248608
0 0.880079 0.704101 0.0269823 0.0244339
0 0.979066 0.208311 0.0415463 0.0529358
0 0.604463 0.0994706 0.0419858 0.0382027
0 0.0942003 0.27122 0.0512636 0.0490033
0 0.582953 0.0373049 0.161987 0.0746098
0 0.026291 0.23844 0.0304594 0.0308585
0 0.273364 0.396404 0.0277522 0.0269466
0 0.944426 0.581823 0.0301579 0.0264574
0 0.398167 0.279363 0.0287894 0.028895
0 0.952318 0.89454 0.0579985 0.0532265
0 0.904724 0.526319 0.0362312 0.0336868
0 0.654343 0.140824 0.0267046 0.0244737
0 0.88233 0.565512 0.0412552 0.03726
0 0.149328 0.0899195 0.278184 0.179839
0 0.971874 0.11008 0.0293095 0.027785
0 0.415489 0.640365 0.0252903 0.0249804
0 0.949745 0.250209 0.0584688 0.0531625
0 0.40101 0.312229 0.0240817 0.0229184
0 0.732368 0.280498 0.0279268 0.0277412
0 0.892423 0.265621 0.0414194 0.0383462
0 0.428425 0.089573 0.0632536 0.0585921
0 0.972108 0.498455 0.041758 0.0376532
0 0.588014 0.70302 0.0420626 0.0392929
0 0.255961 0.953455 0.0273417 0.0252007
0 0.764045 0.0578891 0.02637 0.0250065
0 0.562624 0.369521 0.0237175 0.0237831
0 0.385126 0.363403 0.0238952 0.0236957
0 0.0188915 0.635167 0.0374491 0.113052
0 0.817181 0.0460495 0.0586884 0.0540187
0 0.0293492 0.753923 0.0341957 0.0324285
0 0.474052 0.46157 0.027939 0.027345
0 0.51111 0.436273 0.0257419 0.0228283
0 0.47455 0.0198437 0.0372498 0.0357224
0 0.532656 0.896762 0.0878728 0.0787998
0 0.76359 0.246687 0.0233427 0.0219583
0 0.470992 0.425716 0.0304775 0.0291742
0 0.420881 0.325371 0.0268236 0.0254576
