0 0.649052 0.299622 0.0725718 0.0686097
0 0.224764 0.764694 0.072422 0.0698303
0 0.97632 0.30307 0.0388008 0.038718
0 0.694362 0.572608 0.338434 0.331231
0 0.734646 0.616694 0.0792525 0.0752464
0 0.884984 0.410803 0.0507011 0.0496588
0 0.887437 0.362693 0.0706886 0.0693993
0 0.286057 0.19811 0.0466386 0.0458828
0 0.925126 0.717076 0.0444124 0.0456086
0 0.0964913 0.291769 0.0381959 0.0380452
0 0.49477 0.0615799 0.0512301 0.0489817
0 0.443027 0.510968 0.0325665 0.0301037
0 0.942895 0.0539902 0.0310883 0.0301849
0 0.21103 0.515806 0.0416149 0.040378
0 0.314263 0.221586 0.0364366 0.0354881
0 0.333503 0.0685377 0.0297456 0.0292222
0 0.842577 0.169602 0.02995 0.0284871
0 0.304514 0.118852 0.0418832 0.0402077
0 0.493605 0.340303 0.0293791 0.0278843
0 0.985206 0.0981502 0.0295786 0.0297365
0 0.887222 0.707141 0.0306238 0.0311035
0 0.866015 0.309205 0.0415789 0.0414448
0 0.135459 0.0154636 0.0284205 0.0283455
0 0.237057 0.389439 0.0303437 0.0299784
0 0.122787 0.775853 0.0304981 0.0309566
0 0.601733 0.687065 0.0299984 0.0287036
0 0.402392 0.792264 0.0258951 0.0232679
0 0.722807 0.436075 0.0325414 0.0319826
0 0.206358 0.728282 0.0449524 0.0421881
0 0.594158 0.741515 0.0307549 0.030116
0 0.810514 0.778907 0.0316343 0.0303886
0 0.351558 0.22173 0.0274833 0.0266622
0 0.882549 0.481666 0.0284985 0.0268164
0 0.0671778 0.42206 0.0599836 0.0575068
0 0.279918 0.771823 0.0308541 0.0289148
0 0.525868 0.669132 0.0356195 0.0351315
0 0.0570079 0.583878 0.0548144 0.0521893
0 0.138923 0.755259 0.0319362 0.0312897
0 0.0846825 0.431796 0.0498483 0.0518937
0 0.333566 0.389594 0.1333 0.12394
0 0.128584 0.646412 0.0342926 0.0327092
0 0.591293 0.615146 0.0291693 0.0279529
0 0.436204 0.404424 0.0608576 0.0596171
0 0.442537 0.449293 0.0277497 0.0264175
0 0.728467 0.179789 0.0274521 0.0262422
0 0.779361 0.369486 0.169541 0.164908
0 0.0548401 0.391753 0.0351117 0.0339919
0 0.831861 0.71138 0.0322344 0.0310058
0 0.11557 0.589739 0.0626158 0.0617451
0 0.659159 0.415114 0.0575205 0.0566922
0 0.591215 0.756716 0.0261488 0.0221293
0 0.482417 0.533128 0.155567 0.157131
0 0.613245 0.385907 0.0673262 0.0598692
