0 0.887622 0.927435 0.145078 0.119644
0 0.145231 0.942704 0.167765 0.114245
0 0.768391 0.154168 0.115936 0.0957676
0 0.862809 0.587784 0.0924095 0.0757388
0 0.227256 0.617153 0.0762163 0.0664433
0 0.372009 0.765473 0.0358672 0.0309326
0 0.848759 0.462553 0.0396536 0.03172
0 0.872759 0.502024 0.117287 0.0935436
0 0.731781 0.798503 0.082176 0.0686668
0 0.962957 0.819771 0.0369732 0.0305847
0 0.45824 0.837047 0.048245 0.037851
0 0.205082 0.0113504 0.0315749 0.0227008
0 0.982843 0.643178 0.0341057 0.0339153
0 0.935206 0.287249 0.0705673 0.0532791
0 0.791302 0.836439 0.0356833 0.0279581
0 0.665576 0.133767 0.0452538 0.0365358
0 0.610785 0.896254 0.0684804 0.060144
0 0.689504 0.155392 0.0445473 0.0362086
0 0.493043 0.936846 0.0435054 0.0354412
0 0.755392 0.413408 0.0738194 0.0595023
0 0.543794 0.927906 0.0407989 0.0323521
0 0.122132 0.435213 0.244265 0.258503
0 0.641121 0.939008 0.0317399 0.0270363
0 0.345512 0.110641 0.0302533 0.0254548
0 0.223983 0.274759 0.0312528 0.0296651
0 0.50711 0.556162 0.0300917 0.0247334
0 0.372878 0.902381 0.0281265 0.0265163
0 0.882236 0.342784 0.0291653 0.0237571
0 0.730394 0.935922 0.0679369 0.0569098
0 0.580938 0.975984 0.0550947 0.0447529
0 0.136461 0.737228 0.272623 0.418199
0 0.252076 0.439613 0.0324246 0.0285292
0 0.257454 0.356848 0.514907 0.514688
0 0.972385 0.24469 0.0545795 0.0533558
0 0.622301 0.063456 0.0882319 0.075904
0 0.983899 0.331189 0.0312855 0.169144
0 0.386852 0.932534 0.0524869 0.0458984
0 0.48723 0.596764 0.412004 0.308582
0 0.334206 0.744813 0.0564967 0.0489567
0 0.674685 0.861047 0.0294954 0.0258354
0 0.128831 0.0171216 0.0246686 0.0235219
0 0.954274 0.953753 0.028529 0.0266842
0 0.461877 0.204871 0.0266463 0.0236109
0 0.739815 0.0963079 0.040902 0.0350228
0 0.664901 0.822192 0.055542 0.0477221
0 0.705252 0.688039 0.0632362 0.0527896
0 0.436354 0.936279 0.0448051 0.0381512
0 0.775468 0.619682 0.0304264 0.0270622
0 0.111751 0.0299958 0.0236948 0.0235308
