0 0.414636 0.0621305 0.145469 0.124261
0 0.332115 0.136409 0.123919 0.122507
0 0.476487 0.797979 0.058387 0.0558287
0 0.645223 0.175471 0.0410243 0.0395312
0 0.635148 0.569504 0.0483487 0.0439513
0 0.0500525 0.762834 0.0318689 0.0288328
0 0.141023 0.481816 0.0379275 0.0338842
0 0.797095 0.813294 0.0349463 0.0317768
0 0.421527 0.263987 0.0310839 0.0299226
0 0.983586 0.679082 0.0278038 0.0261246
0 0.899929 0.947271 0.0390841 0.0344437
0 0.43557 0.380385 0.031248 0.0305728
0 0.68505 0.981399 0.0455997 0.0372025
0 0.803335 0.124931 0.0276138 0.0262188
0 0.382996 0.967656 0.0771773 0.0642483
0 0.824228 0.904997 0.0581102 0.0529802
0 0.529216 0.352622 0.0296758 0.0277786
0 0.313642 0.272708 0.0424788 0.0405245
0 0.958402 0.67925 0.0251051 0.0232937
0 0.178513 0.440188 0.029881 0.0273386
0 0.335506 0.00978724 0.0482162 0.0194442
