0 0.664123 0.614251 0.290885 0.266622
0 0.943453 0.391493 0.0874092 0.086345
0 0.57383 0.359079 0.0796448 0.0757933
0 0.0379865 0.794778 0.0758011 0.12176
0 0.218694 0.558264 0.164625 0.162932
0 0.112804 0.978967 0.046313 0.0416584
0 0.140633 0.122348 0.0610508 0.0582706
0 0.709834 0.228065 0.0530302 0.0511728
0 0.592387 0.95864 0.125111 0.0824215
0 0.472529 0.854785 0.0354043 0.0332424
0 0.0758523 0.991028 0.0402877 0.0179436
0 0.7892 0.331567 0.068397 0.0647501
0 0.177757 0.427497 0.0346889 0.0333408
0 0.424058 0.976798 0.0960303 0.0461445
0 0.143273 0.957792 0.0367558 0.0347389
0 0.906812 0.461685 0.0314907 0.0299082
0 0.985067 0.777815 0.0298655 0.0370257
0 0.946461 0.521989 0.0344315 0.0340693
0 0.566611 0.88967 0.0511871 0.050169
0 0.455258 0.692942 0.0461402 0.0419974
0 0.162152 0.93378 0.0292112 0.0294712
0 0.942772 0.766494 0.114455 0.229831
0 0.796155 0.294174 0.0369814 0.0355558
0 0.228331 0.919594 0.0303938 0.0295673
0 0.973699 0.4583 0.0526023 0.06318
0 0.0893637 0.542927 0.0357228 0.0344608
0 0.944788 0.93453 0.110088 0.121717
0 0.137311 0.322255 0.210075 0.203742
0 0.134542 0.563265 0.0481479 0.0470767
0 0.0487633 0.124154 0.0969522 0.11396
0 0.274139 0.972463 0.235827 0.0538738
0 0.607788 0.890809 0.034494 0.0323565
0 0.397078 0.900692 0.0274123 0.0264341
0 0.571945 0.908025 0.0446905 0.0359844
0 0.819881 0.991412 0.0259937 0.0168978
