0 0.24347 0.471476 0.366077 0.355607
0 0.393601 0.611812 0.0419892 0.0405046
0 0.563703 0.968798 0.0525235 0.0522392
0 0.623737 0.200447 0.0379475 0.0376742
0 0.437094 0.710952 0.0340206 0.0337208
0 0.775998 0.832267 0.0360918 0.0353481
0 0.844012 0.741548 0.0339649 0.0319588
0 0.479071 0.968953 0.0319226 0.0297621
0 0.0453569 0.652101 0.0395749 0.0380155
0 0.0893326 0.0682638 0.0276436 0.025531
0 0.0251016 0.67391 0.0442507 0.0409914
0 0.488007 0.479299 0.0284421 0.0278105
0 0.660382 0.949046 0.0413162 0.0395891
0 0.769127 0.853909 0.0278422 0.0277561
