0 0.619049 0.739742 0.170725 0.150704
0 0.434128 0.134081 0.182478 0.161998
0 0.52924 0.814666 0.074654 0.0671003
0 0.0975337 0.905353 0.0671774 0.0601879
0 0.903997 0.0369362 0.0885609 0.0736303
0 0.780166 0.53932 0.0554722 0.0490923
0 0.529365 0.95073 0.0471636 0.0412079
0 0.642732 0.301981 0.0368778 0.0327767
0 0.0649961 0.972468 0.0655118 0.05448
0 0.894908 0.234942 0.0355904 0.029663
0 0.871086 0.921097 0.0352001 0.0299675
0 0.0223027 0.0643401 0.0332654 0.0299737
0 0.970416 0.0291777 0.0588245 0.0532356
0 0.0104296 0.609735 0.0206728 0.0364817
0 0.345436 0.981786 0.0295851 0.0280743
0 0.558635 0.272934 0.0352365 0.0300492
0 0.170654 0.967036 0.037944 0.0343098
0 0.955117 0.884444 0.0286215 0.0250721
0 0.919899 0.155765 0.029253 0.0261425
0 0.0102704 0.307478 0.0205339 0.0657435
0 0.334074 0.892257 0.0361228 0.0312269
0 0.162773 0.992629 0.0314544 0.0145832
0 0.183509 0.695647 0.216745 0.184231
0 0.49857 0.622052 0.112467 0.0918293
