0 0.554078 0.255856 0.271973 0.28344
0 0.220792 0.71215 0.106679 0.104738
0 0.477216 0.714436 0.0805187 0.0785935
0 0.859174 0.472088 0.165578 0.165172
0 0.558068 0.972092 0.0383076 0.0366695
0 0.742481 0.636298 0.0307302 0.029306
0 0.432665 0.839442 0.0857544 0.0801879
0 0.229016 0.600297 0.0339877 0.0325212
0 0.917645 0.877489 0.0533653 0.0510307
0 0.600031 0.761703 0.0289791 0.0280682
0 0.22366 0.5196 0.0277061 0.0275995
0 0.129473 0.0305776 0.0315216 0.0306281
0 0.660475 0.425764 0.0272589 0.0263624
0 0.251784 0.558552 0.0289774 0.0286877
0 0.907468 0.941729 0.0253323 0.0248075
0 0.648106 0.626011 0.0300083 0.02845
0 0.835459 0.833813 0.0242294 0.0228313
0 0.396519 0.122215 0.250801 0.224907
0 0.270809 0.811261 0.0251093 0.0246279
0 0.569168 0.500411 0.0645923 0.062949
0 0.455546 0.103782 0.134914 0.132277
0 0.777764 0.875318 0.0218369 0.0212681
0 0.689818 0.403351 0.0415537 0.0414352
