0 0.482086 0.558852 0.163746 0.149424
0 0.883666 0.905569 0.209527 0.182563
0 0.359626 0.361844 0.130716 0.118472
0 0.255696 0.503533 0.0326316 0.0287405
0 0.696645 0.183395 0.372069 0.336475
0 0.970065 0.259261 0.0353098 0.0302966
0 0.981333 0.110636 0.0373332 0.0532516
0 0.0176263 0.18691 0.0350928 0.0436507
0 0.299027 0.0354454 0.128387 0.0705179
0 0.63084 0.858074 0.0292775 0.0249125
0 0.591478 0.4251 0.145926 0.128362
0 0.0100097 0.261526 0.0200021 0.0259175
0 0.58471 0.0109001 0.0771296 0.0218002
0 0.872362 0.036873 0.144418 0.0733121
0 0.0399488 0.263432 0.0306559 0.0270761
