0 0.160798 0.395166 0.0600012 0.057805
0 0.101856 0.464009 0.0507387 0.0489248
0 0.204786 0.600462 0.0619648 0.0617172
0 0.362072 0.550931 0.0359922 0.0349194
0 0.955921 0.145205 0.0402925 0.0381942
0 0.186376 0.262834 0.0643053 0.06233
0 0.150735 0.716787 0.0320689 0.0314405
0 0.172198 0.479149 0.0298967 0.0296791
0 0.444524 0.914656 0.0318336 0.030452
0 0.614542 0.66208 0.0308517 0.0301423
0 0.479137 0.988973 0.0303067 0.0220541
0 0.79365 0.820113 0.027541 0.0265579
0 0.125175 0.256001 0.0282749 0.0279231
0 0.245611 0.483148 0.0514295 0.048838
0 0.227172 0.181099 0.0259953 0.0248989
0 0.359073 0.144416 0.0342532 0.033577
0 0.0331434 0.657248 0.0556236 0.0528273
0 0.21094 0.774313 0.0273216 0.0262348
0 0.132372 0.0618812 0.0273704 0.0272137
0 0.261029 0.449012 0.0253695 0.0232931
0 0.677022 0.792329 0.0267515 0.0246353
0 0.0606865 0.536036 0.0425512 0.0417622
0 0.0206522 0.5227 0.0409161 0.0466171
