0 0.0933854 0.840349 0.185161 0.215563
0 0.803652 0.63451 0.0710026 0.0713469
0 0.646235 0.333527 0.534303 0.541477
0 0.943464 0.0306916 0.0445433 0.0431494
0 0.348638 0.911129 0.0520022 0.0508869
0 0.366975 0.219459 0.0386892 0.0371789
0 0.976642 0.984923 0.0336617 0.0301542
0 0.684414 0.418642 0.0281872 0.0280903
0 0.831197 0.788072 0.0585369 0.0558405
0 0.726187 0.844542 0.0300001 0.0295204
0 0.575655 0.0370292 0.0551126 0.0540234
0 0.376494 0.958188 0.0448945 0.0429411
0 0.631528 0.686507 0.0538428 0.0519672
0 0.147814 0.519282 0.228278 0.218604
0 0.835725 0.697043 0.0452522 0.0445203
0 0.930191 0.0952084 0.0370804 0.0352981
0 0.642291 0.765871 0.0487501 0.0471586
0 0.607654 0.640447 0.0484974 0.0463418
0 0.0133524 0.73432 0.0267047 0.0339171
0 0.714494 0.801814 0.0361785 0.0347355
0 0.239247 0.806115 0.0302765 0.029011
0 0.593324 0.726506 0.0563492 0.0530552
0 0.590026 0.330433 0.0274471 0.0272843
0 0.642194 0.0156784 0.0272221 0.0258639
0 0.859052 0.866336 0.0314587 0.0298561
0 0.622202 0.0551655 0.0273771 0.0268647
0 0.0349265 0.165083 0.0677764 0.069293
0 0.277868 0.439522 0.0410393 0.0398851
0 0.41698 0.768271 0.0351989 0.0354479
0 0.882702 0.690866 0.043502 0.0422867
0 0.923561 0.831207 0.0266872 0.0272533
0 0.908246 0.647393 0.0263802 0.026231
0 0.43843 0.0939038 0.0255854 0.0245861
0 0.282749 0.705507 0.03194 0.0320113
0 0.549102 0.946828 0.0287745 0.0279808
0 0.965494 0.352435 0.0267206 0.0257442
0 0.402192 0.505549 0.0365503 0.0352771
0 0.686954 0.888741 0.111113 0.105562
0 0.960631 0.560083 0.0785847 0.0883936
0 0.50844 0.0528097 0.026351 0.0261176
0 0.290952 0.0395665 0.291864 0.0791331
0 0.862931 0.734492 0.0434378 0.0412764
0 0.0761545 0.081548 0.0889477 0.0860348
0 0.465342 0.665438 0.0516382 0.0499598
0 0.716023 0.600881 0.0347499 0.034287
0 0.013168 0.302955 0.026336 0.0324595
0 0.0301586 0.700305 0.040292 0.0399983
