0 0.449616 0.052959 0.137929 0.105918
0 0.976152 0.798612 0.0467232 0.0455433
0 0.29299 0.896395 0.0560134 0.0543516
0 0.636541 0.752688 0.0409092 0.0402071
0 0.545408 0.194441 0.0434865 0.0410183
0 0.86029 0.802946 0.0400726 0.0398092
0 0.966962 0.350358 0.0454256 0.0452475
0 0.231457 0.633712 0.0754285 0.0700315
0 0.487174 0.684323 0.0567638 0.0560959
0 0.277676 0.846853 0.0375195 0.0361832
0 0.607283 0.710701 0.0500258 0.0489048
0 0.96441 0.0543683 0.0312981 0.0305623
0 0.521422 0.828853 0.0335606 0.0329479
0 0.190968 0.559435 0.0548406 0.0519474
0 0.558837 0.431815 0.0552006 0.053838
0 0.545922 0.934192 0.0340054 0.0318527
0 0.788552 0.0909798 0.0349424 0.0338877
0 0.586828 0.0946708 0.039356 0.0379219
0 0.87991 0.0920137 0.0312943 0.0302827
0 0.454442 0.769967 0.0443916 0.0418913
0 0.809455 0.546423 0.030275 0.0295919
0 0.724762 0.68394 0.0695411 0.067231
0 0.59549 0.547803 0.0288399 0.0279999
0 0.223469 0.241362 0.0337364 0.0323653
0 0.229005 0.015351 0.0415131 0.0306684
0 0.63272 0.615667 0.0404993 0.0391939
0 0.378237 0.863641 0.0406911 0.0394375
0 0.81494 0.3689 0.0280956 0.0263423
0 0.212858 0.5219 0.0665974 0.0664631
0 0.60635 0.180874 0.0299982 0.0295393
0 0.12085 0.799694 0.0711813 0.066816
0 0.388607 0.128574 0.0295543 0.028938
0 0.271889 0.723955 0.0510333 0.0482514
0 0.636177 0.473479 0.0487121 0.0466002
0 0.643308 0.415257 0.0283157 0.0265476
0 0.80338 0.800705 0.0305653 0.0296835
0 0.347636 0.678455 0.0352443 0.0345144
0 0.443136 0.264042 0.0728151 0.0696291
0 0.50534 0.546837 0.0657484 0.0633407
0 0.863854 0.15632 0.0388096 0.0365496
0 0.913184 0.292706 0.0382614 0.0374774
0 0.236128 0.151029 0.0365165 0.0350367
0 0.0924643 0.0112825 0.0347378 0.0225174
0 0.139622 0.918534 0.0953608 0.0916302
0 0.3284 0.848747 0.0749614 0.0687622
0 0.0734234 0.344813 0.0301006 0.0296538
0 0.315698 0.696098 0.0518192 0.0503737
0 0.360813 0.137733 0.027341 0.0268228
0 0.105074 0.866603 0.0744454 0.0709669
0 0.929247 0.424674 0.0272762 0.0258905
0 0.666352 0.0734805 0.0283003 0.0267899
0 0.276389 0.669627 0.039926 0.0372023
0 0.784443 0.577089 0.0282576 0.0263229
0 0.288116 0.468699 0.0470825 0.048313
0 0.455635 0.608668 0.0394258 0.0376587
0 0.667431 0.00927454 0.0388567 0.0185491
0 0.715684 0.43519 0.0283783 0.0265465
0 0.0136482 0.847947 0.0271738 0.0942307
0 0.960676 0.108895 0.0327202 0.0320479
0 0.794403 0.888908 0.378479 0.221957
0 0.0330393 0.888985 0.0262838 0.0270458
0 0.36735 0.970572 0.0267252 0.0261353
0 0.968322 0.735019 0.0306225 0.0303585
0 0.170154 0.302253 0.0325908 0.0310165
0 0.941637 0.89218 0.0240307 0.0234753
0 0.38107 0.262932 0.0572612 0.0529794
0 0.434175 0.43065 0.199653 0.196171
0 0.0815405 0.146768 0.0537571 0.0482985
0 0.951845 0.141487 0.0785286 0.0751942
0 0.460538 0.746511 0.0342744 0.0325789
0 0.184854 0.74579 0.0282632 0.0273976
0 0.0327792 0.659798 0.0325472 0.0317362
0 0.869449 0.264033 0.0597315 0.0631067
0 0.241197 0.440399 0.069292 0.068542
0 0.559038 0.851322 0.0471823 0.0454016
