0 0.164208 0.267115 0.195037 0.174984
0 0.47743 0.689249 0.454095 0.411981
0 0.146898 0.747348 0.293796 0.273438
0 0.221702 0.0147627 0.0367172 0.0292975
0 0.117664 0.543213 0.183998 0.150394
0 0.471842 0.113578 0.084392 0.0722682
0 0.524417 0.158001 0.121261 0.10067
0 0.94447 0.0403069 0.0624168 0.0502477
0 0.302094 0.411983 0.0393213 0.034384
0 0.907531 0.490129 0.0918552 0.0766565
0 0.461905 0.323752 0.0353144 0.0282844
0 0.809054 0.0715921 0.0338362 0.0254645
0 0.600917 0.169547 0.033716 0.0277344
0 0.809915 0.213533 0.044368 0.0359853
0 0.783205 0.0303882 0.041745 0.0348021
0 0.812607 0.141009 0.0326592 0.0256501
