0 0.824606 0.883599 0.13706 0.129909
0 0.547974 0.756378 0.0784225 0.0768957
0 0.498034 0.327225 0.0721388 0.0696624
0 0.290095 0.767934 0.081916 0.0791111
0 0.368418 0.11238 0.14283 0.139541
0 0.882637 0.566741 0.060685 0.0599848
0 0.619983 0.870932 0.0608114 0.0594288
0 0.506463 0.248703 0.0521064 0.0510136
0 0.225912 0.0243194 0.0774117 0.0485633
0 0.679244 0.149384 0.0836125 0.0814894
0 0.297484 0.0415912 0.0918641 0.0831824
0 0.941466 0.0297746 0.065132 0.0595492
0 0.475375 0.0574702 0.0497034 0.0483777
0 0.980586 0.482703 0.0387966 0.0442587
0 0.703747 0.971566 0.0561844 0.0532127
0 0.654909 0.22085 0.0554613 0.0555859
0 0.0663477 0.772879 0.0497564 0.0490843
0 0.761215 0.251073 0.0878 0.0903737
0 0.213582 0.778822 0.0362235 0.0364895
0 0.7722 0.127382 0.0387207 0.0383824
0 0.0459954 0.45865 0.0584977 0.0570566
0 0.530036 0.481627 0.0537312 0.0531485
0 0.336626 0.859208 0.0411429 0.0396
0 0.454612 0.176541 0.0593388 0.0592218
0 0.239092 0.594583 0.0346877 0.0337137
0 0.076566 0.66354 0.0347837 0.0339262
0 0.233239 0.0850896 0.0514937 0.05077
0 0.124047 0.238408 0.0639196 0.0625391
0 0.947348 0.84519 0.0765316 0.0716091
0 0.0408953 0.0831345 0.0347997 0.034103
0 0.673763 0.0737444 0.0517544 0.0502719
0 0.336574 0.717337 0.0511777 0.0492275
0 0.790265 0.15926 0.0309122 0.0306442
0 0.882152 0.690291 0.0456417 0.045437
0 0.880562 0.021586 0.0689085 0.043172
0 0.881768 0.262593 0.0317781 0.0308197
0 0.638877 0.252716 0.0371506 0.0357346
0 0.390824 0.357414 0.0289081 0.0289896
0 0.0148684 0.393103 0.0296853 0.0508387
0 0.234507 0.507576 0.0494189 0.0476664
0 0.718943 0.0507946 0.040361 0.0393984
0 0.481392 0.776031 0.0276551 0.0265106
0 0.97661 0.952388 0.0449245 0.0502365
0 0.757725 0.176912 0.0409972 0.0398248
0 0.864004 0.0639233 0.0326359 0.0309355
0 0.553989 0.411242 0.082435 0.0800489
0 0.353596 0.829498 0.0338374 0.0339626
0 0.229914 0.575788 0.249007 0.235858
0 0.120739 0.990821 0.034213 0.0176622
0 0.319603 0.814948 0.030074 0.0291847
0 0.379162 0.924088 0.0744655 0.0731014
0 0.173103 0.27572 0.0660383 0.0644094
0 0.553378 0.940673 0.269245 0.118655
0 0.0687459 0.563644 0.137492 0.229856
0 0.136828 0.303316 0.0258195 0.0246653
0 0.985243 0.0202315 0.0295138 0.0404629
0 0.0300006 0.663141 0.0505966 0.0508733
0 0.827988 0.125322 0.034738 0.0342098
0 0.153966 0.894534 0.0335896 0.0325047
0 0.302522 0.0999595 0.0895502 0.0876786
0 0.14741 0.212375 0.293208 0.310892
0 0.100688 0.261547 0.0250963 0.0241685
0 0.197784 0.897332 0.365549 0.204849
0 0.37422 0.428637 0.0296301 0.0302948
0 0.638256 0.0468599 0.0443766 0.0423502
0 0.483178 0.726877 0.0269171 0.0259882
0 0.396718 0.949707 0.0270684 0.0259232
