0 0.731964 0.493796 0.239686 0.2222
0 0.238721 0.35861 0.092201 0.0845752
0 0.419601 0.824944 0.293794 0.265252
0 0.799218 0.941519 0.118739 0.108505
0 0.122265 0.260324 0.0493329 0.043107
0 0.420906 0.976392 0.0698099 0.0472154
0 0.449519 0.360206 0.0484049 0.0426455
0 0.976159 0.0581255 0.047682 0.0524466
0 0.406164 0.59712 0.0367224 0.0328697
0 0.546084 0.334089 0.043169 0.0361131
0 0.634786 0.183433 0.0364325 0.033037
0 0.928761 0.178386 0.0306446 0.0281209
0 0.533684 0.620966 0.120661 0.115374
0 0.746873 0.0965817 0.0348389 0.0309745
0 0.580279 0.783188 0.0350689 0.0307048
0 0.3125 0.304881 0.093132 0.0857669
0 0.833565 0.840788 0.0335482 0.0282221
0 0.556588 0.757927 0.0331032 0.0292083
0 0.656847 0.27341 0.0313334 0.0278195
0 0.613826 0.770796 0.030455 0.027047
0 0.267345 0.089555 0.0323356 0.0292781
0 0.488624 0.555454 0.1002 0.0942307
0 0.607212 0.58927 0.0502998 0.0443024
0 0.0992917 0.800171 0.0444537 0.0345129
0 0.540029 0.969043 0.179573 0.0613441
0 0.856416 0.0453602 0.0305702 0.0287792
0 0.456512 0.954662 0.0315921 0.0283051
0 0.887736 0.400753 0.0319078 0.0288713
0 0.189018 0.268963 0.0777545 0.069302
0 0.177211 0.987961 0.0438946 0.0240776
0 0.560231 0.382198 0.0411196 0.0348118
0 0.389956 0.140858 0.0626769 0.0566661
0 0.496377 0.345879 0.0299486 0.0270288
0 0.27863 0.160814 0.123011 0.113031
0 0.328085 0.42048 0.0271171 0.0245991
0 0.491247 0.920773 0.0307819 0.0273016
0 0.0679474 0.311891 0.0271472 0.0246445
0 0.0141044 0.0767596 0.0275656 0.0275463
