0 0.148623 0.520748 0.0495428 0.048371
0 0.104026 0.562348 0.054081 0.0511591
0 0.549251 0.0740362 0.0329176 0.0319761
0 0.889667 0.604598 0.0252708 0.0239689
0 0.0156624 0.72106 0.0313248 0.0374317
0 0.707906 0.085137 0.0274875 0.0267867
0 0.972411 0.720826 0.0550648 0.0603531
0 0.185232 0.583141 0.0366537 0.0344934
0 0.7649 0.481801 0.0564978 0.0560565
0 0.234093 0.533134 0.0291402 0.0275023
0 0.273163 0.322082 0.0912214 0.0854854
0 0.114813 0.12874 0.0261657 0.0245612
0 0.174091 0.698188 0.0360447 0.0348066
0 0.578079 0.510413 0.0259528 0.0260025
0 0.366096 0.330477 0.028943 0.0271645
