0 0.256851 0.441801 0.156439 0.15168
0 0.90891 0.152271 0.057766 0.0549777
0 0.104072 0.839802 0.0602118 0.0590881
0 0.959169 0.44317 0.0480543 0.0479992
0 0.292933 0.898999 0.0618623 0.059804
0 0.68757 0.745498 0.0366224 0.0364326
0 0.319273 0.208538 0.0562668 0.0544036
0 0.826966 0.200817 0.0473927 0.0457196
0 0.947297 0.271691 0.0824596 0.0793805
0 0.872608 0.801489 0.0531734 0.0523617
0 0.669186 0.125697 0.0378708 0.0377261
0 0.120819 0.515893 0.0484103 0.0478048
0 0.468855 0.689253 0.0333886 0.0327797
0 0.883137 0.369519 0.0453968 0.0449622
0 0.677749 0.811509 0.0409237 0.0403633
0 0.908841 0.0200664 0.0581453 0.039894
0 0.250742 0.656872 0.0446468 0.0434324
0 0.164523 0.403232 0.0387382 0.039016
0 0.532344 0.302105 0.0537258 0.0515777
0 0.230538 0.747146 0.0469834 0.0453289
0 0.50877 0.131322 0.0436296 0.0420167
0 0.283816 0.0453457 0.0398033 0.0400469
0 0.951303 0.916791 0.0348852 0.0341356
0 0.837275 0.468284 0.0379341 0.0370644
0 0.964317 0.394352 0.0370739 0.035617
0 0.595287 0.236861 0.0332274 0.0323569
0 0.122931 0.562589 0.0563511 0.0563935
0 0.657332 0.436686 0.0676706 0.0673901
0 0.171943 0.0178501 0.0395395 0.0357002
0 0.890919 0.542586 0.0284332 0.0278117
0 0.560234 0.658237 0.0365126 0.0354944
0 0.36694 0.304796 0.0331352 0.0320055
0 0.711134 0.107076 0.0281643 0.0273883
0 0.788271 0.118333 0.0350001 0.0347758
0 0.642318 0.334723 0.0494457 0.0489148
0 0.279808 0.240106 0.0351447 0.0345482
0 0.0609474 0.313222 0.032548 0.0313116
0 0.199407 0.110221 0.0328454 0.0340585
0 0.494861 0.710837 0.0387944 0.0387003
0 0.170283 0.105445 0.0282989 0.0289515
0 0.408864 0.588182 0.0332159 0.0327209
0 0.554623 0.892172 0.0384901 0.0380371
0 0.880008 0.693223 0.050083 0.0483891
0 0.238504 0.0454405 0.0302983 0.0301271
0 0.38877 0.267818 0.0299431 0.0297998
0 0.481798 0.557689 0.0405149 0.0394787
0 0.48784 0.298722 0.0313578 0.0316771
0 0.12001 0.606784 0.0295899 0.0296383
0 0.446058 0.497473 0.0393668 0.0382024
0 0.330491 0.612561 0.0511179 0.04802
0 0.6001 0.878121 0.0534866 0.051339
0 0.252535 0.350247 0.0315518 0.0303401
0 0.171258 0.265825 0.0273685 0.0269016
0 0.621975 0.389857 0.027141 0.0263381
0 0.675185 0.555561 0.0265625 0.0260704
0 0.0605315 0.210556 0.0293822 0.0289701
0 0.795403 0.145936 0.0269695 0.0269964
0 0.180821 0.543464 0.0311432 0.0295211
0 0.320223 0.648288 0.0324969 0.0309539
0 0.0515584 0.640322 0.0340147 0.0341915
0 0.663935 0.0975158 0.0269355 0.0266774
0 0.876166 0.127094 0.0299402 0.0292532
0 0.902679 0.310986 0.0308819 0.0299902
0 0.080642 0.259523 0.0283515 0.0266388
0 0.495678 0.505477 0.0277504 0.0274947
0 0.453928 0.642355 0.0400661 0.0376839
0 0.531602 0.232988 0.154978 0.154437
0 0.817717 0.586467 0.0268085 0.0263985
0 0.945428 0.235171 0.0504757 0.0486495
0 0.377525 0.887608 0.0790795 0.0754833
0 0.086753 0.0910547 0.0239344 0.0238569
0 0.641014 0.614923 0.0263106 0.0257694
0 0.613883 0.100147 0.0250621 0.0238196
0 0.373632 0.490046 0.0277673 0.0276812
0 0.19077 0.632477 0.0273684 0.0266081
0 0.769354 0.473226 0.030393 0.0296192
0 0.788144 0.990748 0.0267492 0.018469
0 0.700087 0.536629 0.041565 0.0391558
