0 0.857264 0.713297 0.0340324 0.0330175
0 0.581085 0.672942 0.030631 0.0294573
0 0.665504 0.0290936 0.123342 0.0581872
0 0.310949 0.979281 0.0345388 0.0326681
0 0.259998 0.53153 0.0825349 0.0769442
0 0.119666 0.665067 0.047638 0.0463165
0 0.490295 0.403616 0.0340019 0.0323426
0 0.0504685 0.359401 0.051291 0.0480943
0 0.629231 0.105692 0.0436864 0.0419091
0 0.464201 0.0082007 0.0369964 0.0164014
0 0.29396 0.15947 0.271711 0.253041
0 0.545367 0.924594 0.0469965 0.0451172
0 0.85387 0.277696 0.0413086 0.0395644
0 0.100548 0.466868 0.0355019 0.0357462
0 0.462033 0.619862 0.0282751 0.0262445
0 0.762678 0.0161982 0.0716318 0.0323964
0 0.0104966 0.415707 0.0209932 0.0289129
0 0.459505 0.477317 0.0285612 0.0274861
0 0.156142 0.0439438 0.031219 0.0295928
0 0.667041 0.821311 0.505265 0.357377
0 0.444738 0.13904 0.0415796 0.0408173
0 0.611731 0.195621 0.0430058 0.0413685
