0 0.0819198 0.396826 0.0656879 0.0504571
0 0.827626 0.900051 0.081123 0.0638191
0 0.110574 0.58486 0.170423 0.13677
0 0.353633 0.761137 0.0388491 0.0300732
0 0.585624 0.608842 0.0570951 0.0434778
0 0.475829 0.275187 0.100296 0.0765204
0 0.453331 0.576664 0.0412555 0.0316223
0 0.212693 0.0217703 0.0907503 0.0435143
0 0.899474 0.651678 0.107587 0.0828174
0 0.494378 0.695706 0.065106 0.0478886
0 0.165848 0.35328 0.0831567 0.0654017
0 0.333306 0.897975 0.0656825 0.0495218
0 0.335378 0.580683 0.0918574 0.0715827
0 0.893162 0.0976172 0.0407143 0.0316838
0 0.149204 0.886957 0.298407 0.225957
0 0.725182 0.104606 0.0446553 0.03454
0 0.428816 0.941758 0.0524963 0.038558
0 0.606292 0.637594 0.0361322 0.0279766
0 0.562934 0.641789 0.0425453 0.030971
0 0.400881 0.799493 0.0366245 0.0291368
0 0.429807 0.477868 0.039011 0.0306915
0 0.560369 0.0224481 0.0520983 0.042341
0 0.162269 0.115828 0.323776 0.231655
0 0.00485581 0.731101 0.00971163 0.040107
0 0.620182 0.105973 0.0623417 0.0494384
0 0.889139 0.365911 0.221721 0.359322
