0 0.300088 0.708582 0.0973256 0.0968958
0 0.636146 0.513869 0.0612162 0.0598259
0 0.268975 0.643827 0.0659365 0.0645302
0 0.597309 0.233727 0.0363015 0.0350614
0 0.803934 0.62625 0.0289553 0.0281485
0 0.980604 0.219151 0.0387921 0.0459669
0 0.0236601 0.665443 0.0351686 0.0345814
0 0.197575 0.71333 0.0281062 0.0272858
0 0.128046 0.804585 0.0276938 0.0257435
0 0.0174285 0.855992 0.034857 0.0481035
0 0.364017 0.964617 0.0293838 0.0292147
0 0.859372 0.961542 0.0862026 0.0760355
0 0.794224 0.182556 0.059925 0.0562319
0 0.483241 0.332397 0.0360827 0.0347115
0 0.229502 0.301474 0.030652 0.0291868
0 0.0852008 0.312664 0.0288502 0.0278989
0 0.492258 0.45799 0.032982 0.0323572
0 0.646668 0.962133 0.0314201 0.0303947
0 0.212369 0.679831 0.0298721 0.029795
0 0.880018 0.0526371 0.0266289 0.0260865
