0 0.444303 0.784514 0.115934 0.0934499
0 0.647538 0.377714 0.0520472 0.0410113
0 0.857369 0.227853 0.0760036 0.0568295
0 0.479526 0.0191767 0.0616857 0.0383533
0 0.0467064 0.562185 0.0934128 0.089624
0 0.930709 0.617905 0.0536545 0.0431848
0 0.0654212 0.449077 0.130733 0.156419
0 0.940136 0.393175 0.100084 0.0817218
0 0.191194 0.898752 0.17171 0.140321
0 0.375839 0.753435 0.088451 0.0695002
0 0.976934 0.848603 0.0358803 0.0303692
0 0.479348 0.048086 0.0346487 0.0274269
0 0.489938 0.479054 0.037188 0.0292748
0 0.826329 0.86088 0.0611755 0.048555
0 0.769826 0.146221 0.0464437 0.0342928
0 0.778153 0.528885 0.0573282 0.0456451
0 0.330274 0.592421 0.040204 0.0334411
0 0.964693 0.666577 0.0352448 0.0275796
0 0.474222 0.898375 0.0404951 0.0337229
0 0.330157 0.64714 0.0590276 0.0458994
0 0.420325 0.683411 0.0404869 0.0326981
0 0.471718 0.385476 0.110121 0.0878246
0 0.541704 0.352252 0.0529984 0.0430588
0 0.940095 0.662871 0.0716785 0.0575977
0 0.391151 0.163858 0.333632 0.251552
0 0.11707 0.611939 0.0593236 0.0506117
0 0.616985 0.170206 0.0835946 0.0640363
0 0.017601 0.126755 0.035202 0.0311572
0 0.340802 0.633025 0.0740896 0.056126
0 0.623742 0.069801 0.0808841 0.0610819
0 0.987353 0.424783 0.0252445 0.0835341
0 0.594108 0.457024 0.051094 0.0420334
0 0.565363 0.424807 0.0390413 0.0321795
0 0.540493 0.0742809 0.0673017 0.0527475
0 0.595318 0.122207 0.0634386 0.0502453
0 0.509503 0.991139 0.0583937 0.0176128
0 0.605749 0.867198 0.12349 0.10853
0 0.971132 0.588909 0.0577358 0.0758307
0 0.568218 0.198242 0.0489317 0.0376666
0 0.91414 0.908097 0.02731 0.0232574
0 0.777613 0.907255 0.279309 0.18549
0 0.944847 0.279136 0.0735292 0.0574546
0 0.876675 0.585593 0.0530899 0.0480762
0 0.989732 0.70218 0.0205353 0.0266044
0 0.763814 0.780229 0.0440592 0.0365206
0 0.891002 0.887461 0.0400517 0.0324812
0 0.713937 0.755637 0.0561821 0.0465288
0 0.856631 0.771319 0.0348492 0.0270679
0 0.77348 0.710717 0.0509382 0.0433664
