0 0.204286 0.286144 0.0959823 0.0701032
0 0.87114 0.152519 0.138191 0.100158
0 0.449402 0.769814 0.0643917 0.0477881
0 0.0359738 0.0558358 0.070231 0.0553492
0 0.2832 0.709438 0.057179 0.0414186
0 0.914772 0.0258329 0.0853769 0.0516658
0 0.975995 0.294155 0.0477264 0.0758111
0 0.679996 0.77548 0.0425268 0.0333817
0 0.290522 0.86655 0.0492503 0.035984
0 0.682073 0.537764 0.040523 0.0317183
0 0.690431 0.84542 0.044521 0.0331785
0 0.70009 0.638233 0.0402636 0.0301046
0 0.872679 0.100342 0.100489 0.072759
0 0.175834 0.0300172 0.037346 0.0276612
0 0.0562497 0.106789 0.057717 0.0426471
0 0.637583 0.700635 0.0457077 0.0347286
0 0.69213 0.120047 0.0527996 0.0401739
0 0.588343 0.711785 0.0434759 0.0352309
0 0.178116 0.171198 0.0412758 0.0327477
0 0.372718 0.891331 0.0481267 0.0357094
0 0.474779 0.619263 0.0556673 0.0446569
0 0.115865 0.412222 0.0451843 0.0352402
0 0.916679 0.483852 0.0392113 0.0303181
0 0.561138 0.691033 0.0532848 0.0401089
0 0.0564873 0.460281 0.0296743 0.0246624
0 0.744058 0.603925 0.0630831 0.050424
0 0.600679 0.10934 0.0500698 0.0378862
