0 0.821483 0.58402 0.097316 0.0865288
0 0.042648 0.451752 0.0553591 0.0485647
0 0.208811 0.411054 0.122564 0.100559
0 0.54519 0.492 0.171772 0.147469
0 0.856162 0.41477 0.049588 0.0455843
0 0.35825 0.0232606 0.0790501 0.0465212
0 0.356401 0.496118 0.0409106 0.0336387
0 0.662912 0.593918 0.0386827 0.0340309
0 0.829268 0.369641 0.0528696 0.0462769
0 0.0728251 0.174916 0.14565 0.290613
0 0.0121889 0.50667 0.0243778 0.0309671
0 0.80441 0.509676 0.0411342 0.0368237
0 0.584676 0.537678 0.0367771 0.0321772
0 0.70906 0.678046 0.0302795 0.0274502
0 0.0406559 0.841824 0.0305297 0.0274656
0 0.800906 0.988143 0.0552649 0.0237132
0 0.983405 0.858266 0.0314863 0.0273575
0 0.825134 0.449415 0.044257 0.0406244
0 0.0359488 0.685201 0.0318931 0.0295374
0 0.0477102 0.754646 0.0355332 0.0319589
0 0.235414 0.395296 0.0746837 0.0637417
