0 0.615322 0.208934 0.221477 0.208503
0 0.12028 0.162879 0.138192 0.128931
0 0.805722 0.525512 0.0756311 0.071645
0 0.341343 0.275818 0.0623849 0.0583782
0 0.320285 0.751892 0.0883552 0.0790845
0 0.690642 0.028941 0.0887285 0.057882
0 0.89978 0.216592 0.0595879 0.0584278
0 0.117684 0.312011 0.0603789 0.0564104
0 0.604223 0.319651 0.0584404 0.054611
0 0.903481 0.953075 0.0474876 0.0425247
0 0.266122 0.714321 0.0591593 0.0529127
0 0.462657 0.723662 0.0380874 0.0342791
0 0.160725 0.840261 0.0569914 0.0531025
0 0.679879 0.0861247 0.0309571 0.0297612
0 0.266885 0.150921 0.0650138 0.0582043
0 0.0806372 0.243838 0.0558105 0.0474079
0 0.658009 0.818411 0.0495678 0.0442446
0 0.864494 0.327129 0.142381 0.138205
0 0.684168 0.115632 0.0305616 0.0287945
0 0.464285 0.487309 0.0440742 0.0414198
0 0.808703 0.026472 0.17104 0.0526365
0 0.336568 0.937152 0.0362851 0.0329956
0 0.549272 0.326377 0.0456471 0.0421416
0 0.744017 0.0574249 0.0358698 0.034925
0 0.622424 0.476421 0.0961504 0.0905983
0 0.848396 0.518347 0.299283 0.287529
0 0.375289 0.939284 0.0348548 0.0308468
0 0.617993 0.690157 0.0290866 0.0266577
0 0.315602 0.0438709 0.0408094 0.0384644
0 0.913141 0.626715 0.11722 0.109997
0 0.597243 0.0713367 0.0426121 0.0386228
0 0.0548264 0.758936 0.0334563 0.0302549
0 0.555853 0.478186 0.0274367 0.0256615
0 0.395539 0.277412 0.0293429 0.0276554
0 0.257608 0.924872 0.054767 0.0489752
0 0.371832 0.70174 0.0281151 0.0275221
0 0.323543 0.989957 0.0273067 0.0198429
0 0.716403 0.795194 0.0710892 0.0659849
0 0.0643635 0.0224635 0.0528898 0.0445209
0 0.780054 0.230072 0.0386371 0.0359875
0 0.140553 0.404041 0.026959 0.0242655
0 0.448419 0.356222 0.0263124 0.0252067
0 0.136925 0.524222 0.0868917 0.0813793
0 0.177786 0.736628 0.0375071 0.0342915
0 0.496676 0.945942 0.0301719 0.0294479
0 0.221453 0.865781 0.0484642 0.0433071
0 0.315227 0.335458 0.0896283 0.0821322
