0 0.476757 0.2103 0.0388108 0.0371233
0 0.608485 0.585821 0.0415352 0.0399477
0 0.471654 0.137165 0.0463881 0.0454152
0 0.194545 0.979623 0.0632858 0.040604
0 0.527175 0.141887 0.0363373 0.03596
0 0.0184327 0.164242 0.0367839 0.0389353
0 0.956088 0.916901 0.0698792 0.0678656
0 0.523526 0.0979927 0.0354576 0.0352152
0 0.198126 0.664069 0.0417794 0.0407305
0 0.606626 0.0838335 0.0530739 0.0503057
0 0.638951 0.548983 0.0488422 0.0476344
0 0.446322 0.167093 0.0279711 0.0270913
0 0.608193 0.275901 0.0573228 0.0543621
0 0.0796138 0.0965432 0.0281308 0.0272675
0 0.689027 0.662784 0.0462797 0.0438385
0 0.332605 0.964582 0.0328563 0.0306492
0 0.551151 0.0321082 0.0281346 0.0273887
0 0.560021 0.0782384 0.0366848 0.0352433
0 0.494784 0.471603 0.0559206 0.0538197
0 0.631473 0.120738 0.0440762 0.0411755
0 0.235297 0.332473 0.0298091 0.0281826
0 0.490987 0.807719 0.0356586 0.0346691
0 0.931729 0.629175 0.0369553 0.0358052
0 0.327731 0.760089 0.060028 0.0578627
0 0.659005 0.63797 0.0394311 0.0389708
0 0.78903 0.910124 0.0496323 0.0482885
0 0.547898 0.270129 0.0431191 0.0396175
0 0.286506 0.279118 0.0261669 0.0255111
0 0.11043 0.396061 0.046363 0.0453295
0 0.503238 0.172384 0.0445019 0.0424167
0 0.330549 0.704326 0.0840528 0.0818946
0 0.829772 0.951723 0.0818432 0.0785896
0 0.987519 0.692778 0.0243061 0.0856914
0 0.493753 0.778169 0.06042 0.0592592
0 0.186549 0.931173 0.0500711 0.0475073
0 0.829414 0.385462 0.0784123 0.0823954
0 0.109213 0.586952 0.050303 0.0465223
0 0.590914 0.365806 0.0362402 0.0347038
0 0.937683 0.984036 0.0332916 0.0307579
0 0.107471 0.308119 0.0256335 0.0248411
0 0.969864 0.204261 0.0598934 0.0659736
0 0.100374 0.663156 0.0652476 0.0635586
0 0.672616 0.370269 0.039699 0.0388735
0 0.39537 0.802927 0.105513 0.105631
0 0.895742 0.617655 0.0374758 0.0357805
0 0.941055 0.588678 0.0301941 0.0282101
