0 0.872203 0.52008 0.0831116 0.0819956
0 0.625332 0.0212884 0.0498161 0.0425768
0 0.713576 0.597474 0.0383863 0.0371274
0 0.700012 0.655333 0.0328013 0.0330429
0 0.941727 0.518203 0.0797157 0.079049
0 0.663233 0.0682084 0.0318001 0.0312524
0 0.311318 0.471241 0.0270972 0.0264277
0 0.661821 0.632509 0.0309524 0.0305886
0 0.522718 0.926218 0.0292629 0.0290781
0 0.325397 0.440039 0.0256941 0.0252028
0 0.748384 0.15502 0.026722 0.0257243
0 0.768958 0.384068 0.0397411 0.0394841
0 0.78171 0.528865 0.0252892 0.0250873
0 0.983772 0.540011 0.032457 0.0706074
0 0.794296 0.869709 0.027418 0.0264006
0 0.452009 0.434248 0.0389231 0.0374844
0 0.769574 0.103921 0.0275765 0.0264337
0 0.70581 0.263299 0.03576 0.0337775
0 0.608491 0.132002 0.0455293 0.0439718
0 0.950041 0.00797495 0.0336828 0.0156009
