0 0.0461564 0.732553 0.0923128 0.111272
0 0.924913 0.776096 0.0711945 0.0583368
0 0.206654 0.427365 0.0526618 0.0464851
0 0.083016 0.235522 0.0393552 0.0334641
0 0.0224265 0.88355 0.0376274 0.0332199
0 0.813174 0.350898 0.0419053 0.0365461
0 0.724251 0.0200344 0.0400763 0.033027
0 0.904288 0.107147 0.0356464 0.0303403
0 0.0288981 0.0182986 0.0545869 0.0365055
0 0.311438 0.103935 0.0332543 0.0286458
0 0.24198 0.299301 0.0346549 0.0317463
0 0.95721 0.823552 0.0348377 0.0290588
0 0.403723 0.0349963 0.12448 0.0695922
0 0.953505 0.974699 0.0929911 0.0506024
0 0.757156 0.714752 0.044864 0.0369452
0 0.105319 0.386971 0.0282099 0.0261369
0 0.770439 0.725212 0.0409647 0.0309621
0 0.305578 0.596013 0.0286976 0.0270292
0 0.17356 0.934834 0.0288363 0.0265968
0 0.80248 0.914008 0.0348663 0.0295057
0 0.874181 0.953311 0.0712833 0.0637974
0 0.277058 0.55191 0.0271897 0.0252626
0 0.672977 0.466686 0.0306259 0.0280766
0 0.325654 0.568091 0.125502 0.112428
0 0.55172 0.959764 0.0455721 0.0397665
