0 0.45024 0.683331 0.297475 0.306232
0 0.0764385 0.516352 0.0700544 0.0660326
0 0.108576 0.235744 0.0404657 0.0391274
0 0.0296451 0.205288 0.03606 0.0355801
0 0.70704 0.547894 0.0403261 0.0389222
0 0.253369 0.884614 0.0373875 0.0366234
0 0.750584 0.829206 0.0374819 0.0366749
0 0.827152 0.496399 0.0480133 0.0466967
0 0.14889 0.384025 0.0334619 0.0320912
0 0.783543 0.328228 0.0971523 0.0932267
0 0.300916 0.788586 0.0331731 0.0316469
0 0.0741892 0.581496 0.123904 0.120388
0 0.207279 0.0568331 0.134095 0.113488
0 0.521533 0.878288 0.266176 0.243416
0 0.35289 0.438225 0.0640784 0.0620519
0 0.900437 0.770272 0.055925 0.054405
0 0.153024 0.337044 0.0277056 0.0273237
0 0.183655 0.584917 0.170318 0.165959
0 0.477218 0.459038 0.0287281 0.0283091
0 0.80005 0.0148296 0.0270103 0.0262779
0 0.386237 0.0114217 0.0375342 0.0226848
0 0.180024 0.966585 0.0269727 0.0258297
0 0.291213 0.30833 0.0257583 0.0250533
0 0.202033 0.885762 0.0321363 0.0305286
0 0.46594 0.25399 0.0354842 0.0348027
0 0.899785 0.926661 0.0289408 0.0279549
0 0.18978 0.501681 0.0300412 0.029262
0 0.166432 0.495743 0.0354393 0.0369603
0 0.899981 0.50335 0.0300381 0.029527
0 0.169555 0.0647747 0.0259807 0.0260179
0 0.0866049 0.927782 0.0251144 0.0243851
0 0.67971 0.734949 0.0340948 0.0325984
0 0.456639 0.306359 0.034914 0.034646
0 0.183538 0.704408 0.0750511 0.073481
0 0.784063 0.511075 0.0282667 0.0270441
0 0.198485 0.0549056 0.0254102 0.0257528
0 0.847782 0.414065 0.106162 0.101998
0 0.454366 0.343036 0.0288502 0.0284957
