0 0.203977 0.0989828 0.106717 0.0981088
0 0.29396 0.438165 0.0534355 0.0489603
0 0.843465 0.257576 0.0498009 0.0465081
0 0.0640479 0.863631 0.0387487 0.0342171
0 0.172865 0.734887 0.0319041 0.029434
0 0.492431 0.779389 0.0356173 0.0341473
0 0.959648 0.164978 0.0543583 0.049786
0 0.614229 0.201057 0.0285503 0.0269694
0 0.130135 0.834726 0.0318589 0.0285072
0 0.929249 0.44608 0.0289354 0.0262285
0 0.271075 0.358984 0.0637354 0.0584214
0 0.213073 0.168271 0.0472631 0.0427599
0 0.262827 0.151916 0.0421243 0.0384534
0 0.211636 0.803615 0.0280118 0.0261335
0 0.449966 0.680938 0.0393444 0.0357227
0 0.912775 0.955292 0.0355997 0.0340088
0 0.819569 0.188368 0.0532579 0.0498694
0 0.847811 0.121764 0.0327795 0.0294431
0 0.138253 0.139654 0.0405699 0.0349379
0 0.164646 0.498739 0.0254759 0.0244385
