0 0.198627 0.280358 0.0653276 0.0552809
0 0.285579 0.293712 0.0461181 0.041167
0 0.444829 0.812771 0.080377 0.0706648
0 0.603723 0.714354 0.0408724 0.035391
0 0.461831 0.396743 0.0430647 0.0380459
0 0.836396 0.427352 0.0346165 0.0307091
0 0.766962 0.386503 0.0389547 0.0349612
0 0.228104 0.482425 0.0315372 0.0267556
0 0.263675 0.823802 0.0341221 0.0290405
0 0.563668 0.849556 0.0336741 0.0298313
0 0.326235 0.683001 0.0758855 0.065676
0 0.101492 0.621288 0.0299049 0.0262333
0 0.0949802 0.309526 0.037914 0.0331343
0 0.575258 0.552461 0.0289431 0.026018
0 0.597119 0.991927 0.0281242 0.0157536
0 0.465025 0.578695 0.0818016 0.0719082
