0 0.143858 0.504166 0.0674872 0.0644563
0 0.133701 0.389561 0.0700235 0.0686627
0 0.735959 0.580648 0.0445044 0.0422545
0 0.033001 0.475796 0.066002 0.0894682
0 0.969466 0.770685 0.0336758 0.03152
0 0.578553 0.182622 0.0311294 0.0303829
0 0.158178 0.15658 0.0303994 0.0283496
0 0.226575 0.520382 0.0297158 0.0284417
0 0.231406 0.562894 0.0288532 0.0273884
0 0.0203143 0.598988 0.0405496 0.0710613
0 0.413638 0.147411 0.0282937 0.0277508
0 0.920082 0.410323 0.0260029 0.0257551
0 0.209814 0.610862 0.0315476 0.0302156
0 0.204283 0.432573 0.026065 0.0249151
0 0.440439 0.402472 0.0278904 0.0260998
0 0.065217 0.0220597 0.0624087 0.0437959
0 0.358133 0.455206 0.0269387 0.0260651
0 0.475322 0.191629 0.0266105 0.025734
0 0.689389 0.620793 0.0239504 0.0238127
0 0.9227 0.38493 0.0242233 0.023654
