0 0.705343 0.326167 0.08904 0.0867014
0 0.822343 0.209132 0.0981144 0.0958006
0 0.671192 0.490868 0.0918611 0.0877968
0 0.0760309 0.0908889 0.0471621 0.0437158
0 0.589889 0.863389 0.0636768 0.0606644
0 0.864195 0.0640805 0.084729 0.0819239
0 0.157 0.451667 0.0572169 0.0515955
0 0.719907 0.404619 0.0406763 0.0392711
0 0.596896 0.655789 0.117089 0.111675
0 0.646722 0.28866 0.0554161 0.0525116
0 0.242078 0.266009 0.156985 0.14172
0 0.0170129 0.976978 0.0321179 0.0322823
0 0.660312 0.39869 0.0336992 0.0317419
0 0.878622 0.586459 0.242756 0.299799
0 0.214216 0.092961 0.0362844 0.0337355
0 0.792982 0.332438 0.0316021 0.0299277
0 0.886617 0.375315 0.0304485 0.0294722
0 0.62786 0.209723 0.0307659 0.0293369
0 0.533162 0.215286 0.0385063 0.0363456
0 0.898138 0.563382 0.0307026 0.0300022
0 0.923759 0.732299 0.0350254 0.0344716
0 0.3505 0.735153 0.064806 0.0617378
0 0.683201 0.764555 0.0379711 0.0355575
0 0.575272 0.988345 0.032879 0.0230396
0 0.546493 0.461166 0.0288021 0.0271129
0 0.0759976 0.641696 0.0339963 0.0311758
0 0.983844 0.202472 0.0323122 0.0728137
0 0.470653 0.95988 0.0336966 0.0320791
0 0.976062 0.131096 0.0273361 0.0269718
0 0.488675 0.403121 0.0279782 0.027374
0 0.260672 0.64622 0.0317183 0.029073
0 0.788761 0.0843156 0.052788 0.0498946
0 0.772214 0.987557 0.0392241 0.0246145
0 0.471133 0.789429 0.0552071 0.049367
0 0.778814 0.491689 0.0430264 0.0417488
0 0.628472 0.844261 0.0317068 0.0304583
0 0.504169 0.965682 0.0306 0.0288532
0 0.478107 0.827241 0.0342163 0.0317049
0 0.00714396 0.0508197 0.0142879 0.0468907
0 0.787734 0.0383824 0.04484 0.04169
0 0.612034 0.672517 0.0297377 0.0285794
0 0.206809 0.484638 0.0633426 0.0597264
0 0.832614 0.268193 0.0573469 0.0553667
0 0.745756 0.120202 0.0408026 0.039309
0 0.118558 0.893903 0.0299999 0.0297752
0 0.542042 0.284165 0.049115 0.0456483
0 0.669003 0.00882313 0.0344505 0.0167585
0 0.678901 0.248475 0.082387 0.0783545
0 0.0310588 0.993295 0.0291807 0.0132944
0 0.888795 0.170896 0.026424 0.0253328
0 0.113509 0.210757 0.0389591 0.0345611
0 0.550751 0.258205 0.0370653 0.0359465
0 0.0645113 0.458153 0.025588 0.0237482
0 0.766723 0.412417 0.0294086 0.0290336
0 0.526846 0.726559 0.0263497 0.0254492
0 0.0928003 0.519968 0.0253307 0.0237024
0 0.179347 0.0532179 0.0267824 0.0250106
0 0.864991 0.00784573 0.0556133 0.0155844
0 0.143726 0.0565742 0.0297845 0.0271208
0 0.489062 0.688231 0.0349708 0.0340199
0 0.682306 0.223583 0.0250941 0.024053
0 0.647652 0.0752206 0.197026 0.150441
0 0.0676371 0.94181 0.0245899 0.023452
