0 0.134546 0.736952 0.144658 0.126446
0 0.825011 0.127965 0.0971483 0.085451
0 0.861253 0.695794 0.0901987 0.0742075
0 0.461134 0.143405 0.0812106 0.0678113
0 0.214301 0.388205 0.0689834 0.0568762
0 0.177907 0.644863 0.0609997 0.0536937
0 0.755714 0.093002 0.0613153 0.0486594
0 0.259851 0.184331 0.0456184 0.0370659
0 0.855831 0.742672 0.0427715 0.0351137
0 0.612558 0.175772 0.0342511 0.0307695
0 0.919556 0.939483 0.0349863 0.0316124
0 0.475557 0.0156534 0.0326843 0.0287496
0 0.589038 0.083276 0.0459452 0.0390428
0 0.611279 0.861525 0.0420708 0.0346014
0 0.895618 0.810093 0.0356794 0.0312622
0 0.387275 0.228598 0.0351919 0.0320717
0 0.437713 0.41532 0.034502 0.0275541
0 0.574071 0.190538 0.0419668 0.0343268
0 0.224671 0.847143 0.0397685 0.0353722
0 0.0626711 0.187562 0.0448591 0.0384092
0 0.286495 0.088566 0.0377991 0.0329146
0 0.0701821 0.121518 0.0769201 0.0660332
0 0.903322 0.546681 0.0369389 0.0312382
0 0.320422 0.916723 0.0287691 0.0258959
0 0.8092 0.80621 0.0353768 0.0300346
0 0.730055 0.303302 0.0500898 0.0410649
0 0.689824 0.130932 0.0387239 0.0335686
0 0.888903 0.258181 0.0358238 0.0315206
0 0.711792 0.295657 0.0304586 0.0261222
0 0.994027 0.0496605 0.0119453 0.0288984
0 0.948936 0.910812 0.0261015 0.0234215
0 0.504335 0.149536 0.0354195 0.0311196
0 0.810109 0.669765 0.0286453 0.0257174
0 0.499025 0.59289 0.0266205 0.0238752
0 0.360904 0.163029 0.03509 0.0299309
0 0.607929 0.396193 0.122568 0.110981
0 0.403922 0.152479 0.0317812 0.0273162
0 0.603359 0.784822 0.0288746 0.0254641
0 0.954931 0.966261 0.0901377 0.0674789
