0 0.155728 0.357772 0.0935632 0.0894579
0 0.46483 0.615554 0.0568352 0.055469
0 0.649351 0.280785 0.0765795 0.0685457
0 0.950283 0.293785 0.0968407 0.091849
0 0.358543 0.32402 0.0999887 0.0950885
0 0.0287477 0.49402 0.0574954 0.0665409
0 0.172443 0.2348 0.0802778 0.0780524
0 0.522982 0.752848 0.0380222 0.0370476
0 0.765036 0.717485 0.469928 0.487884
0 0.238201 0.41472 0.0693835 0.0679207
0 0.632334 0.439706 0.382071 0.347512
0 0.120284 0.941955 0.0401706 0.0377029
0 0.612146 0.12421 0.291195 0.248182
0 0.771723 0.0243219 0.0566973 0.0478497
0 0.299522 0.215862 0.155214 0.148718
0 0.388736 0.125771 0.0674676 0.0660578
0 0.72258 0.966242 0.06534 0.0629139
0 0.100684 0.752789 0.0369091 0.0357168
0 0.373648 0.015374 0.0466067 0.0307481
0 0.101791 0.281249 0.0748248 0.0750574
0 0.409786 0.472118 0.0378453 0.0368245
0 0.573186 0.981344 0.0705193 0.0371725
0 0.0834565 0.0812838 0.166552 0.16243
0 0.429458 0.0938163 0.0384267 0.0377218
0 0.169298 0.908358 0.0572181 0.0536293
0 0.134308 0.644185 0.037978 0.0372282
0 0.330593 0.192526 0.0314631 0.0296207
0 0.519126 0.981238 0.0441053 0.037525
0 0.825662 0.312873 0.056422 0.0507966
0 0.406718 0.606228 0.0292602 0.0276557
0 0.0938799 0.690473 0.0412641 0.0397253
0 0.257241 0.754998 0.0366502 0.0356007
0 0.30206 0.273319 0.0460586 0.0442447
0 0.312698 0.0308424 0.0369921 0.0349411
0 0.527527 0.883583 0.0280153 0.027545
0 0.812138 0.592708 0.0443235 0.0407835
0 0.936551 0.0425529 0.0862099 0.0808392
0 0.315704 0.781764 0.0323255 0.0313477
0 0.877648 0.781873 0.0638861 0.0614666
0 0.569527 0.238706 0.0416542 0.0389108
0 0.318316 0.587193 0.0426415 0.041338
0 0.369099 0.863379 0.0324052 0.0307701
0 0.160572 0.531579 0.038709 0.0387962
0 0.42351 0.549044 0.0395529 0.0377811
0 0.356631 0.0504436 0.0639308 0.0587692
0 0.174683 0.849772 0.0291257 0.0277208
0 0.397133 0.384949 0.0537769 0.0511998
0 0.848771 0.131818 0.0680317 0.0653802
0 0.937046 0.858871 0.0375694 0.0359919
0 0.224931 0.149447 0.0516659 0.049483
0 0.0378646 0.96123 0.0609421 0.060548
0 0.195378 0.104884 0.0376689 0.0354897
0 0.396733 0.918291 0.0269606 0.0268808
0 0.0562553 0.867576 0.0661288 0.0567932
0 0.968859 0.45285 0.0548592 0.0515358
0 0.203295 0.609706 0.0302423 0.0290476
0 0.503305 0.777353 0.0288694 0.0271244
0 0.428369 0.505884 0.0385015 0.0371531
0 0.641085 0.0113517 0.0342579 0.0224767
0 0.157576 0.953495 0.036497 0.0335295
0 0.888168 0.0865234 0.0414093 0.0387896
0 0.0148206 0.590054 0.0296412 0.0347756
0 0.884202 0.317301 0.0464155 0.0426548
0 0.922417 0.986854 0.0528503 0.0262929
0 0.210547 0.741613 0.026559 0.0271092
0 0.352211 0.381804 0.0342793 0.0323781
0 0.206724 0.560465 0.0682645 0.0658187
0 0.463438 0.492978 0.0369513 0.0365129
0 0.347509 0.540566 0.0381367 0.0349957
0 0.044618 0.276477 0.0505773 0.0495401
0 0.769548 0.30473 0.0433897 0.039598
0 0.767944 0.959034 0.0332246 0.033012
0 0.431879 0.968987 0.0696044 0.0620268
0 0.364759 0.621687 0.0401454 0.0406771
0 0.765397 0.0822707 0.0314371 0.0306311
0 0.414247 0.884678 0.267821 0.228624
0 0.475133 0.0399296 0.109618 0.0790586
0 0.429742 0.134997 0.0252255 0.0240031
