0 0.87457 0.303315 0.15712 0.115088
0 0.674044 0.428626 0.102379 0.0789596
0 0.182126 0.701613 0.0744612 0.0504364
0 0.291826 0.722306 0.0414917 0.0295458
0 0.555894 0.317659 0.0642534 0.0459688
0 0.93644 0.441934 0.091917 0.0757565
0 0.523241 0.0265771 0.0471237 0.0356259
0 0.751117 0.273776 0.043029 0.0313764
0 0.555044 0.768438 0.101852 0.0683537
0 0.603892 0.735302 0.048142 0.0350338
0 0.379856 0.0224845 0.048016 0.04005
0 0.172813 0.00614552 0.0353197 0.0122385
0 0.04869 0.0529705 0.0479399 0.0371792
0 0.631287 0.74555 0.0433952 0.0322932
0 0.582508 0.771768 0.0611481 0.0466589
0 0.204037 0.64101 0.113791 0.0849283
0 0.364236 0.290066 0.0384846 0.0307616
0 0.920977 0.0913644 0.15486 0.135655
0 0.736736 0.23725 0.0358482 0.0275621
0 0.611299 0.382082 0.0386526 0.0300565
