0 0.308232 0.358721 0.179481 0.170591
0 0.168294 0.704303 0.109274 0.106243
0 0.736865 0.859819 0.151664 0.147052
0 0.697754 0.346904 0.101599 0.0974397
0 0.301955 0.484543 0.163845 0.159393
0 0.923403 0.308338 0.0562798 0.0542892
0 0.0585214 0.219506 0.0601246 0.0586022
0 0.559064 0.307364 0.0342513 0.0329209
0 0.615925 0.328592 0.0625937 0.0633371
0 0.0340966 0.174721 0.0681932 0.0733621
0 0.627816 0.533715 0.0403324 0.0394997
0 0.601503 0.21624 0.0283945 0.0278894
0 0.659668 0.155271 0.388482 0.310543
0 0.199505 0.414873 0.0317667 0.0311115
0 0.572814 0.807103 0.0601889 0.0582996
0 0.757395 0.774633 0.0321151 0.0311446
0 0.141616 0.566096 0.0539471 0.051517
0 0.0807781 0.313045 0.0360699 0.0356455
0 0.146244 0.771637 0.0286891 0.0275263
0 0.125461 0.105673 0.0577596 0.0573949
0 0.215128 0.237735 0.165025 0.158388
0 0.930922 0.429543 0.1369 0.259888
0 0.389235 0.916567 0.0274342 0.0265137
0 0.857534 0.0691901 0.0368042 0.0354254
0 0.421077 0.642119 0.0277348 0.0276052
0 0.64424 0.599592 0.0497683 0.0488631
0 0.622917 0.745895 0.031106 0.0302954
0 0.974367 0.246538 0.0511936 0.0858219
0 0.0745819 0.498752 0.0307065 0.0297233
0 0.249053 0.197664 0.0272408 0.0264272
0 0.104259 0.816323 0.0629989 0.0606689
0 0.391385 0.687097 0.0254206 0.0258183
0 0.444231 0.432257 0.061629 0.0608362
0 0.90893 0.746001 0.0406651 0.0408688
0 0.099934 0.887495 0.199868 0.224924
0 0.529549 0.554652 0.0461031 0.0436195
0 0.44127 0.95195 0.0258796 0.0253471
0 0.683365 0.675526 0.0575256 0.0558346
0 0.285606 0.597564 0.0267341 0.0247262
