0 0.912491 0.179408 0.0869949 0.0793403
0 0.904528 0.869822 0.0697323 0.0665657
0 0.706571 0.472149 0.0394392 0.0354898
0 0.407564 0.815102 0.0628577 0.0570939
0 0.581775 0.436628 0.0309444 0.0287378
0 0.514009 0.341692 0.0297802 0.0279345
0 0.781282 0.513151 0.0399405 0.0371169
0 0.986636 0.326288 0.0267277 0.0271249
0 0.558514 0.0862078 0.0292546 0.0264843
0 0.140333 0.00662194 0.0439945 0.0132439
0 0.397277 0.433313 0.0279904 0.0266539
0 0.0718428 0.271614 0.0291311 0.027035
0 0.135697 0.945143 0.0268602 0.0247496
0 0.7664 0.481528 0.0386799 0.0361931
0 0.601013 0.633625 0.0928556 0.0855835
0 0.499467 0.960148 0.160854 0.079427
