0 0.426794 0.316766 0.156686 0.134235
0 0.483546 0.832904 0.121174 0.102179
0 0.171511 0.461313 0.105464 0.0868448
0 0.323642 0.109319 0.0767812 0.060834
0 0.438081 0.796106 0.0892715 0.0741343
0 0.0754595 0.545974 0.150919 0.167198
0 0.898332 0.265739 0.0598755 0.0487919
0 0.722951 0.930497 0.0699606 0.0553925
0 0.530461 0.036459 0.065329 0.0523658
0 0.093986 0.783647 0.0522536 0.0446839
0 0.515441 0.577165 0.0413217 0.0316147
0 0.475107 0.070897 0.0348083 0.0289076
0 0.282376 0.538007 0.0762258 0.0628271
0 0.80969 0.201994 0.0732822 0.0626255
0 0.658761 0.112589 0.0943043 0.0770807
0 0.317535 0.487822 0.0604463 0.0536522
0 0.600111 0.987554 0.0423002 0.0248925
0 0.239285 0.688232 0.0403463 0.031969
0 0.481946 0.936106 0.0519246 0.0409271
0 0.578833 0.951489 0.0548622 0.0434927
0 0.519599 0.548033 0.0322245 0.0292177
0 0.703193 0.753246 0.0463739 0.0374901
0 0.700618 0.021377 0.0864077 0.0421468
0 0.527602 0.94118 0.0407831 0.0328796
0 0.681553 0.0608972 0.0982455 0.0820452
0 0.374239 0.990488 0.0723627 0.0190244
0 0.478563 0.576364 0.0335257 0.026688
0 0.293638 0.793346 0.0746938 0.061867
0 0.341636 0.758806 0.0494734 0.0426708
0 0.549087 0.548873 0.0328852 0.0278932
0 0.446523 0.105966 0.070389 0.0566809
0 0.236822 0.417041 0.061818 0.0497373
0 0.513303 0.50142 0.0739882 0.0617701
0 0.164023 0.707223 0.0535583 0.0437731
0 0.220376 0.522362 0.0497935 0.0406816
0 0.28244 0.865113 0.0477962 0.0397545
0 0.541596 0.869564 0.0285831 0.0255339
0 0.729406 0.275648 0.0508775 0.0420634
0 0.286031 0.895722 0.0490367 0.0394966
0 0.149953 0.290222 0.0697073 0.0525856
0 0.638313 0.555063 0.0768335 0.0635792
0 0.372027 0.567423 0.0342694 0.029061
0 0.504214 0.191641 0.0892773 0.0824721
0 0.53407 0.184743 0.135736 0.100903
0 0.352433 0.561201 0.0710094 0.0563948
0 0.22814 0.071474 0.052623 0.0440513
0 0.977564 0.00543237 0.0344934 0.0108647
0 0.322879 0.678428 0.0386812 0.0323141
0 0.645114 0.931442 0.0351892 0.0294344
0 0.296446 0.588802 0.0624367 0.0509468
0 0.575596 0.935821 0.0480263 0.0323696
0 0.552352 0.978427 0.0306902 0.0267319
