0 0.404604 0.643202 0.164813 0.139908
0 0.26484 0.110142 0.141356 0.118346
0 0.462526 0.912243 0.0974346 0.0813622
0 0.191651 0.0360516 0.110675 0.071951
0 0.285132 0.771481 0.0500016 0.0426861
0 0.455292 0.0164039 0.0591124 0.0322015
0 0.688245 0.672032 0.113377 0.0995255
0 0.831622 0.0746121 0.0442936 0.0383737
0 0.385929 0.979195 0.0441929 0.0376829
0 0.449242 0.274342 0.0810131 0.0688213
0 0.382295 0.706614 0.0665686 0.0569242
0 0.881221 0.19539 0.0925663 0.0818483
0 0.837126 0.825 0.0754011 0.0619925
0 0.630442 0.437496 0.0949766 0.082126
0 0.590127 0.244136 0.103649 0.0881563
0 0.553146 0.890339 0.0370157 0.0331539
0 0.738825 0.553488 0.0890566 0.0739334
0 0.666104 0.284465 0.0797468 0.0661983
0 0.365482 0.215667 0.123432 0.108466
0 0.546924 0.193053 0.0845252 0.0706271
0 0.390464 0.834387 0.0517284 0.0460861
0 0.613526 0.0986788 0.0636445 0.0495235
0 0.970113 0.651413 0.0588097 0.0747033
0 0.0828372 0.935051 0.0286337 0.0255293
0 0.54244 0.580011 0.0724009 0.0617408
0 0.645024 0.915454 0.102582 0.086158
0 0.18318 0.452566 0.0760012 0.0603323
0 0.623571 0.550178 0.0649159 0.0525614
0 0.950977 0.254624 0.0980459 0.122029
0 0.413668 0.0938396 0.0841257 0.0717668
0 0.792462 0.867282 0.0912682 0.071283
0 0.534306 0.964206 0.0899551 0.0707602
0 0.991113 0.148635 0.0177742 0.0528484
0 0.27373 0.733737 0.0294774 0.0261741
0 0.835746 0.755824 0.0542564 0.0443283
0 0.278381 0.574163 0.0303437 0.0263456
0 0.856198 0.288218 0.0986723 0.0803305
0 0.943 0.412454 0.113443 0.121151
0 0.0506364 0.424614 0.101273 0.100831
0 0.878773 0.869558 0.0844086 0.0636267
0 0.41928 0.170476 0.0742666 0.060515
0 0.789651 0.0878436 0.0279205 0.0240402
0 0.927187 0.798411 0.0997017 0.0877813
0 0.476662 0.806021 0.0848577 0.0691242
0 0.603644 0.968256 0.054512 0.047578
0 0.831386 0.975796 0.102897 0.0484085
0 0.376063 0.0432453 0.0549272 0.0463502
0 0.671352 0.850643 0.0806255 0.0597057
0 0.845443 0.0185863 0.073875 0.0367551
0 0.486051 0.139295 0.0519116 0.0437092
0 0.797261 0.646531 0.11718 0.09807
0 0.0287889 0.904904 0.0257272 0.0227283
0 0.632826 0.529455 0.0890829 0.0796425
0 0.647705 0.0319838 0.0470371 0.0413189
