0 0.954374 0.838399 0.089321 0.0906959
0 0.20292 0.852401 0.0590792 0.0562706
0 0.55433 0.405352 0.0453109 0.0440689
0 0.100922 0.590846 0.0383345 0.0371227
0 0.0647731 0.615323 0.038718 0.037047
0 0.331021 0.732684 0.0440931 0.0430965
0 0.178271 0.62556 0.0379176 0.0363256
0 0.624201 0.964337 0.0414183 0.0381927
0 0.514952 0.426471 0.0299034 0.0286842
0 0.561173 0.512358 0.0344928 0.0329986
0 0.0881847 0.561356 0.0379862 0.0370304
0 0.213655 0.660789 0.0412144 0.0400123
0 0.0559151 0.694413 0.0364146 0.0349569
0 0.254194 0.408749 0.0311368 0.0305274
0 0.412858 0.563051 0.0320539 0.0319944
0 0.713714 0.242716 0.0293494 0.0285232
0 0.139393 0.0435503 0.034069 0.0319617
0 0.211711 0.194406 0.032903 0.0327848
0 0.654421 0.172269 0.0346269 0.0332619
0 0.20215 0.173731 0.0314131 0.0300437
0 0.777122 0.965564 0.183325 0.0688726
0 0.800589 0.38312 0.0293442 0.0280083
0 0.194163 0.695804 0.0312693 0.0305914
0 0.0493522 0.829042 0.0556232 0.0540955
0 0.323785 0.786791 0.0312265 0.0299517
0 0.812805 0.365711 0.0296677 0.0284435
0 0.62687 0.378085 0.0329715 0.0324177
0 0.270402 0.0847776 0.0273466 0.0260699
0 0.245414 0.837505 0.0341524 0.0325542
0 0.664517 0.685057 0.0599643 0.0575647
0 0.902928 0.0117465 0.0296198 0.0233382
0 0.524274 0.484242 0.0595188 0.057831
0 0.0302433 0.191798 0.0481969 0.0500147
0 0.762643 0.596921 0.0282696 0.0272131
0 0.0231859 0.399637 0.0370421 0.0344955
0 0.224504 0.893911 0.122055 0.115042
0 0.0570177 0.765463 0.069205 0.0662405
0 0.618489 0.811855 0.0283101 0.0262012
0 0.986783 0.24429 0.0262894 0.0268956
0 0.584296 0.633911 0.0392614 0.0363592
0 0.416648 0.22054 0.055591 0.0568462
0 0.0760989 0.162874 0.0306456 0.0295495
0 0.990755 0.218359 0.0184902 0.0250712
0 0.182173 0.973379 0.0487146 0.0467232
