0 0.196245 0.368856 0.24018 0.227095
0 0.520128 0.27802 0.137531 0.128177
0 0.63648 0.192222 0.0647383 0.0609773
0 0.743806 0.0352415 0.0892466 0.0704831
0 0.553083 0.439289 0.0541897 0.0508303
0 0.590083 0.089584 0.0790808 0.0739104
0 0.0429949 0.856576 0.0707711 0.0666584
0 0.3319 0.644248 0.0375152 0.036974
0 0.386087 0.857852 0.0355693 0.0338661
0 0.489127 0.471128 0.0350895 0.0332731
0 0.712744 0.968355 0.0361661 0.0342703
0 0.838384 0.588142 0.0345772 0.0330364
0 0.336424 0.366129 0.046284 0.0457445
0 0.647214 0.337552 0.0896757 0.0841555
0 0.767015 0.104148 0.0383191 0.0362462
0 0.95735 0.616692 0.0286392 0.0273509
0 0.858338 0.401131 0.0292011 0.0284382
0 0.386724 0.928093 0.0302091 0.0294418
0 0.869789 0.455915 0.0346256 0.0338682
0 0.20056 0.0825857 0.0420599 0.0388231
0 0.402748 0.562875 0.0295973 0.0277404
0 0.480697 0.955831 0.0303644 0.0269394
0 0.0587521 0.0310817 0.0536753 0.0504771
0 0.469663 0.0193003 0.0380745 0.0364449
0 0.24409 0.787356 0.0289151 0.0275467
0 0.462077 0.181345 0.0412286 0.0367748
0 0.372237 0.0491856 0.181713 0.0977692
0 0.203538 0.0217258 0.0330263 0.0310407
0 0.422731 0.669588 0.0273115 0.0266763
0 0.583638 0.307895 0.0794371 0.0742977
0 0.552882 0.792982 0.069832 0.0643169
0 0.768485 0.988474 0.0311932 0.0228752
0 0.904525 0.100125 0.190279 0.199796
0 0.496261 0.158589 0.0252928 0.0239971
0 0.539246 0.94104 0.0299227 0.0284985
0 0.253457 0.752916 0.0288332 0.0269162
0 0.00958034 0.90882 0.0186173 0.054586
0 0.164972 0.00762858 0.0282402 0.0152078
0 0.183337 0.976544 0.114952 0.0469112
0 0.647154 0.957733 0.0275421 0.0250725
0 0.726226 0.837503 0.0301661 0.0284597
0 0.569843 0.933641 0.0293168 0.0273186
0 0.691753 0.987004 0.0257553 0.0230675
0 0.38117 0.390784 0.0275379 0.0248956
0 0.840764 0.299001 0.0619453 0.0585794
0 0.992053 0.0822097 0.0157675 0.0291344
0 0.816032 0.557909 0.11432 0.109461
0 0.112563 0.178718 0.225127 0.337286
0 0.242084 0.236042 0.0721969 0.0644458
0 0.723691 0.407494 0.02634 0.0249129
0 0.55451 0.743091 0.0260494 0.0235804
0 0.989967 0.247166 0.0200665 0.0294432
