0 0.504367 0.533124 0.129698 0.112531
0 0.0762691 0.166606 0.0373044 0.0310742
0 0.79782 0.417743 0.045925 0.0387053
0 0.588581 0.0117885 0.0490368 0.0233994
0 0.608122 0.158795 0.0376446 0.0315322
0 0.0909212 0.686411 0.181303 0.269216
0 0.960933 0.869156 0.040769 0.0341301
0 0.366865 0.802804 0.0333141 0.0302128
0 0.203547 0.238316 0.0374146 0.0300792
0 0.948485 0.949071 0.0493624 0.0406796
0 0.921692 0.919077 0.0540997 0.0446081
0 0.951595 0.897517 0.0342215 0.029484
0 0.0435202 0.639192 0.0336618 0.0291792
0 0.501793 0.71465 0.0511256 0.044202
0 0.916014 0.792689 0.0379696 0.0308208
0 0.344677 0.737528 0.0315578 0.0275068
0 0.671906 0.802487 0.0314885 0.0289837
0 0.544205 0.369114 0.0330141 0.0268282
0 0.526841 0.965332 0.0907501 0.0693362
0 0.416574 0.420262 0.0392782 0.0338367
0 0.636782 0.985348 0.041997 0.0293045
0 0.669594 0.664473 0.0589409 0.0514841
0 0.780588 0.040657 0.0325592 0.0271407
0 0.0294352 0.485331 0.0440484 0.0368337
0 0.867587 0.443455 0.0290558 0.024336
0 0.0148701 0.364783 0.0297401 0.0382153
0 0.869748 0.337475 0.0480473 0.0399809
