0 0.788182 0.271522 0.274215 0.2719
0 0.512775 0.256924 0.071737 0.0706029
0 0.15621 0.340128 0.10843 0.106215
0 0.562807 0.970115 0.0699585 0.0597702
0 0.288921 0.904387 0.273383 0.191226
0 0.763585 0.298465 0.042906 0.041764
0 0.331908 0.601466 0.127463 0.126259
0 0.879491 0.0190227 0.0562414 0.0380454
0 0.272073 0.233926 0.0371963 0.0359096
0 0.739659 0.073721 0.0346741 0.0331318
0 0.787991 0.445462 0.0295179 0.0288421
0 0.0812225 0.59643 0.0590316 0.0583274
0 0.348452 0.494964 0.0660535 0.0635918
0 0.514013 0.065709 0.0921808 0.0911462
0 0.438184 0.772731 0.354283 0.387701
0 0.234967 0.403359 0.207558 0.208858
0 0.743571 0.340926 0.0316351 0.0307085
0 0.0475922 0.986722 0.0283027 0.0248665
0 0.297814 0.523758 0.0452869 0.0455484
0 0.0708654 0.139626 0.141731 0.200568
0 0.827486 0.589678 0.0373524 0.0364258
0 0.792131 0.0226808 0.027222 0.0268508
0 0.67835 0.597577 0.0259686 0.0254634
0 0.711555 0.514649 0.0301482 0.0285929
0 0.64665 0.931622 0.0297283 0.0298763
0 0.467323 0.284044 0.0338919 0.0320917
0 0.462835 0.494224 0.0524568 0.0504702
0 0.835327 0.648815 0.0331966 0.0321593
0 0.0318733 0.847457 0.0620542 0.0660816
0 0.126876 0.0484309 0.0332642 0.0312047
0 0.0635838 0.664833 0.0258685 0.0250341
0 0.609004 0.0581854 0.0256067 0.0251567
0 0.0646354 0.821894 0.0506114 0.0477709
0 0.587907 0.063435 0.0253784 0.0244265
0 0.581631 0.545407 0.025028 0.0251942
0 0.2079 0.420616 0.0277322 0.02644
0 0.356041 0.419449 0.0326333 0.0321871
0 0.499874 0.511867 0.0240258 0.0229938
