0 0.159206 0.28066 0.0637219 0.0589623
0 0.433401 0.453161 0.0703009 0.0681196
0 0.357719 0.202593 0.0545474 0.0511777
0 0.625806 0.861971 0.0455544 0.042877
0 0.502794 0.637118 0.0389408 0.0370476
0 0.693661 0.905414 0.0636208 0.0587423
0 0.597379 0.887853 0.0343957 0.0319065
0 0.55338 0.5911 0.0375346 0.0355641
0 0.0427183 0.330296 0.0416166 0.0374367
0 0.239216 0.531511 0.0316156 0.029451
0 0.0428713 0.38398 0.0332108 0.0301224
0 0.504511 0.726391 0.0389835 0.0361364
0 0.278714 0.226537 0.0446628 0.0424369
0 0.185161 0.112245 0.161994 0.148842
0 0.588272 0.768373 0.0776697 0.0729145
0 0.430409 0.204479 0.0576883 0.0548862
0 0.827191 0.828335 0.0891663 0.0830053
0 0.4749 0.222054 0.0280952 0.028117
0 0.406829 0.62966 0.0265593 0.0243036
0 0.303434 0.129989 0.0342262 0.0320307
0 0.136742 0.0790089 0.032877 0.0312975
0 0.566207 0.0511442 0.0322125 0.0300512
0 0.628695 0.298541 0.0270014 0.0267519
0 0.293626 0.177557 0.0903076 0.0855123
0 0.829203 0.388713 0.0294857 0.0291325
0 0.96292 0.924882 0.0373682 0.0343437
0 0.602329 0.229363 0.0275614 0.0261365
0 0.133078 0.246574 0.027622 0.0270703
0 0.654112 0.741395 0.030924 0.0285077
0 0.91488 0.839584 0.0743324 0.0709982
0 0.178458 0.191257 0.0388804 0.035371
0 0.902745 0.778089 0.0553093 0.0508804
0 0.61636 0.490426 0.0371334 0.0347735
0 0.682296 0.218647 0.0425673 0.0431281
0 0.112809 0.464129 0.0264656 0.0257236
0 0.502101 0.167404 0.030404 0.0296643
0 0.0804767 0.0539754 0.0331006 0.0293091
