0 0.891355 0.395559 0.214676 0.210652
0 0.352584 0.947878 0.0799331 0.0784386
0 0.674632 0.813732 0.061315 0.0586428
0 0.109173 0.268505 0.0443446 0.0433577
0 0.387002 0.0395028 0.0357232 0.0350822
0 0.149981 0.72683 0.0736681 0.0706839
0 0.0196672 0.555927 0.0320846 0.0323922
0 0.4979 0.774127 0.118968 0.112378
0 0.254264 0.11319 0.0387866 0.0382928
0 0.270349 0.704966 0.0301515 0.0300501
0 0.388663 0.259302 0.064133 0.0634998
0 0.308888 0.817552 0.0293241 0.0295086
0 0.558087 0.402649 0.0312902 0.028778
0 0.711742 0.0483086 0.0299938 0.030047
0 0.374704 0.138069 0.033109 0.0321042
0 0.628739 0.28021 0.126014 0.128287
0 0.425509 0.956215 0.0304766 0.031142
0 0.219523 0.937243 0.0331999 0.0318539
0 0.218868 0.64156 0.0379867 0.0367979
0 0.357499 0.678908 0.0271327 0.0267061
0 0.829266 0.879135 0.0651287 0.0656155
0 0.399724 0.905387 0.0480244 0.046398
0 0.362105 0.606126 0.0289182 0.0276847
0 0.127135 0.987033 0.0271607 0.025111
0 0.349089 0.165147 0.0278487 0.027643
0 0.880868 0.145432 0.0810123 0.078674
0 0.371813 0.210436 0.0303982 0.0295246
0 0.580551 0.887631 0.0729342 0.0709103
0 0.125543 0.603053 0.0266182 0.025926
