0 0.201364 0.818265 0.319426 0.277004
0 0.518057 0.441932 0.172067 0.157329
0 0.741464 0.819187 0.0813922 0.0728943
0 0.958977 0.737633 0.0793247 0.0742954
0 0.535457 0.195446 0.0479277 0.043933
0 0.277533 0.558564 0.105294 0.0923346
0 0.445153 0.223511 0.0580801 0.0537079
0 0.241755 0.469662 0.057957 0.0532145
0 0.137189 0.465654 0.0507466 0.0474219
0 0.785572 0.307939 0.166698 0.155389
0 0.942359 0.919194 0.0570377 0.0530697
0 0.174022 0.370201 0.18221 0.169881
0 0.30457 0.462239 0.064293 0.0589329
0 0.032842 0.716423 0.0656838 0.0916203
0 0.404454 0.461919 0.0452265 0.0409136
0 0.231961 0.624481 0.0471483 0.0426779
0 0.388184 0.555076 0.0408407 0.03706
0 0.780628 0.612865 0.0322292 0.0296295
0 0.198349 0.162573 0.0452314 0.0424953
0 0.372934 0.504728 0.0677047 0.0633022
0 0.25529 0.00953365 0.0294197 0.0190673
0 0.374207 0.92456 0.0368905 0.0316048
0 0.194985 0.501954 0.0581427 0.0499569
0 0.02082 0.22401 0.0413839 0.0412786
0 0.213693 0.655759 0.0701974 0.0601243
0 0.874195 0.0253099 0.0404037 0.0392622
0 0.799137 0.0507448 0.0345947 0.0337106
0 0.897352 0.28772 0.0321487 0.0306583
0 0.655358 0.242937 0.166928 0.153684
0 0.507163 0.719357 0.0330145 0.0290695
0 0.959754 0.844804 0.0313488 0.0297024
0 0.293596 0.679589 0.0307871 0.026251
0 0.484373 0.0205287 0.0588255 0.0410575
0 0.852475 0.0110506 0.0620283 0.0221013
0 0.58357 0.425538 0.0463217 0.042491
0 0.387823 0.331435 0.0571461 0.0520599
0 0.975035 0.982919 0.0298222 0.0285501
0 0.50608 0.295087 0.0334772 0.0310059
0 0.440169 0.370012 0.0369654 0.0352365
0 0.319626 0.00967445 0.0612145 0.0193489
0 0.731173 0.755543 0.035998 0.0326932
0 0.269582 0.497228 0.0430341 0.038436
0 0.607971 0.683381 0.043855 0.0362743
0 0.186908 0.607993 0.0616934 0.0543625
0 0.919661 0.796609 0.0287552 0.0260187
0 0.712412 0.720087 0.0470523 0.0435083
0 0.595709 0.395831 0.032062 0.0301231
0 0.398381 0.56922 0.0686281 0.0612194
0 0.602662 0.782148 0.0404354 0.0368567
0 0.725842 0.0142915 0.0459417 0.0285189
0 0.930165 0.818971 0.0381943 0.0352554
0 0.563387 0.967543 0.0380026 0.0328434
0 0.978616 0.378123 0.0423349 0.0811629
0 0.346716 0.363909 0.063718 0.0574849
0 0.665033 0.984288 0.037619 0.0314248
0 0.532318 0.245665 0.0566702 0.0499704
0 0.0448926 0.971609 0.0326424 0.0290783
0 0.954573 0.89332 0.0366165 0.0338821
0 0.376652 0.25794 0.0929132 0.0855908
0 0.13995 0.0479286 0.068303 0.0648723
0 0.535602 0.00662077 0.0480812 0.0132415
0 0.376851 0.4052 0.0273016 0.0252643
0 0.416863 0.628402 0.0308163 0.0264029
0 0.00648437 0.255168 0.0129687 0.0424082
0 0.512449 0.21912 0.0252119 0.0243082
0 0.361369 0.0878249 0.0541546 0.0487422
