0 0.519187 0.128935 0.053492 0.0420874
0 0.101452 0.563831 0.0547654 0.0405662
0 0.966308 0.234515 0.0507355 0.0393255
0 0.246071 0.793519 0.0623168 0.0513515
0 0.415454 0.890556 0.0423677 0.0330643
0 0.56146 0.608862 0.0380796 0.0301149
0 0.231554 0.834899 0.0804289 0.061845
0 0.276142 0.638845 0.0351967 0.0270275
0 0.618985 0.0492333 0.0410933 0.0336196
0 0.163892 0.387475 0.0331538 0.0249695
0 0.599314 0.248649 0.049041 0.0387828
0 0.426183 0.803493 0.0320364 0.0257779
0 0.281068 0.887367 0.0303382 0.0244621
0 0.12678 0.321359 0.0330122 0.0263911
0 0.770388 0.499264 0.0342669 0.0275616
0 0.451613 0.461369 0.0299684 0.0249121
0 0.831335 0.0214064 0.0371574 0.0285967
0 0.912179 0.884538 0.0315643 0.0268385
0 0.0157131 0.501668 0.0314261 0.0274866
0 0.15453 0.24336 0.0432591 0.0362279
0 0.223001 0.683801 0.0366461 0.0275743
