0 0.245776 0.35299 0.482092 0.433178
0 0.894758 0.115265 0.126613 0.117956
0 0.404828 0.91715 0.127248 0.112131
0 0.33904 0.556997 0.0343699 0.0333252
0 0.540504 0.061609 0.166782 0.123218
0 0.493292 0.331803 0.02484 0.0248633
0 0.179746 0.0959951 0.0335528 0.0304896
0 0.0393127 0.53364 0.0503443 0.0457352
0 0.751042 0.336547 0.0331633 0.0308059
0 0.658787 0.478823 0.0380343 0.0371538
0 0.904844 0.0576472 0.0301228 0.0288486
0 0.449453 0.194653 0.052696 0.0439617
0 0.932862 0.0793485 0.0290771 0.0283879
0 0.201727 0.111924 0.0438304 0.0391564
0 0.314176 0.0558708 0.0431052 0.0393458
0 0.73091 0.119955 0.0319528 0.0289724
0 0.133571 0.920285 0.0282887 0.0246944
0 0.706807 0.141103 0.0286094 0.0270475
