0 0.465784 0.412913 0.178044 0.131823
0 0.117551 0.938507 0.137264 0.107736
0 0.159703 0.601187 0.13164 0.0985714
0 0.551468 0.128598 0.514857 0.257197
0 0.792636 0.473523 0.41403 0.325764
0 0.121024 0.285434 0.0430472 0.0304769
0 0.0165793 0.717636 0.0329898 0.0345469
0 0.940475 0.61626 0.118574 0.107573
0 0.0725792 0.324702 0.0424456 0.0326265
0 0.205892 0.702139 0.034182 0.0264978
0 0.795318 0.838326 0.196968 0.148259
0 0.142469 0.891763 0.0356792 0.0268805
0 0.685124 0.907682 0.0790598 0.0622833
0 0.0224382 0.166923 0.044752 0.0721768
0 0.463978 0.831965 0.0488243 0.0366276
0 0.270963 0.399417 0.0533094 0.0421889
0 0.0551209 0.237239 0.0401359 0.0290214
0 0.793738 0.261651 0.0760252 0.0588327
0 0.340892 0.924187 0.111196 0.0880953
0 0.0529724 0.368136 0.0337636 0.0267119
0 0.390853 0.232501 0.0672126 0.0558119
0 0.159095 0.366077 0.0601806 0.0461532
0 0.225575 0.609294 0.0315233 0.02634
0 0.278565 0.179938 0.114473 0.0892009
0 0.523876 0.498362 0.118955 0.0850152
0 0.0208258 0.571949 0.0416517 0.0601389
