0 0.283274 0.0726999 0.113286 0.102841
0 0.189445 0.64933 0.0596063 0.0516468
0 0.449138 0.241118 0.0850187 0.0778097
0 0.340934 0.354653 0.0584247 0.0528436
0 0.502925 0.611184 0.0422904 0.0373615
0 0.886512 0.707419 0.0518574 0.0449742
0 0.0199919 0.91415 0.0399654 0.0497555
0 0.641356 0.284522 0.0458073 0.0418046
0 0.35008 0.0118116 0.0408281 0.0236231
0 0.402754 0.676618 0.0346729 0.0295218
0 0.689896 0.728719 0.0319413 0.0293688
0 0.21805 0.748587 0.0448719 0.0381217
0 0.206628 0.495742 0.033764 0.0304018
0 0.203394 0.345841 0.0342807 0.0296981
0 0.343852 0.499995 0.032096 0.0281158
0 0.861368 0.939404 0.0426912 0.0361465
0 0.715756 0.959333 0.0379425 0.0320622
0 0.700517 0.800225 0.0289864 0.0266659
0 0.0798641 0.122895 0.0332716 0.0308173
0 0.777542 0.990444 0.0547785 0.0191122
0 0.767715 0.317623 0.0293312 0.0288058
0 0.0488703 0.872967 0.0322854 0.0290955
0 0.264414 0.138247 0.0327033 0.0297434
0 0.419431 0.32444 0.0332607 0.0293207
0 0.0886039 0.540029 0.177208 0.240277
0 0.453919 0.124955 0.0367559 0.0345778
0 0.29319 0.393516 0.0266936 0.0239658
0 0.515267 0.985525 0.0635977 0.0286495
0 0.302524 0.58399 0.0309708 0.0274519
0 0.093452 0.147236 0.0285839 0.0263696
0 0.497107 0.227556 0.0270576 0.0296577
0 0.386787 0.247662 0.0385218 0.0335753
0 0.938368 0.971443 0.069915 0.0560028
