0 0.140781 0.731556 0.207434 0.165931
0 0.736602 0.607971 0.167201 0.136278
0 0.489585 0.684107 0.112971 0.0860854
0 0.33676 0.789826 0.0901109 0.0758188
0 0.536 0.82674 0.0482045 0.0377876
0 0.643521 0.476785 0.107461 0.0867844
0 0.642364 0.38675 0.161957 0.130732
0 0.142066 0.616551 0.102068 0.0823818
0 0.448028 0.968773 0.0573105 0.0444485
0 0.269517 0.517945 0.071094 0.0552127
0 0.845018 0.870415 0.0409752 0.0297926
0 0.793898 0.985389 0.0479759 0.0292228
0 0.665653 0.204063 0.0514727 0.0411221
0 0.705114 0.0849114 0.035098 0.0279817
0 0.189982 0.134006 0.0475508 0.0381279
0 0.331439 0.658515 0.225935 0.192024
0 0.81992 0.943209 0.0418758 0.034428
0 0.742249 0.154876 0.191512 0.145974
0 0.912226 0.0531844 0.0412556 0.0304567
0 0.76378 0.353841 0.231545 0.183281
0 0.278481 0.736865 0.0523678 0.0435034
0 0.72212 0.497654 0.0540129 0.0432764
0 0.899099 0.652305 0.0738213 0.0584501
0 0.0360613 0.851511 0.0640279 0.0520046
0 0.138906 0.991661 0.0431319 0.0166771
0 0.953634 0.304677 0.035458 0.0286513
0 0.81725 0.00843888 0.0450027 0.0167493
0 0.420596 0.38952 0.0464607 0.0381019
0 0.551929 0.339932 0.034038 0.0279058
0 0.0104549 0.0773959 0.0209097 0.039266
0 0.410756 0.130653 0.0647999 0.0547238
0 0.740479 0.546734 0.075035 0.0572672
0 0.0287951 0.105881 0.0472303 0.0398825
0 0.982993 0.696448 0.0340141 0.0414387
0 0.0149045 0.488706 0.0277878 0.0264168
0 0.159329 0.799944 0.0621599 0.0471817
