0 0.136657 0.326922 0.178031 0.144409
0 0.572274 0.665857 0.0470759 0.0367607
0 0.500236 0.0263086 0.0749184 0.0526172
0 0.861346 0.355441 0.0338165 0.0278687
0 0.375075 0.556585 0.0685328 0.0492177
0 0.212582 0.693194 0.0414281 0.0320442
0 0.0238559 0.0105252 0.0391537 0.0207615
0 0.826061 0.950664 0.142821 0.0979374
0 0.021857 0.844916 0.043714 0.0408014
0 0.433259 0.427597 0.0355108 0.0283233
0 0.350407 0.0609822 0.0753576 0.0563502
0 0.178444 0.596389 0.0887585 0.0583088
0 0.718058 0.36674 0.0331492 0.0256003
0 0.7447 0.882713 0.0321281 0.0258083
0 0.972623 0.285 0.0547539 0.10062
0 0.740868 0.849726 0.0334934 0.0278318
0 0.217186 0.144837 0.0494799 0.0382512
0 0.0616327 0.641256 0.123265 0.107837
0 0.403866 0.157068 0.0364199 0.0284823
0 0.222968 0.0817968 0.0606183 0.0474202
0 0.0316333 0.0738154 0.0304895 0.0238799
0 0.253091 0.699367 0.0516089 0.0379252
0 0.985624 0.89167 0.0287521 0.0526138
