0 0.375177 0.894329 0.0366222 0.0350721
0 0.392158 0.270966 0.0365756 0.0352542
0 0.443549 0.0774844 0.0623121 0.0605242
0 0.248134 0.210987 0.0340647 0.0330245
0 0.960766 0.238287 0.0779919 0.0888127
0 0.536178 0.912198 0.078496 0.073909
0 0.264684 0.454382 0.0790524 0.0781773
0 0.0743442 0.308029 0.0300815 0.0302713
0 0.858764 0.353422 0.0347897 0.0339986
0 0.956774 0.582086 0.086175 0.0979336
0 0.626069 0.899739 0.105149 0.102514
0 0.916311 0.193427 0.0353409 0.0349887
0 0.198791 0.0803167 0.0525427 0.0526136
0 0.925558 0.0587042 0.0294868 0.0285634
0 0.975314 0.321794 0.0493711 0.0657942
0 0.680032 0.711319 0.0287083 0.0279512
0 0.166888 0.702552 0.0244442 0.0226437
0 0.650617 0.760638 0.122797 0.119971
0 0.971081 0.0517771 0.05763 0.0948661
0 0.223373 0.175347 0.0303187 0.0298298
