0 0.594713 0.454243 0.318418 0.304678
0 0.183025 0.894486 0.0414913 0.0406118
0 0.278726 0.732757 0.0345267 0.0343256
0 0.55373 0.91173 0.0318736 0.0302196
0 0.104578 0.346619 0.0374202 0.0358159
0 0.689814 0.143991 0.0296741 0.0293457
0 0.414669 0.975053 0.0272316 0.0266911
0 0.0715723 0.616453 0.0258572 0.0253447
0 0.959019 0.673474 0.028278 0.0278246
0 0.0708523 0.422181 0.141543 0.279052
0 0.763139 0.473077 0.0253834 0.0247229
0 0.929514 0.133635 0.0246071 0.0236505
0 0.215672 0.919262 0.0320314 0.0309132
0 0.193519 0.763537 0.0242019 0.023885
0 0.444149 0.985473 0.0246744 0.0249481
0 0.985434 0.733261 0.0235104 0.0235549
0 0.143972 0.281181 0.0384213 0.0367352
0 0.928611 0.875864 0.0378668 0.0378185
0 0.321779 0.37724 0.025596 0.024888
0 0.0269738 0.603977 0.022771 0.0221395
0 0.184064 0.974123 0.311393 0.051755
