0 0.536199 0.237562 0.275831 0.271405
0 0.660801 0.490069 0.13151 0.129844
0 0.133831 0.0957461 0.054205 0.0527727
0 0.926447 0.228933 0.049164 0.0492489
0 0.164449 0.249436 0.0565762 0.0541211
0 0.315567 0.243701 0.0435642 0.0426088
0 0.0411827 0.308643 0.038764 0.0376982
0 0.725396 0.985819 0.031107 0.0283474
0 0.499314 0.0484563 0.0396982 0.0377315
0 0.08498 0.172033 0.0359995 0.0344609
0 0.516944 0.687089 0.0538459 0.0521086
0 0.571426 0.587425 0.0323187 0.0320292
0 0.452868 0.6465 0.0329116 0.0317303
0 0.753254 0.355721 0.0925823 0.0907067
0 0.239228 0.444761 0.0478852 0.0464324
0 0.0485686 0.174638 0.0402837 0.0385738
0 0.398152 0.31889 0.0334088 0.0331643
0 0.0527307 0.141955 0.0286882 0.0269679
0 0.58845 0.927453 0.0302919 0.0290651
0 0.147428 0.387421 0.100455 0.0984766
0 0.537386 0.978181 0.0512524 0.0433474
0 0.125774 0.980278 0.133275 0.0394432
0 0.14581 0.637708 0.0335341 0.03228
0 0.649594 0.392881 0.0278486 0.0286776
0 0.881742 0.359832 0.038212 0.0384624
0 0.922619 0.112504 0.0691277 0.0695081
0 0.568908 0.817804 0.0331354 0.0330128
0 0.508694 0.454527 0.0296486 0.0293413
0 0.775884 0.229005 0.0283691 0.0279403
0 0.325207 0.948368 0.0284858 0.0283802
0 0.238288 0.14142 0.0311734 0.0290305
0 0.27608 0.00997186 0.0701094 0.0198027
0 0.187344 0.68265 0.0301414 0.0289189
0 0.27253 0.93502 0.03732 0.0362104
0 0.363211 0.29038 0.0334176 0.0324122
0 0.685941 0.642423 0.0294197 0.0305094
0 0.980638 0.148919 0.0387244 0.0453654
0 0.65876 0.629087 0.0338718 0.0328457
0 0.329289 0.160671 0.032283 0.0304712
0 0.277432 0.0848814 0.0642189 0.0591697
0 0.572334 0.669857 0.0847443 0.0804785
0 0.478043 0.854913 0.0251472 0.0246029
0 0.279613 0.766926 0.0272236 0.026907
0 0.86115 0.0491078 0.141151 0.0977782
0 0.490412 0.525739 0.0259098 0.0249853
0 0.67995 0.373903 0.0297724 0.0288298
0 0.748819 0.574612 0.023415 0.0225655
0 0.449808 0.609545 0.0268184 0.026193
0 0.18028 0.0378173 0.141497 0.0753553
0 0.174232 0.653883 0.0317967 0.0322827
0 0.121123 0.246595 0.0275171 0.0270314
0 0.0453452 0.365469 0.0251382 0.0251996
0 0.291189 0.2083 0.0426699 0.0399951
0 0.549643 0.539304 0.0238044 0.0234309
0 0.185576 0.176223 0.0459975 0.0426769
0 0.10297 0.209455 0.0748238 0.0703743
