0 0.930757 0.145762 0.131316 0.123538
0 0.708603 0.188678 0.123691 0.11368
0 0.162654 0.0403456 0.0583233 0.057199
0 0.663314 0.432051 0.100982 0.094158
0 0.289417 0.0784975 0.0414413 0.0400882
0 0.254848 0.855224 0.0362071 0.0346699
0 0.645328 0.614604 0.043088 0.0411438
0 0.982082 0.0605084 0.0355988 0.0419884
0 0.574228 0.933647 0.0299709 0.0286549
0 0.411436 0.387092 0.292225 0.26531
0 0.987339 0.543998 0.025255 0.0449272
0 0.440763 0.698967 0.366309 0.360949
0 0.18806 0.0123395 0.0295866 0.0246198
0 0.778406 0.980478 0.0540334 0.0382521
0 0.656409 0.095488 0.05245 0.0479684
0 0.931228 0.988159 0.0321383 0.0235933
0 0.628556 0.684463 0.0872568 0.0802835
0 0.357881 0.615333 0.0262717 0.0251797
0 0.696365 0.280449 0.0756069 0.0735001
0 0.661666 0.918512 0.0272084 0.0261831
0 0.831725 0.830939 0.055442 0.0525276
0 0.651929 0.792085 0.0543028 0.0456096
0 0.662128 0.985406 0.0262525 0.0246384
0 0.980058 0.886824 0.0398844 0.0395935
0 0.336175 0.537154 0.0440763 0.0407335
0 0.772409 0.0820969 0.31652 0.164041
0 0.0465879 0.941727 0.0372142 0.0345827
