0 0.233068 0.110319 0.098947 0.0858239
0 0.898997 0.85298 0.0533676 0.0438805
0 0.102675 0.28106 0.06385 0.0544339
0 0.149121 0.21044 0.0470522 0.0400575
0 0.729156 0.53117 0.0508868 0.0421452
0 0.632774 0.50005 0.0408414 0.0352003
0 0.345632 0.819239 0.0757109 0.06577
0 0.602627 0.660002 0.0371386 0.0332544
0 0.597708 0.53018 0.0321339 0.0291307
0 0.383393 0.584269 0.0582973 0.0506687
0 0.788059 0.848144 0.037574 0.0315235
0 0.624756 0.582349 0.0381826 0.0337255
0 0.717107 0.0250032 0.0396721 0.0358771
0 0.328093 0.547211 0.0359641 0.0305116
0 0.636816 0.624952 0.0329247 0.0296201
0 0.60306 0.240725 0.0329858 0.0301455
0 0.0524157 0.72428 0.0387902 0.0326494
0 0.665312 0.528972 0.0354639 0.0318062
0 0.608431 0.477775 0.0328466 0.0299232
0 0.944311 0.246207 0.0380646 0.0346078
0 0.44064 0.865148 0.0334103 0.0289492
0 0.918527 0.560667 0.0375002 0.0321942
0 0.877975 0.312536 0.0422661 0.0369666
0 0.438254 0.826395 0.0366726 0.0310852
0 0.431284 0.178386 0.0310568 0.0275209
0 0.36623 0.653423 0.0693783 0.0586506
0 0.451294 0.320392 0.0346045 0.0284658
0 0.488967 0.71418 0.0303887 0.0275095
0 0.0865647 0.0160631 0.0328963 0.0291309
0 0.428645 0.757074 0.038376 0.0349258
0 0.555413 0.667016 0.0324697 0.0285873
0 0.960694 0.533278 0.0781885 0.129785
0 0.986121 0.517897 0.0273718 0.0326441
0 0.0311866 0.0576865 0.031726 0.0258827
0 0.521863 0.667507 0.0326897 0.0263645
0 0.0677825 0.564004 0.0443839 0.0377408
0 0.425284 0.918791 0.143528 0.124789
0 0.961699 0.621992 0.0765692 0.0726805
0 0.0232685 0.884229 0.0397465 0.0326786
0 0.15668 0.0122678 0.030571 0.0241836
0 0.0533446 0.585705 0.042857 0.0346175
0 0.958261 0.806955 0.0286095 0.0249321
0 0.307035 0.957382 0.0302284 0.0272114
0 0.90288 0.628497 0.0288197 0.0249427
0 0.701547 0.88573 0.0292347 0.0243053
0 0.456059 0.992809 0.0373099 0.0143631
0 0.0526737 0.922134 0.0305449 0.026672
0 0.358131 0.400874 0.028536 0.0250181
0 0.984971 0.82302 0.0284622 0.0256208
0 0.814682 0.0158999 0.0286949 0.0267803
0 0.402928 0.491794 0.0331837 0.0301945
0 0.761476 0.498344 0.0704516 0.063957
