0 0.379252 0.147766 0.0694119 0.0669275
0 0.331374 0.0925629 0.0567266 0.0543299
0 0.0690374 0.396471 0.0449586 0.0439493
0 0.868966 0.518394 0.0377323 0.0362074
0 0.172096 0.0195189 0.0714432 0.0389606
0 0.328032 0.664915 0.03417 0.0324272
0 0.159701 0.968063 0.146224 0.0638737
0 0.866802 0.979416 0.0395323 0.0377644
0 0.14172 0.758067 0.0362056 0.0348606
0 0.374509 0.617544 0.0279574 0.0266891
0 0.474907 0.96664 0.0601938 0.0571785
0 0.693265 0.559509 0.0285963 0.0276514
0 0.491595 0.557773 0.0254818 0.024439
0 0.296725 0.389984 0.027357 0.0255735
0 0.118493 0.134709 0.0367463 0.0344794
0 0.680592 0.63784 0.0266397 0.0252466
0 0.408375 0.609371 0.0273561 0.0270452
0 0.0305187 0.42392 0.0275796 0.02565
0 0.336202 0.789747 0.0329099 0.0303446
0 0.381325 0.0922776 0.0476431 0.0448209
0 0.0958284 0.863263 0.0378718 0.0363438
0 0.0369343 0.39957 0.0312983 0.0297473
0 0.889894 0.555211 0.0509846 0.0469033
0 0.979326 0.556623 0.0310097 0.028449
0 0.671819 0.290492 0.0354464 0.0322258
0 0.137602 0.678132 0.0258197 0.0244119
0 0.176377 0.555054 0.0357482 0.032728
