0 0.330725 0.224394 0.146734 0.127655
0 0.598118 0.168102 0.161547 0.157946
0 0.91649 0.793194 0.0829697 0.0751923
0 0.703963 0.333236 0.175666 0.166027
0 0.287309 0.545981 0.0706094 0.0644566
0 0.830657 0.721627 0.0493734 0.0465027
0 0.415701 0.274909 0.0525873 0.0470757
0 0.873023 0.137473 0.0437311 0.039491
0 0.16629 0.506859 0.186212 0.169129
0 0.048941 0.044673 0.080743 0.0719573
0 0.522101 0.785347 0.53009 0.429306
0 0.318978 0.0444832 0.121761 0.0880892
0 0.796347 0.621939 0.0510738 0.0459027
0 0.0159473 0.240789 0.0318946 0.0382555
0 0.54152 0.505271 0.0383057 0.0362902
0 0.854744 0.314756 0.0762898 0.0673255
0 0.0300039 0.910729 0.0310071 0.0281071
0 0.678894 0.4641 0.0323715 0.028973
0 0.279339 0.499059 0.0415854 0.0364528
0 0.696425 0.252215 0.119571 0.114565
0 0.932866 0.349233 0.0873583 0.0809188
0 0.154266 0.14186 0.249271 0.221278
0 0.148269 0.0137803 0.0309914 0.0275605
0 0.849183 0.38623 0.0815117 0.0735048
0 0.697001 0.00967596 0.0358131 0.019135
0 0.670166 0.585079 0.0934277 0.0813669
0 0.859986 0.16433 0.042543 0.0381979
0 0.0487604 0.00702504 0.0495267 0.0140501
0 0.645193 0.0297238 0.0835388 0.0589215
0 0.747212 0.0575926 0.0364168 0.0315499
0 0.0474511 0.543437 0.0651091 0.0537481
0 0.78538 0.0968841 0.0675295 0.0565876
0 0.226246 0.854051 0.0813159 0.0711056
0 0.361748 0.0272738 0.0520682 0.0464024
0 0.0522736 0.945452 0.0347497 0.03069
0 0.580751 0.562733 0.0644273 0.0599575
0 0.0172536 0.759536 0.0344015 0.0508934
0 0.503751 0.515097 0.0504024 0.0472676
0 0.446406 0.133756 0.0292372 0.0262779
0 0.5475 0.458279 0.0345683 0.032525
0 0.962262 0.615337 0.0754751 0.0944157
0 0.20791 0.912503 0.286277 0.17454
0 0.477128 0.450476 0.0515595 0.0492466
0 0.896046 0.205115 0.0286499 0.0273178
0 0.23947 0.935687 0.0388545 0.032275
0 0.495128 0.00981204 0.0518513 0.0195293
0 0.8195 0.0706832 0.0416626 0.0369421
0 0.516415 0.458564 0.0271116 0.025531
0 0.84432 0.915325 0.053853 0.0500675
0 0.13228 0.791817 0.0338037 0.0278873
0 0.528353 0.552913 0.0347517 0.0332424
0 0.389671 0.08715 0.0814159 0.0730682
0 0.384438 0.155244 0.0454223 0.0407391
0 0.360452 0.413037 0.0431933 0.0372158
