0 0.128854 0.596 0.113788 0.1116
0 0.0705823 0.513769 0.107475 0.10554
0 0.0529253 0.675275 0.0575204 0.0536748
0 0.206699 0.649616 0.109457 0.106653
0 0.56927 0.517461 0.0534906 0.0518343
0 0.252265 0.469058 0.0504641 0.0484341
0 0.341086 0.469413 0.0356345 0.0336565
0 0.883875 0.651773 0.0483658 0.0472153
0 0.113362 0.474107 0.0342766 0.0338148
0 0.597692 0.90275 0.0703632 0.0702225
0 0.661259 0.568828 0.0747557 0.0717476
0 0.100539 0.881396 0.029186 0.027696
0 0.985749 0.532661 0.0284599 0.0302896
0 0.511646 0.889247 0.0283841 0.0275528
0 0.223883 0.551082 0.0292416 0.029016
0 0.868669 0.324814 0.0294853 0.0279541
0 0.640845 0.961234 0.0972094 0.0770527
0 0.0502675 0.770827 0.0993393 0.0982925
0 0.677668 0.90595 0.0925646 0.0910006
0 0.0258159 0.128962 0.0262083 0.025225
0 0.593263 0.471455 0.0737455 0.0719843
0 0.378093 0.253172 0.0238 0.0226769
0 0.0622102 0.0482447 0.109067 0.0955251
0 0.263948 0.634886 0.030127 0.0286139
0 0.455103 0.885516 0.0320141 0.0303909
0 0.69388 0.507698 0.13757 0.135802
0 0.441776 0.739003 0.109915 0.106776
0 0.207149 0.398427 0.0250711 0.0243728
0 0.732681 0.579718 0.0659552 0.0622166
0 0.52343 0.682922 0.0781389 0.0736271
0 0.435349 0.482156 0.0280159 0.0263634
0 0.866297 0.88032 0.0369679 0.0356453
0 0.293357 0.304291 0.0226133 0.0221177
0 0.0470047 0.586262 0.0653193 0.064547
