0 0.3364 0.188326 0.0498197 0.0459518
0 0.300298 0.0940677 0.0369562 0.0350846
0 0.510799 0.38365 0.0449653 0.0417648
0 0.252976 0.831681 0.0342209 0.0320675
0 0.104123 0.704503 0.0367367 0.0354746
0 0.961713 0.300403 0.0379728 0.0368108
0 0.711961 0.273109 0.0308727 0.0296824
0 0.481305 0.23887 0.0298745 0.0283067
0 0.535629 0.0508316 0.040738 0.0358565
0 0.381318 0.235523 0.028717 0.026262
0 0.175281 0.815845 0.0307107 0.0291584
0 0.255468 0.345248 0.0295984 0.0280558
0 0.536744 0.671577 0.0288912 0.0263445
0 0.0713491 0.948633 0.0285615 0.0270493
0 0.296965 0.467642 0.052269 0.0479721
0 0.220008 0.629183 0.201936 0.191347
0 0.87761 0.563219 0.0493382 0.0452909
0 0.847898 0.722426 0.153788 0.149072
0 0.166388 0.324007 0.0273431 0.025539
0 0.622149 0.926498 0.029374 0.0263992
0 0.451673 0.37411 0.0839117 0.0807999
0 0.405359 0.342981 0.0315241 0.0277842
0 0.129772 0.24556 0.0286329 0.0280763
0 0.332833 0.409307 0.0877848 0.0798375
0 0.825017 0.108561 0.0737209 0.0688305
0 0.0458937 0.817212 0.0250216 0.0231148
