0 0.608538 0.663781 0.191077 0.182333
0 0.505117 0.0932606 0.135564 0.127476
0 0.476217 0.757611 0.0947893 0.086922
0 0.331368 0.541583 0.128485 0.117507
0 0.0589566 0.337508 0.117913 0.189239
0 0.919856 0.506517 0.160288 0.164979
0 0.144943 0.257846 0.0415404 0.039204
0 0.0549061 0.60733 0.041996 0.037421
0 0.47726 0.567647 0.191419 0.180365
0 0.408071 0.18445 0.0637051 0.0601933
0 0.0830722 0.0377152 0.0386548 0.0370374
0 0.086808 0.140223 0.0359399 0.0341444
0 0.171538 0.298041 0.0638135 0.0580575
0 0.729029 0.477542 0.049472 0.0436718
0 0.10917 0.734111 0.0446324 0.0405777
0 0.642234 0.830506 0.0411773 0.0391018
0 0.476312 0.173419 0.0461655 0.0428328
0 0.888531 0.399694 0.0498394 0.045206
0 0.677459 0.315502 0.0795952 0.0742029
0 0.589211 0.375021 0.0858212 0.0782113
0 0.961317 0.115773 0.0324621 0.0309523
0 0.138775 0.952683 0.041491 0.0372004
0 0.641022 0.254177 0.131755 0.122565
0 0.0159284 0.044669 0.0318568 0.0859888
0 0.710345 0.876699 0.0368173 0.0343693
0 0.636546 0.419222 0.0526316 0.0446426
0 0.852399 0.771077 0.0445177 0.0423629
0 0.0642581 0.764231 0.0339704 0.0317686
0 0.228972 0.876155 0.292575 0.247689
0 0.165735 0.691745 0.0319144 0.0295725
0 0.443582 0.414505 0.210633 0.187274
0 0.439056 0.151072 0.0358733 0.0332843
0 0.236871 0.502887 0.0376143 0.0347652
0 0.250786 0.992043 0.0447099 0.0159149
0 0.83587 0.509585 0.0321251 0.0293691
0 0.190698 0.151203 0.0500657 0.0458612
0 0.379854 0.772006 0.0975221 0.0874495
0 0.517196 0.368449 0.0574144 0.0525032
0 0.44455 0.295472 0.035666 0.0335052
0 0.126672 0.747458 0.126621 0.113905
0 0.485573 0.937007 0.0378799 0.0345165
0 0.0251924 0.751888 0.0277142 0.026039
0 0.975476 0.302589 0.0484478 0.114341
0 0.989248 0.403334 0.021504 0.0433357
0 0.242319 0.0482724 0.0315605 0.0300499
0 0.82605 0.102793 0.0272465 0.0261271
0 0.533212 0.0903052 0.030179 0.0279513
0 0.370289 0.403738 0.0393601 0.0358973
0 0.0156719 0.900272 0.0309535 0.134929
0 0.341663 0.344927 0.0326983 0.0293579
0 0.0927635 0.00955986 0.0332205 0.0191197
0 0.382763 0.957381 0.0614895 0.0584444
0 0.858176 0.819382 0.163142 0.150364
