0 0.428677 0.279886 0.0686532 0.0663633
0 0.174786 0.512157 0.0554938 0.0544146
0 0.553176 0.877003 0.053726 0.0522135
0 0.381558 0.205507 0.0428301 0.0413557
0 0.832042 0.224975 0.0367149 0.0356161
0 0.296345 0.920188 0.0489995 0.0473467
0 0.440445 0.821643 0.0464272 0.044533
0 0.856567 0.971311 0.0391176 0.0388275
0 0.431777 0.750338 0.205689 0.193635
0 0.832536 0.145393 0.0570183 0.0556079
0 0.683976 0.564832 0.0514957 0.0512589
0 0.270424 0.117513 0.321044 0.235027
0 0.790781 0.56876 0.0449098 0.0442793
0 0.182967 0.5859 0.0347058 0.0333197
0 0.322621 0.701157 0.0593876 0.0577122
0 0.794547 0.663735 0.0357224 0.0344322
0 0.901247 0.228885 0.050383 0.0502943
0 0.509469 0.986071 0.0579582 0.0278578
0 0.330572 0.648107 0.0311718 0.029607
0 0.330659 0.49162 0.0367636 0.0357702
0 0.57966 0.49043 0.0355351 0.0349192
0 0.819622 0.977922 0.0351683 0.0343119
0 0.657911 0.674391 0.0724646 0.0718517
0 0.375522 0.84841 0.081253 0.0767311
0 0.692909 0.235479 0.0312973 0.0298712
0 0.829277 0.33161 0.0436604 0.0435874
0 0.209993 0.30737 0.163593 0.167613
0 0.165894 0.734218 0.31893 0.321612
0 0.111961 0.917252 0.0793765 0.0758984
0 0.605295 0.681844 0.271624 0.264324
0 0.812961 0.596981 0.0306489 0.0303837
0 0.96335 0.787947 0.0492548 0.0489697
0 0.827111 0.107883 0.0645662 0.0610596
0 0.0673578 0.959365 0.0432431 0.0408035
0 0.32714 0.355676 0.0291765 0.0288781
0 0.775839 0.480943 0.0292653 0.0296724
0 0.987431 0.146708 0.0250629 0.0359875
0 0.389325 0.531628 0.257702 0.257925
0 0.942361 0.0106137 0.0318432 0.0210232
0 0.167002 0.982 0.104964 0.0356869
0 0.356977 0.354478 0.0301271 0.0282976
0 0.961026 0.180965 0.0762066 0.0733791
0 0.825572 0.505444 0.0430082 0.0404108
0 0.729707 0.50967 0.0304914 0.0293704
0 0.920734 0.889302 0.15846 0.163083
0 0.607428 0.74216 0.185463 0.171862
0 0.263193 0.937711 0.0262741 0.0246891
0 0.770025 0.832671 0.0320208 0.0317127
0 0.0959486 0.544931 0.0268541 0.0256378
0 0.386658 0.891212 0.150161 0.147584
0 0.288138 0.98483 0.033416 0.0299877
0 0.549255 0.267923 0.0290319 0.0284576
0 0.661963 0.329173 0.0295292 0.0297927
0 0.887265 0.425688 0.0356586 0.0354845
0 0.964206 0.765574 0.0269428 0.0245341
0 0.861816 0.0638006 0.0298389 0.0287844
0 0.191219 0.665405 0.199911 0.18616
0 0.231462 0.912092 0.0301536 0.0287926
0 0.837319 0.28946 0.0288712 0.0281488
0 0.0323273 0.045983 0.0639794 0.0626265
0 0.0746852 0.0625894 0.0260341 0.0260135
0 0.797243 0.96048 0.0292078 0.0286018
0 0.682636 0.0158065 0.0279867 0.0264827
0 0.0447555 0.35267 0.0892259 0.200996
0 0.48749 0.191309 0.197935 0.19285
0 0.519501 0.334276 0.030525 0.0294159
0 0.727325 0.556396 0.027706 0.0266162
