0 0.654817 0.712499 0.165347 0.153865
0 0.479822 0.801716 0.0528759 0.0508766
0 0.449086 0.642991 0.037636 0.0358942
0 0.862525 0.537717 0.0443966 0.0418998
0 0.133001 0.446425 0.0396604 0.036293
0 0.730706 0.774541 0.0414021 0.0408207
0 0.904368 0.653142 0.0379406 0.037365
0 0.511669 0.248097 0.128075 0.122845
0 0.869303 0.679218 0.0343731 0.0330038
0 0.492873 0.949383 0.0424314 0.0403793
0 0.597682 0.868502 0.0519674 0.0487793
0 0.585348 0.822366 0.0346114 0.0328045
0 0.7725 0.769565 0.0375603 0.0374255
0 0.264081 0.948188 0.0360889 0.0336437
0 0.918572 0.77539 0.0323839 0.0315784
0 0.871179 0.646655 0.0310881 0.0305025
0 0.94369 0.543136 0.0348854 0.0333204
0 0.942077 0.617296 0.0339355 0.0327265
0 0.903125 0.855872 0.0417206 0.0395302
0 0.81766 0.246271 0.316284 0.306915
0 0.986333 0.804237 0.0273344 0.0376017
0 0.988485 0.454076 0.0230303 0.0390011
0 0.987614 0.894536 0.0245571 0.0328621
0 0.736809 0.0555683 0.103805 0.0987549
0 0.973243 0.699029 0.030751 0.0299327
0 0.422134 0.210256 0.0289274 0.0277105
0 0.747485 0.964891 0.0428835 0.0396212
0 0.600134 0.899034 0.0330929 0.0317694
0 0.863916 0.742883 0.0281805 0.0268743
0 0.268076 0.0234754 0.0438415 0.0414801
0 0.457031 0.122912 0.0809443 0.0753765
0 0.73945 0.847181 0.0332592 0.0324398
0 0.0973133 0.592469 0.0272501 0.0265147
0 0.5307 0.791986 0.0277224 0.0253125
0 0.718093 0.920942 0.0323102 0.030533
0 0.124905 0.180374 0.249678 0.359235
0 0.551097 0.155036 0.0743309 0.0714266
0 0.853038 0.104095 0.0338894 0.0321249
