0 0.472518 0.683139 0.106744 0.0934132
0 0.603372 0.943416 0.174462 0.112784
0 0.207521 0.691811 0.15958 0.146768
0 0.873637 0.424608 0.0916014 0.0831532
0 0.978252 0.262107 0.0382866 0.0341319
0 0.938776 0.123788 0.0482018 0.0431975
0 0.274184 0.88606 0.0626341 0.0529327
0 0.637362 0.232911 0.046175 0.0403559
0 0.304376 0.27451 0.0577673 0.0518045
0 0.220243 0.277926 0.0371532 0.0335628
0 0.373718 0.8109 0.0389103 0.0350606
0 0.395936 0.357671 0.0482011 0.0450541
0 0.458628 0.771877 0.0387123 0.0329638
0 0.647247 0.309908 0.0378348 0.0334479
0 0.664174 0.0354074 0.0709648 0.0635095
0 0.0604169 0.444869 0.0506486 0.0465485
0 0.90901 0.366108 0.0679306 0.0640882
0 0.741378 0.355793 0.0361341 0.0312707
0 0.272446 0.0812478 0.0343405 0.0310676
0 0.249973 0.840109 0.0323431 0.029772
0 0.0108171 0.753723 0.0216343 0.0422201
0 0.283005 0.403594 0.0342782 0.0321422
0 0.296609 0.322273 0.0352712 0.0317572
0 0.547138 0.780707 0.0357645 0.0332083
0 0.394121 0.478703 0.0755204 0.066497
0 0.951776 0.393039 0.0667854 0.0622374
0 0.0777533 0.141291 0.0445583 0.038271
0 0.902114 0.0723026 0.0394733 0.0373153
0 0.840114 0.504904 0.0720152 0.0648899
0 0.568005 0.496904 0.0569994 0.051701
0 0.983291 0.894565 0.0333206 0.0391609
0 0.29059 0.744632 0.037748 0.0342698
0 0.160119 0.521554 0.0393733 0.0375807
0 0.321138 0.866247 0.0310791 0.0286633
0 0.889074 0.859882 0.0298283 0.0287291
0 0.738741 0.261407 0.0376268 0.0344248
0 0.738844 0.629869 0.0323885 0.0275146
0 0.426008 0.81382 0.0320538 0.0288145
0 0.379414 0.695895 0.0612939 0.0529852
0 0.443702 0.90619 0.0330232 0.0296608
0 0.313603 0.645152 0.0306455 0.0275448
0 0.946438 0.484895 0.101284 0.0904146
0 0.588658 0.289515 0.02822 0.0270896
0 0.310195 0.718759 0.0274956 0.0258488
0 0.760971 0.170011 0.0416611 0.0381553
0 0.43098 0.247849 0.062281 0.0582483
0 0.058753 0.308248 0.0256903 0.0245099
0 0.396268 0.0504883 0.0388889 0.0359886
0 0.479413 0.990052 0.0447291 0.0194952
0 0.622186 0.388139 0.0691704 0.0619385
0 0.98568 0.985203 0.0286398 0.0291138
0 0.663347 0.576427 0.0323434 0.0283566
0 0.909814 0.151585 0.0283142 0.0260296
0 0.769791 0.0512947 0.0383673 0.0373829
0 0.158978 0.422336 0.169695 0.158125
0 0.307184 0.538811 0.0436764 0.041844
0 0.181902 0.957609 0.0980352 0.0841263
0 0.406522 0.153842 0.0562559 0.0534966
0 0.0117366 0.805256 0.0233427 0.0423473
0 0.368807 0.242692 0.0496641 0.0444292
0 0.925987 0.987332 0.072928 0.0252937
0 0.242644 0.149268 0.0391297 0.035411
0 0.423326 0.752629 0.0372817 0.032014
0 0.395419 0.277788 0.0323189 0.0300993
