0 0.961696 0.883269 0.050087 0.0429966
0 0.124188 0.149845 0.111229 0.0917829
0 0.886393 0.0190767 0.0506367 0.0381533
0 0.42237 0.60622 0.0377327 0.0321858
0 0.588165 0.647783 0.0400751 0.0353889
0 0.224533 0.0713577 0.0750467 0.0651811
0 0.384417 0.807333 0.0370077 0.0320024
0 0.329613 0.808605 0.0437388 0.0378038
0 0.512136 0.534326 0.0573494 0.046752
0 0.654724 0.222745 0.0520763 0.0414785
0 0.507069 0.206831 0.0695215 0.0565017
0 0.936329 0.791848 0.0327749 0.0282492
0 0.145125 0.403335 0.0668722 0.0548717
0 0.417505 0.80299 0.0369947 0.0322513
0 0.518079 0.790946 0.0388165 0.0322744
0 0.39575 0.46261 0.0796092 0.0656454
0 0.922904 0.306683 0.154193 0.227639
0 0.309455 0.672754 0.070638 0.0563457
0 0.460815 0.682014 0.0321811 0.0266985
0 0.139065 0.200133 0.0407792 0.0339365
0 0.959714 0.0199113 0.0805712 0.0394637
0 0.0757736 0.195311 0.0330119 0.0287035
0 0.455493 0.64074 0.0326275 0.026693
0 0.777735 0.903877 0.0305878 0.0261448
0 0.47815 0.655702 0.0291569 0.0237047
0 0.437879 0.742385 0.030778 0.0254498
0 0.659855 0.0986677 0.284446 0.196696
0 0.315013 0.400037 0.0625678 0.0467716
0 0.340716 0.0742142 0.0483718 0.0381294
0 0.426968 0.278409 0.0453338 0.0381139
0 0.655222 0.906206 0.028013 0.0235476
0 0.357821 0.814693 0.260488 0.226635
0 0.0344246 0.126723 0.0688491 0.0680825
