0 0.673418 0.775605 0.342779 0.294943
0 0.649687 0.562697 0.172233 0.153252
0 0.876764 0.681639 0.137475 0.120834
0 0.963379 0.592943 0.0511238 0.0460208
0 0.853485 0.0350378 0.033646 0.0300607
0 0.8593 0.507478 0.0322123 0.0295045
0 0.596167 0.946374 0.0368312 0.0296871
0 0.0536603 0.819523 0.0354876 0.0309967
0 0.854901 0.402725 0.0363615 0.0319557
0 0.357706 0.40156 0.0311377 0.0281065
0 0.918799 0.781529 0.118109 0.105251
0 0.0372274 0.12984 0.0307401 0.0275764
0 0.259781 0.903753 0.274924 0.191258
0 0.0807968 0.0709942 0.0355317 0.031836
0 0.36967 0.331394 0.0296193 0.0274241
0 0.940143 0.354759 0.0273254 0.0246443
0 0.77247 0.189949 0.0863689 0.0791114
0 0.103213 0.529992 0.0345116 0.031955
0 0.0797093 0.563625 0.0303297 0.025859
0 0.0935745 0.496476 0.0354832 0.0311204
0 0.969846 0.720364 0.0600838 0.0710582
0 0.0866841 0.923086 0.0620647 0.0528294
0 0.986334 0.665538 0.0255905 0.0243537
