0 0.395039 0.95486 0.126526 0.0891123
0 0.755224 0.966275 0.0856555 0.0654608
0 0.24433 0.261888 0.0729515 0.0557343
0 0.495881 0.801645 0.120883 0.0871624
0 0.671309 0.734367 0.198015 0.149114
0 0.070081 0.831561 0.140121 0.178241
0 0.17686 0.934985 0.158946 0.126017
0 0.795156 0.551535 0.063583 0.0461285
0 0.881199 0.873521 0.0690475 0.0538549
0 0.706476 0.419614 0.118571 0.0937343
0 0.709223 0.656789 0.0486912 0.0378084
0 0.39743 0.796326 0.0619496 0.0455488
0 0.346228 0.189087 0.0685697 0.0523212
0 0.267899 0.8976 0.0465041 0.0352419
0 0.759564 0.106263 0.0353662 0.0276832
0 0.595699 0.98798 0.0387978 0.0240406
0 0.261875 0.174921 0.034195 0.0272857
0 0.462867 0.680593 0.0759718 0.0582527
0 0.668585 0.935882 0.0386211 0.0311272
0 0.897976 0.940347 0.0707769 0.0505213
0 0.320407 0.890297 0.0401359 0.0312637
0 0.83324 0.963932 0.0623154 0.051948
0 0.419193 0.360021 0.0307751 0.0245553
0 0.491784 0.985266 0.0374058 0.0274139
0 0.350201 0.478559 0.0292578 0.0229412
0 0.899371 0.972005 0.0970858 0.0553638
0 0.278299 0.801104 0.100615 0.0731319
