0 0.518565 0.729772 0.0925022 0.0903378
0 0.854411 0.905805 0.0688229 0.0669479
0 0.86397 0.5319 0.0925463 0.0889187
0 0.10559 0.11993 0.0468531 0.0435383
0 0.385886 0.751939 0.0408232 0.0367927
0 0.488264 0.294844 0.665656 0.589687
0 0.0399214 0.173951 0.0382227 0.0346493
0 0.878585 0.794528 0.0366863 0.0337687
0 0.0421383 0.375704 0.0379983 0.0317094
0 0.0126967 0.281542 0.0253935 0.054644
0 0.395989 0.731741 0.0501743 0.0494676
0 0.961449 0.370827 0.0305582 0.0307284
0 0.797952 0.706157 0.0417593 0.0394876
0 0.728305 0.636187 0.0364052 0.0342794
0 0.614567 0.600294 0.029577 0.0288685
0 0.119933 0.81825 0.0673736 0.0612567
0 0.160883 0.668128 0.0457829 0.0403948
0 0.98149 0.98127 0.0283915 0.0285854
0 0.229156 0.844743 0.453765 0.310514
0 0.991899 0.935633 0.0162024 0.0292381
0 0.936982 0.836234 0.0301823 0.0289585
0 0.707626 0.888579 0.0394701 0.038702
0 0.941042 0.790119 0.0269661 0.0266112
0 0.0111519 0.553412 0.0220142 0.0538212
0 0.297884 0.744884 0.0259492 0.0236628
0 0.503253 0.774134 0.0225107 0.0216664
