0 0.615146 0.888197 0.0894798 0.0702919
0 0.165479 0.0226665 0.0716499 0.045333
0 0.726889 0.300228 0.0454662 0.0365881
0 0.112135 0.498767 0.0667843 0.0552034
0 0.666573 0.435084 0.087001 0.0654242
0 0.03113 0.384386 0.0546912 0.0429549
0 0.261535 0.0835305 0.0580454 0.0443947
0 0.654338 0.363561 0.0509684 0.0397451
0 0.29758 0.849992 0.0442732 0.0358177
0 0.190485 0.845964 0.0465645 0.0349354
0 0.540834 0.97332 0.0762809 0.0523884
0 0.56873 0.611797 0.0699472 0.0571861
0 0.143456 0.194501 0.0799568 0.0643556
0 0.476267 0.97922 0.0599463 0.0402695
0 0.535516 0.109515 0.0359598 0.032025
0 0.778064 0.573288 0.0695879 0.0574608
0 0.103985 0.0633139 0.0792186 0.0650049
0 0.37894 0.582166 0.0389978 0.0327031
0 0.260898 0.661921 0.0505945 0.0381535
0 0.11088 0.916923 0.0409298 0.031266
0 0.254657 0.600079 0.0538612 0.0435783
0 0.649029 0.0912727 0.0456021 0.0357549
0 0.378349 0.269909 0.0830277 0.0701142
0 0.363499 0.195951 0.0393504 0.0304941
0 0.199942 0.224686 0.0498869 0.0399859
0 0.315549 0.603302 0.0586882 0.0469917
0 0.00653267 0.418034 0.0129853 0.0367523
0 0.124735 0.951377 0.0823746 0.0641325
0 0.77707 0.00798094 0.0317472 0.0157878
0 0.122299 0.158398 0.0443815 0.0336848
0 0.369193 0.411719 0.0404615 0.0319137
0 0.641798 0.0630664 0.0422989 0.0381161
0 0.490133 0.737346 0.0515865 0.042733
0 0.174579 0.772402 0.0521133 0.0387331
0 0.651383 0.125625 0.0369566 0.0328978
0 0.451757 0.655168 0.0678152 0.0563957
0 0.212033 0.170007 0.0402627 0.0317713
0 0.485874 0.80162 0.0459501 0.0380913
0 0.440874 0.354101 0.0491757 0.0415778
0 0.572136 0.939199 0.0693933 0.0526184
0 0.804663 0.94432 0.07673 0.0669899
