0 0.236684 0.109673 0.0728157 0.071096
0 0.528228 0.0756388 0.149638 0.143205
0 0.594736 0.509346 0.10488 0.0992502
0 0.933927 0.690229 0.102643 0.0982082
0 0.152143 0.965679 0.0934047 0.0686424
0 0.33498 0.572472 0.0417467 0.0402768
0 0.264125 0.31922 0.0756791 0.0734281
0 0.795445 0.869886 0.0401991 0.0374577
0 0.214586 0.421981 0.0383739 0.0365015
0 0.804931 0.819686 0.0470388 0.0463936
0 0.289307 0.159755 0.0368298 0.0354167
0 0.566862 0.3303 0.0776296 0.0726118
0 0.0500417 0.369805 0.0343291 0.0345005
0 0.0641067 0.169405 0.0293087 0.028926
0 0.857904 0.0305303 0.0411709 0.0409289
0 0.65275 0.0149898 0.0462603 0.029963
0 0.621714 0.621129 0.132491 0.131098
0 0.488212 0.0354477 0.0551048 0.0531804
0 0.24537 0.816878 0.0484784 0.0464215
0 0.743481 0.452893 0.0508238 0.0498363
0 0.352609 0.544366 0.0401251 0.0392647
0 0.339929 0.127547 0.0493885 0.049478
0 0.138284 0.111952 0.0329958 0.0321989
0 0.612769 0.765455 0.0331734 0.0321211
0 0.499265 0.873327 0.0419638 0.043148
0 0.262858 0.653249 0.0336215 0.0324425
0 0.431975 0.598658 0.0304606 0.0291147
0 0.270428 0.281993 0.0312752 0.029754
0 0.505826 0.360402 0.0678345 0.0662234
0 0.263848 0.748134 0.0467362 0.0463692
0 0.0367593 0.758082 0.0379689 0.0373962
0 0.778124 0.349723 0.0345272 0.033287
0 0.421247 0.257937 0.0365706 0.0346492
0 0.264252 0.144609 0.0429815 0.0421376
0 0.642048 0.462786 0.0360703 0.0342267
0 0.444607 0.88565 0.07865 0.0784622
0 0.280788 0.502911 0.084126 0.0858088
0 0.727663 0.769591 0.0411305 0.0390471
0 0.951134 0.768242 0.0434956 0.0406584
0 0.909511 0.755172 0.0475365 0.0455706
0 0.658693 0.87799 0.0334667 0.0321369
0 0.230351 0.930582 0.0450186 0.0444881
0 0.688072 0.626759 0.06819 0.0653976
0 0.929094 0.120781 0.0349215 0.0336803
0 0.864922 0.633274 0.0356403 0.0350464
0 0.188625 0.33117 0.0309917 0.0302363
0 0.968108 0.607615 0.056135 0.0539536
0 0.526447 0.766272 0.045159 0.0435329
0 0.528293 0.213889 0.0378848 0.0360515
0 0.885467 0.849124 0.0320774 0.0304541
0 0.310308 0.602961 0.0370774 0.0371199
0 0.181742 0.437315 0.0296652 0.0288939
0 0.467091 0.0835072 0.0484999 0.0456613
0 0.300968 0.127688 0.0333142 0.0313511
0 0.789762 0.0419261 0.0380819 0.0382158
0 0.0202957 0.466862 0.0270504 0.0272859
0 0.506989 0.00734812 0.0469135 0.0146962
0 0.240181 0.77648 0.0369822 0.0349786
0 0.270483 0.53673 0.0423038 0.0413284
0 0.266609 0.928221 0.0382873 0.0378586
0 0.771288 0.569245 0.0456158 0.044745
0 0.952637 0.875534 0.0714623 0.0644392
0 0.841658 0.416596 0.0494976 0.0495153
0 0.730489 0.574423 0.0493786 0.050596
0 0.310301 0.904882 0.0349289 0.0346214
0 0.276562 0.696086 0.0350934 0.0329628
0 0.638673 0.424701 0.0356415 0.0337846
0 0.278721 0.617886 0.0354287 0.0343903
0 0.435128 0.55193 0.0457795 0.0464909
0 0.576693 0.579862 0.0491398 0.0481049
0 0.740319 0.3459 0.0370007 0.0368756
0 0.487845 0.449506 0.0445722 0.0427769
0 0.0591618 0.642234 0.0374454 0.0360264
0 0.26779 0.896174 0.0401318 0.0407791
0 0.531672 0.864354 0.0372929 0.0378616
0 0.595911 0.991355 0.0319368 0.0166595
0 0.720138 0.594088 0.0288542 0.02958
0 0.873336 0.59978 0.0439377 0.0429037
0 0.194863 0.56118 0.0376499 0.035511
0 0.853384 0.764542 0.0643902 0.0631618
0 0.613552 0.595297 0.0311005 0.0306431
0 0.303612 0.186295 0.0321395 0.0305974
0 0.458982 0.817107 0.0809448 0.0815403
0 0.00739863 0.639364 0.0147973 0.0268318
0 0.85061 0.730685 0.0923683 0.0881329
0 0.720797 0.38497 0.0284371 0.0272743
0 0.404581 0.980386 0.031406 0.0307446
0 0.541085 0.458433 0.0501949 0.0458608
0 0.539364 0.395479 0.038439 0.0363405
0 0.416435 0.925908 0.0512412 0.0489277
0 0.537935 0.439426 0.0796562 0.0784894
0 0.956607 0.744513 0.0338371 0.0296234
0 0.0869981 0.713089 0.0334302 0.031077
0 0.322686 0.304751 0.0476238 0.044817
0 0.993819 0.671236 0.0123618 0.0534544
0 0.0435105 0.334321 0.0389569 0.0389957
0 0.118923 0.342132 0.025023 0.0245284
0 0.438979 0.465567 0.047988 0.0473749
0 0.957782 0.924415 0.0333313 0.0300346
0 0.378782 0.824747 0.0428813 0.0422392
0 0.454934 0.422498 0.0289953 0.0286137
0 0.777308 0.695475 0.0497164 0.0446714
0 0.605727 0.831103 0.0282484 0.0272007
0 0.314288 0.457302 0.0259364 0.0255005
0 0.646091 0.850257 0.0283569 0.0290062
0 0.665057 0.73076 0.100204 0.0966999
0 0.763144 0.232364 0.029582 0.0288299
0 0.577551 0.617565 0.0400365 0.0367695
0 0.373828 0.80833 0.0348936 0.0361374
0 0.307918 0.643347 0.0258304 0.0247282
0 0.282504 0.453595 0.0344577 0.0336739
0 0.343319 0.48276 0.0412487 0.0423872
0 0.412233 0.103342 0.027192 0.0270395
0 0.356323 0.507753 0.03412 0.0327328
