0 0.0380818 0.426939 0.060451 0.0585549
0 0.671274 0.591764 0.187346 0.176716
0 0.343149 0.585463 0.420462 0.43897
0 0.220522 0.92713 0.0603291 0.0578735
0 0.94527 0.820103 0.0620686 0.0607929
0 0.890026 0.881476 0.0386728 0.0372742
0 0.155643 0.66254 0.0549438 0.0536474
0 0.518693 0.270764 0.0361562 0.0344043
0 0.927356 0.890246 0.0419136 0.04067
0 0.933759 0.703069 0.0424881 0.0412952
0 0.760511 0.831675 0.0335295 0.0337934
0 0.722041 0.742185 0.0394251 0.0386676
0 0.0572241 0.0442986 0.034461 0.0332181
0 0.560772 0.490075 0.0310289 0.0311526
0 0.770703 0.259582 0.0318839 0.0302331
0 0.955669 0.405325 0.0311043 0.0299563
0 0.553011 0.327623 0.0319206 0.0305902
0 0.0514841 0.765176 0.0306163 0.0296692
0 0.766635 0.464484 0.0288214 0.0285481
0 0.610792 0.0848038 0.0462498 0.0451143
0 0.988196 0.641073 0.0236085 0.0656456
0 0.0815991 0.539544 0.149433 0.151091
0 0.221725 0.386414 0.0319436 0.0295271
0 0.556958 0.515641 0.028521 0.0265108
0 0.68321 0.715325 0.0317266 0.0299849
0 0.925157 0.363463 0.0427706 0.0408064
0 0.37688 0.0159711 0.145506 0.0319422
0 0.609646 0.746179 0.0309342 0.0291584
0 0.804225 0.306154 0.279346 0.262224
0 0.50001 0.994135 0.0319521 0.0116776
0 0.253294 0.176443 0.0289752 0.0281014
0 0.541403 0.454391 0.0331914 0.0321465
0 0.521582 0.363014 0.183142 0.17548
0 0.610484 0.13569 0.321227 0.268221
0 0.736313 0.153316 0.121208 0.116963
0 0.879166 0.254214 0.0311991 0.0286385
0 0.462226 0.910788 0.0450676 0.0419399
0 0.695664 0.737062 0.0251186 0.0251038
0 0.885593 0.447833 0.0952547 0.0893995
0 0.11977 0.819146 0.239541 0.355219
0 0.833451 0.988834 0.0326818 0.0223192
