0 0.217952 0.687992 0.0772029 0.0620458
0 0.714527 0.25771 0.148317 0.116009
0 0.85185 0.682497 0.0443909 0.0343805
0 0.428172 0.161137 0.13151 0.108663
0 0.334361 0.371118 0.053297 0.0397841
0 0.145872 0.900804 0.133153 0.105561
0 0.936454 0.713807 0.0390259 0.0349348
0 0.434949 0.989727 0.0360161 0.0204659
0 0.90891 0.234583 0.0561174 0.0401748
0 0.475571 0.542053 0.0505688 0.0415607
0 0.940737 0.208881 0.0481468 0.0358963
0 0.83032 0.112987 0.0662113 0.0532707
0 0.123424 0.836316 0.111081 0.0895626
0 0.705924 0.739417 0.585637 0.520821
0 0.934993 0.551287 0.0638416 0.0507059
0 0.916095 0.751173 0.0370777 0.030616
0 0.491447 0.922025 0.0287289 0.0237911
0 0.827205 0.282062 0.039426 0.0322433
0 0.227033 0.0546675 0.454065 0.109335
