0 0.492338 0.158769 0.0733652 0.0600958
0 0.413208 0.21749 0.0641209 0.0538612
0 0.550112 0.774938 0.0401885 0.0327657
0 0.737496 0.274998 0.042696 0.0360533
0 0.463029 0.0633909 0.0415684 0.0339772
0 0.694258 0.142596 0.0436886 0.0375171
0 0.282026 0.942707 0.172821 0.114587
0 0.564299 0.0195806 0.0584801 0.0391613
0 0.341907 0.526096 0.0639377 0.0503685
0 0.736359 0.804347 0.0418978 0.0339993
0 0.0177403 0.149224 0.0351837 0.037269
0 0.486752 0.0301339 0.0556717 0.0473383
0 0.540335 0.335041 0.0369175 0.0306868
0 0.552795 0.29899 0.0361624 0.0310727
0 0.918412 0.747057 0.163176 0.154078
0 0.686101 0.193324 0.0325421 0.028411
0 0.783903 0.673459 0.0503941 0.0456049
0 0.850073 0.988603 0.0304846 0.0227146
0 0.352134 0.0633162 0.0353622 0.0294185
0 0.259595 0.621821 0.0328832 0.0284031
0 0.979289 0.877501 0.039687 0.0342453
0 0.446285 0.965182 0.0367434 0.0305069
0 0.894939 0.217057 0.0327728 0.0277217
0 0.303452 0.182052 0.0301913 0.0271648
0 0.391508 0.100629 0.0309561 0.0275847
0 0.600203 0.756151 0.0342411 0.0288668
0 0.874232 0.651846 0.028421 0.0246368
0 0.525282 0.206286 0.0308041 0.0273186
0 0.492876 0.766713 0.0302578 0.0247182
0 0.537881 0.231837 0.0286345 0.0259277
0 0.0398094 0.294583 0.0796188 0.0793799
0 0.778153 0.804899 0.0312836 0.0245511
0 0.386776 0.0337572 0.0265939 0.0244686
0 0.0186617 0.335571 0.0370054 0.0435357
0 0.304054 0.307568 0.0735877 0.0633717
0 0.537853 0.271882 0.0263731 0.0245111
0 0.396281 0.0760436 0.0301762 0.0264409
0 0.288949 0.366068 0.02712 0.024308
