0 0.720738 0.618869 0.0737699 0.0565952
0 0.199527 0.280575 0.0439806 0.0361797
0 0.656432 0.219018 0.047825 0.0371105
0 0.364072 0.622583 0.0830532 0.0618793
0 0.634542 0.580912 0.0479284 0.0374095
0 0.26665 0.341885 0.0459937 0.0369226
0 0.433188 0.977952 0.0540352 0.0428833
0 0.697102 0.536913 0.0346891 0.028507
0 0.377193 0.132533 0.522124 0.264522
0 0.753581 0.0628107 0.0358076 0.0272371
0 0.573553 0.449531 0.0332912 0.0264935
0 0.896936 0.918098 0.0502991 0.0385403
0 0.498751 0.4868 0.0385557 0.0324745
0 0.638892 0.741334 0.0435884 0.0333956
0 0.927029 0.868515 0.0483463 0.0394598
0 0.680646 0.376714 0.0386502 0.0303776
0 0.0100194 0.232098 0.019955 0.039395
0 0.104437 0.705997 0.0362703 0.0276928
0 0.658575 0.333653 0.035952 0.0281213
0 0.944306 0.809156 0.0416199 0.0321232
0 0.594317 0.91993 0.0437624 0.0332195
0 0.801688 0.640218 0.094606 0.076091
0 0.572778 0.250417 0.122649 0.0913227
0 0.303333 0.311368 0.606665 0.538666
0 0.686005 0.0981721 0.0418091 0.031761
0 0.852012 0.98612 0.0303562 0.0243803
0 0.245128 0.981148 0.0867692 0.0377032
0 0.0554293 0.870367 0.0689367 0.0557791
0 0.288402 0.789345 0.0770589 0.062289
0 0.130011 0.963852 0.0315711 0.0255238
0 0.966402 0.0338774 0.0464748 0.0382941
