0 0.390839 0.375563 0.129456 0.124853
0 0.0657835 0.851775 0.0631789 0.0619759
0 0.594792 0.46314 0.0697491 0.068634
0 0.415498 0.20819 0.0618654 0.0606828
0 0.643113 0.297904 0.0422688 0.0405298
0 0.662582 0.146053 0.042679 0.0420113
0 0.904086 0.111814 0.0397444 0.0378455
0 0.490415 0.877125 0.0414519 0.041404
0 0.508526 0.9725 0.0590199 0.0540382
0 0.194113 0.113618 0.0393979 0.038646
0 0.0175067 0.114649 0.0319923 0.0310238
0 0.34559 0.800511 0.0348316 0.0342991
0 0.42973 0.909877 0.0782449 0.0759401
0 0.464907 0.336482 0.0360397 0.0348566
0 0.507112 0.920314 0.0338471 0.0330999
0 0.850813 0.0808339 0.0283062 0.0280678
0 0.431612 0.869481 0.0722114 0.0689701
0 0.336253 0.00702525 0.0453579 0.0140505
0 0.986771 0.825216 0.0262079 0.0439858
0 0.35974 0.877594 0.0294675 0.029501
0 0.838197 0.679744 0.0391266 0.0375539
0 0.823079 0.232537 0.0260979 0.026108
0 0.556127 0.984169 0.0451789 0.0315531
0 0.182778 0.208859 0.0304073 0.0301869
0 0.502 0.152317 0.0325844 0.0301238
0 0.166486 0.271107 0.0260985 0.0253715
0 0.366171 0.1633 0.0486982 0.0467676
0 0.518102 0.812816 0.032611 0.0324015
0 0.35097 0.968932 0.039048 0.0372875
0 0.963333 0.880724 0.0321796 0.0330944
0 0.579884 0.251566 0.0502753 0.0499711
