0 0.0695746 0.6908 0.116826 0.112904
0 0.352023 0.804886 0.382007 0.350863
0 0.934774 0.0540713 0.0396645 0.0386399
0 0.182649 0.973408 0.0548453 0.0516773
0 0.162877 0.427621 0.0453797 0.0450186
0 0.883313 0.409812 0.057111 0.0559382
0 0.482136 0.976097 0.0511604 0.0469708
0 0.0494612 0.107525 0.053384 0.0541196
0 0.366013 0.276777 0.0395938 0.0388577
0 0.84308 0.379994 0.0454422 0.043752
0 0.577011 0.0470122 0.0369158 0.0350448
0 0.82447 0.0176209 0.0306908 0.0311009
0 0.260644 0.0879724 0.0403128 0.0400128
0 0.0731681 0.284261 0.0321717 0.0318017
0 0.204715 0.0937789 0.0451381 0.0430461
0 0.932677 0.610015 0.0401649 0.0382249
0 0.128693 0.0816319 0.0329412 0.0320437
0 0.647156 0.489691 0.0376013 0.0369106
0 0.92704 0.841109 0.0319695 0.031057
0 0.65374 0.306753 0.0422777 0.0403493
0 0.0137503 0.287619 0.0274933 0.0316221
0 0.456591 0.394144 0.0318363 0.0309913
0 0.250912 0.280405 0.0367632 0.0350948
0 0.232027 0.047614 0.038884 0.036754
0 0.405353 0.142463 0.0337075 0.0319121
0 0.129608 0.321529 0.0315879 0.0309466
0 0.723465 0.292409 0.0377578 0.0351812
0 0.316672 0.391935 0.0328023 0.0316478
0 0.885288 0.359249 0.0478962 0.0473691
0 0.321408 0.453543 0.0269183 0.0254232
0 0.540579 0.241017 0.0333572 0.0311702
0 0.77118 0.613159 0.0528464 0.0499908
0 0.626841 0.385442 0.0298717 0.0283078
0 0.182714 0.0475285 0.03189 0.0309635
0 0.35826 0.0272855 0.0263923 0.0256649
0 0.313357 0.821995 0.0261098 0.0245533
0 0.143999 0.258083 0.0278366 0.0264259
0 0.25908 0.00902665 0.0315269 0.0180494
0 0.188914 0.914761 0.0624498 0.0592915
0 0.531867 0.197886 0.0272303 0.0264409
0 0.760905 0.742079 0.478191 0.514655
0 0.464081 0.202151 0.0294855 0.0278971
0 0.435876 0.139611 0.0265202 0.026388
0 0.063697 0.991261 0.0424884 0.0174783
0 0.235299 0.755772 0.0471991 0.0454395
0 0.336197 0.960179 0.0315382 0.0306076
0 0.215327 0.672148 0.0280174 0.0273515
0 0.567832 0.461703 0.033843 0.0310382
0 0.241228 0.205236 0.028237 0.0283923
0 0.607004 0.307139 0.0311205 0.0295516
0 0.944975 0.377134 0.0478325 0.0468191
0 0.210455 0.198795 0.0262584 0.0249273
0 0.40098 0.378958 0.0246073 0.0240059
0 0.232552 0.936204 0.0251503 0.0240383
0 0.283135 0.827852 0.0230293 0.0229261
0 0.335596 0.307671 0.0237859 0.0231155
0 0.49366 0.395561 0.0237454 0.0228414
0 0.899074 0.374636 0.0245773 0.0234175
0 0.993064 0.419216 0.0138716 0.0395836
0 0.407647 0.31615 0.0235441 0.0232069
0 0.24445 0.610546 0.0243038 0.0239365
0 0.320738 0.130195 0.0398211 0.038108
0 0.504393 0.124932 0.0233277 0.023011
0 0.164322 0.176115 0.0266636 0.0261267
0 0.784507 0.519695 0.0253248 0.0240889
0 0.0659338 0.950748 0.0471007 0.0439217
0 0.424888 0.289341 0.0358368 0.0340729
0 0.647769 0.212212 0.0250166 0.0235025
0 0.249255 0.740832 0.0224218 0.022987
0 0.489169 0.516854 0.0247326 0.0244361
0 0.0623029 0.782991 0.123677 0.129853
0 0.203681 0.0183818 0.0401096 0.0359364
0 0.0802594 0.415125 0.0229301 0.0218054
