0 0.217927 0.689606 0.0818158 0.0795494
0 0.161862 0.41352 0.0517261 0.0495574
0 0.451476 0.351979 0.0473209 0.0453795
0 0.0916195 0.0506834 0.0515795 0.0507598
0 0.16226 0.820039 0.0529964 0.0522425
0 0.290201 0.276861 0.0414392 0.0404228
0 0.58453 0.0902004 0.037489 0.0375763
0 0.155793 0.919048 0.0378219 0.0371803
0 0.561001 0.81725 0.0337046 0.0322517
0 0.102031 0.20487 0.0305978 0.0301496
0 0.0385282 0.90632 0.0417566 0.0413464
0 0.548894 0.0809917 0.0373935 0.0354112
0 0.325193 0.785239 0.047578 0.0444514
0 0.250105 0.9893 0.0416788 0.0213991
0 0.385453 0.966287 0.0700838 0.0663099
0 0.446235 0.15953 0.031826 0.0302644
0 0.33388 0.0595124 0.0329808 0.0318553
0 0.284331 0.0546293 0.0367209 0.0351577
0 0.520718 0.00899187 0.0403292 0.0179821
0 0.0960738 0.548827 0.0331971 0.0323828
0 0.43497 0.712654 0.0512267 0.0492191
0 0.53191 0.62661 0.0394367 0.0379799
0 0.256845 0.844874 0.0487088 0.0467754
0 0.484796 0.870107 0.0332504 0.0326124
0 0.517101 0.827462 0.0278399 0.0267879
0 0.256308 0.125519 0.0297794 0.0280048
0 0.37708 0.843482 0.0307215 0.0294979
0 0.334571 0.15999 0.0292816 0.0279202
0 0.308317 0.302273 0.0303457 0.0285407
0 0.0736297 0.147886 0.0281002 0.0279396
0 0.311147 0.0780311 0.0319744 0.0310397
0 0.458654 0.905958 0.0398317 0.0371149
0 0.334063 0.245367 0.0301392 0.029729
0 0.054908 0.0989231 0.0272005 0.0263697
0 0.432993 0.849925 0.0682755 0.070648
0 0.277061 0.44063 0.0273541 0.0263508
0 0.335727 0.139759 0.0255778 0.02488
0 0.516549 0.770195 0.0317915 0.0311003
0 0.294145 0.575606 0.0278896 0.0268335
