0 0.116532 0.643215 0.0678097 0.0666769
0 0.920616 0.853752 0.0422916 0.0404629
0 0.334712 0.815543 0.0458963 0.0433866
0 0.611777 0.759301 0.0370136 0.0343712
0 0.351582 0.855107 0.0397861 0.0378435
0 0.221031 0.327509 0.0371331 0.032272
0 0.680511 0.898965 0.043263 0.0417681
0 0.189426 0.327677 0.351491 0.305129
0 0.78756 0.730682 0.0349005 0.0342437
0 0.661708 0.547672 0.035228 0.0325983
0 0.439508 0.177799 0.0322015 0.0299481
0 0.922104 0.750899 0.04104 0.0380342
0 0.684004 0.444065 0.55742 0.582318
0 0.741765 0.320175 0.0293198 0.0269162
0 0.88978 0.798212 0.0793732 0.0780949
0 0.135464 0.913574 0.162472 0.155339
0 0.396647 0.417746 0.0320343 0.0314898
0 0.803955 0.885609 0.0407907 0.0382374
0 0.41835 0.706847 0.0281685 0.0275259
0 0.323825 0.65716 0.0356916 0.0336029
0 0.419877 0.772059 0.0308317 0.0281744
0 0.0086578 0.0468955 0.0173156 0.0317858
0 0.00980859 0.753658 0.0195556 0.0343247
0 0.0514776 0.85305 0.102955 0.111189
0 0.0812315 0.489858 0.162343 0.164373
0 0.141696 0.76032 0.0272156 0.0266695
0 0.0853397 0.441403 0.108889 0.0960818
0 0.542381 0.984959 0.0328753 0.0296288
0 0.238536 0.0246361 0.0286838 0.0275753
0 0.0149961 0.411606 0.0299813 0.157614
0 0.524306 0.430078 0.033606 0.0315001
0 0.477376 0.730725 0.0906511 0.0838435
0 0.145021 0.770735 0.135526 0.131444
0 0.811594 0.843554 0.0263922 0.0250996
0 0.35688 0.383268 0.05617 0.053208
