0 0.78029 0.903997 0.157333 0.138292
0 0.65604 0.450327 0.0910816 0.0799149
0 0.0202053 0.443569 0.0325261 0.0303215
0 0.617395 0.568823 0.0916302 0.0777138
0 0.373247 0.815519 0.0627445 0.0548427
0 0.723565 0.0933987 0.0343187 0.029527
0 0.15822 0.117199 0.0299544 0.029475
0 0.640313 0.0422526 0.0609162 0.0511895
0 0.987006 0.672002 0.0259889 0.0354973
0 0.421459 0.61822 0.037747 0.0317793
0 0.98461 0.991942 0.0300091 0.0161154
0 0.619337 0.801019 0.0322718 0.0289778
0 0.700764 0.111891 0.032902 0.0279658
0 0.204306 0.24945 0.111162 0.101671
0 0.761162 0.655497 0.0397947 0.0344887
