0 0.31002 0.0859851 0.0931882 0.081768
0 0.160169 0.288046 0.0778647 0.0616666
0 0.0969815 0.66287 0.038286 0.0331824
0 0.211835 0.21099 0.0520174 0.0423706
0 0.313787 0.851545 0.0354455 0.029808
0 0.197103 0.0749754 0.0396203 0.0341192
0 0.0565116 0.109393 0.0492244 0.0392919
0 0.969238 0.0127838 0.0325945 0.025472
0 0.107899 0.763799 0.0378806 0.0319519
0 0.0675811 0.825589 0.0359221 0.0318127
0 0.277779 0.181021 0.0560088 0.0447269
0 0.303342 0.829017 0.032311 0.0286865
0 0.814061 0.554713 0.0357891 0.0316484
0 0.0669883 0.432281 0.0353639 0.0303451
0 0.56199 0.227327 0.100042 0.0874821
0 0.0231246 0.475098 0.037843 0.0293347
0 0.13109 0.0165953 0.0316826 0.0284444
0 0.683621 0.647563 0.0591848 0.0490917
0 0.492687 0.967632 0.0947457 0.064617
