0 0.384722 0.0168167 0.0435754 0.0336335
0 0.433495 0.523768 0.0524445 0.0502381
0 0.102401 0.0930882 0.0368049 0.0351989
0 0.898982 0.96776 0.0349106 0.032914
0 0.200063 0.24564 0.0284048 0.0273594
0 0.768294 0.870921 0.124128 0.11449
0 0.385191 0.298396 0.0440078 0.0415579
0 0.924856 0.302501 0.150006 0.27967
0 0.240168 0.31854 0.0270388 0.0255435
0 0.596804 0.92798 0.0536314 0.051638
0 0.972275 0.272513 0.0294945 0.0293937
0 0.0341459 0.815544 0.0346954 0.0325769
0 0.922505 0.669154 0.10736 0.0979765
0 0.966616 0.0825812 0.0402195 0.0354056
0 0.729267 0.0752255 0.0335853 0.030085
0 0.579411 0.867952 0.0741375 0.0687058
0 0.675801 0.0266664 0.0491531 0.0457484
0 0.679377 0.20828 0.0660378 0.0619034
0 0.256892 0.00552046 0.0317036 0.0110409
0 0.472429 0.716178 0.0438719 0.0430744
