0 0.495854 0.430689 0.187249 0.17045
0 0.180118 0.187197 0.0763032 0.0622564
0 0.366055 0.787623 0.102323 0.0876821
0 0.576187 0.0467825 0.0469196 0.0394043
0 0.902446 0.781078 0.0642538 0.0520087
0 0.648945 0.85121 0.0909539 0.0765617
0 0.207415 0.120318 0.0492772 0.0387743
0 0.52049 0.53496 0.0317045 0.0279703
0 0.543297 0.889257 0.187148 0.158089
0 0.305242 0.206558 0.112483 0.0963476
0 0.963735 0.616625 0.0374016 0.0323292
0 0.281198 0.313431 0.0398425 0.0349594
0 0.284749 0.0145213 0.0791051 0.028701
0 0.244066 0.266611 0.0761146 0.0632586
0 0.279825 0.596009 0.0288922 0.0258265
0 0.365285 0.182357 0.059565 0.054497
0 0.766502 0.259118 0.0384724 0.0329485
0 0.796164 0.23195 0.0412346 0.0372272
0 0.813223 0.302492 0.0440886 0.037982
0 0.610924 0.735072 0.0491909 0.0400545
0 0.536425 0.91921 0.0419296 0.0349049
0 0.353739 0.934677 0.307847 0.130367
0 0.75066 0.761884 0.0589434 0.046454
0 0.174595 0.00516101 0.036856 0.010322
0 0.143825 0.0997428 0.0768995 0.0595697
0 0.824565 0.291796 0.040801 0.033744
0 0.71888 0.234417 0.0394011 0.0347528
0 0.268522 0.520663 0.0327988 0.0282389
0 0.776861 0.270667 0.446278 0.541333
0 0.705626 0.234573 0.0614606 0.0429928
0 0.168179 0.0577137 0.0277496 0.0239226
0 0.123483 0.597349 0.246966 0.309297
