0 0.221178 0.857685 0.186699 0.175043
0 0.0314266 0.625262 0.045168 0.0442663
0 0.137252 0.726826 0.0402249 0.0377244
0 0.447447 0.296724 0.0449911 0.0410892
0 0.82218 0.790703 0.0499061 0.0480867
0 0.704739 0.423619 0.033861 0.0305593
0 0.243344 0.315927 0.0295593 0.028182
0 0.776427 0.609743 0.0365321 0.0329029
0 0.155148 0.616583 0.0285988 0.0275126
0 0.806071 0.76193 0.0335924 0.0318787
0 0.830522 0.422349 0.0507446 0.0453081
0 0.726419 0.835049 0.0276118 0.0271597
0 0.836032 0.753961 0.0300426 0.0286716
0 0.100859 0.204057 0.0288012 0.0280761
0 0.942503 0.0971797 0.0581669 0.0524074
0 0.144739 0.258728 0.0332921 0.0313716
0 0.249243 0.474634 0.0653472 0.0629514
0 0.957486 0.951783 0.070822 0.0705734
0 0.851604 0.87624 0.127865 0.126462
0 0.943448 0.274892 0.040995 0.0372453
0 0.959332 0.71551 0.0258821 0.0253459
0 0.380385 0.259085 0.0277611 0.0252416
0 0.371203 0.660864 0.0390182 0.0363277
0 0.859739 0.936032 0.0435638 0.0424501
0 0.575917 0.430995 0.0424813 0.0394686
0 0.90046 0.273978 0.0460234 0.039408
