0 0.841689 0.0245749 0.070462 0.0491498
0 0.784556 0.975099 0.0453426 0.0409597
0 0.269697 0.837491 0.0475729 0.0400345
0 0.341416 0.0365842 0.0377037 0.0320491
0 0.491198 0.758958 0.0403629 0.0359444
0 0.526603 0.86225 0.0372662 0.0331964
0 0.666329 0.729181 0.032991 0.0305842
0 0.675107 0.527267 0.0329406 0.0290979
0 0.498534 0.871939 0.0339244 0.0318516
0 0.230742 0.721528 0.0489928 0.0439046
0 0.0382037 0.775892 0.0322225 0.0292511
0 0.0710216 0.712725 0.0552078 0.0471587
0 0.615011 0.958752 0.0369303 0.0327309
0 0.610034 0.155454 0.0323736 0.0264792
0 0.473293 0.708755 0.0405833 0.0362894
0 0.569616 0.976648 0.0535877 0.0442329
