0 0.428615 0.334803 0.0385368 0.0355475
0 0.837866 0.922251 0.0398085 0.0371267
0 0.277681 0.923206 0.0329855 0.030315
0 0.702756 0.982977 0.0331043 0.0304966
0 0.00834138 0.833711 0.0166828 0.0333836
0 0.932366 0.346018 0.0346985 0.0312191
0 0.250272 0.768567 0.0327821 0.0306917
0 0.440855 0.758536 0.0375345 0.0346776
0 0.0176975 0.340364 0.0353951 0.0393681
0 0.332798 0.467774 0.0304286 0.0298023
0 0.622986 0.987792 0.0283686 0.0240227
0 0.439084 0.266553 0.0414745 0.0400533
0 0.517817 0.501777 0.0349384 0.0312191
0 0.227585 0.340347 0.0302141 0.0277207
