0 0.673901 0.65064 0.0332776 0.0305526
0 0.270403 0.0597662 0.0353036 0.0339756
0 0.0225613 0.457957 0.0449451 0.111379
0 0.934502 0.665292 0.0295092 0.0262604
0 0.471065 0.929661 0.0270623 0.0261446
0 0.0209396 0.871428 0.0298974 0.0293365
0 0.45421 0.0830918 0.0360708 0.0351948
0 0.140615 0.451202 0.0274694 0.0253739
0 0.415594 0.0840217 0.0339933 0.0330483
0 0.225199 0.130381 0.048363 0.0475304
0 0.144888 0.875055 0.0274771 0.0260258
0 0.023706 0.806285 0.0471147 0.0594826
0 0.181854 0.0213366 0.0397178 0.0397961
0 0.90027 0.984754 0.0432987 0.0298126
0 0.338022 0.0987835 0.0328094 0.0319608
