0 0.231636 0.0157907 0.0633595 0.0311542
0 0.395727 0.793003 0.108401 0.0854984
0 0.584902 0.640523 0.050616 0.0380112
0 0.500066 0.477707 0.0691212 0.0512514
0 0.297618 0.741398 0.110408 0.0828161
0 0.238618 0.213016 0.112062 0.0839427
0 0.481196 0.982339 0.0612932 0.0353213
0 0.24079 0.119964 0.131603 0.101685
0 0.141174 0.186739 0.107593 0.0790967
0 0.610887 0.911294 0.0614225 0.0487236
0 0.153979 0.237963 0.0605001 0.0437247
0 0.514675 0.660271 0.0864567 0.0624537
0 0.232356 0.474028 0.0491077 0.0318359
0 0.121285 0.829842 0.0622506 0.0475643
0 0.366919 0.724591 0.0712235 0.0553737
0 0.909924 0.253706 0.043325 0.0334401
0 0.706365 0.327532 0.0399603 0.0272202
0 0.948375 0.415976 0.0327148 0.0258785
0 0.812448 0.0817896 0.375105 0.163579
0 0.812137 0.344187 0.0655676 0.0490031
0 0.827135 0.427423 0.0476828 0.0330875
0 0.546141 0.980783 0.0610537 0.0384098
0 0.567477 0.415573 0.0633448 0.0480943
0 0.27802 0.168738 0.0392859 0.0278448
0 0.156098 0.378941 0.312197 0.309673
0 0.831711 0.255457 0.0947222 0.0729875
0 0.498878 0.259454 0.141751 0.104079
0 0.338845 0.850237 0.0571916 0.0431868
0 0.52029 0.864648 0.0428978 0.0301361
0 0.835751 0.901194 0.0795189 0.0627752
0 0.891969 0.501476 0.0409187 0.0302612
0 0.785852 0.294331 0.13213 0.11875
0 0.878212 0.777328 0.0402006 0.0305775
0 0.700853 0.913841 0.0715702 0.0538364
0 0.626574 0.0117281 0.0310946 0.0234562
0 0.611276 0.335611 0.0400917 0.0271158
0 0.701426 0.144134 0.0436951 0.030583
