0 0.411065 0.425094 0.102979 0.0799789
0 0.267526 0.824322 0.0633896 0.050366
0 0.416665 0.168733 0.0752428 0.0579895
0 0.578587 0.348833 0.0649024 0.0509872
0 0.385207 0.30471 0.0529992 0.0411655
0 0.149725 0.153409 0.056007 0.0441538
0 0.900387 0.591648 0.0694942 0.0537813
0 0.543889 0.552218 0.0324883 0.0263359
0 0.479567 0.306853 0.0358019 0.0278358
0 0.49476 0.263645 0.0428581 0.0315212
0 0.622483 0.16291 0.178934 0.150517
0 0.234837 0.981358 0.0451825 0.0343481
0 0.616958 0.577746 0.0366947 0.0288422
0 0.80918 0.507868 0.374825 0.26564
0 0.485552 0.144863 0.0410578 0.0328519
0 0.616901 0.672584 0.0401958 0.0330756
0 0.609866 0.477269 0.0490564 0.0384537
0 0.665339 0.624165 0.0326776 0.024873
0 0.0173508 0.324828 0.0347016 0.136335
0 0.822789 0.888265 0.0505909 0.0409098
0 0.474628 0.0791554 0.0308266 0.0249737
0 0.276455 0.0943114 0.280877 0.186406
0 0.450451 0.728911 0.44968 0.377172
0 0.138762 0.933467 0.0402498 0.0318699
0 0.289754 0.661706 0.0354588 0.0284952
0 0.841798 0.620161 0.0332508 0.0275694
0 0.601964 0.234586 0.0434499 0.0344356
0 0.402608 0.568766 0.0592332 0.0428268
0 0.98586 0.38427 0.0282796 0.0799328
0 0.448557 0.749324 0.0322752 0.025124
0 0.528149 0.111798 0.0440806 0.0369136
0 0.594069 0.514943 0.0409653 0.0331483
0 0.224555 0.362789 0.0376026 0.0293572
0 0.538296 0.079077 0.0291864 0.0229291
0 0.0563268 0.681638 0.0790045 0.067568
0 0.524287 0.342211 0.0395497 0.0337204
0 0.152105 0.523808 0.0282363 0.0252162
0 0.276482 0.197346 0.0374406 0.0286616
