0 0.447224 0.511911 0.195155 0.143457
0 0.152272 0.504042 0.080689 0.0574213
0 0.372011 0.3578 0.139586 0.103401
0 0.116316 0.368366 0.0760783 0.0559238
0 0.546481 0.456332 0.0777946 0.0588111
0 0.284224 0.878502 0.277301 0.204271
0 0.364939 0.716939 0.127232 0.0869652
0 0.439395 0.641898 0.107471 0.0836491
0 0.294736 0.611689 0.100843 0.0751503
0 0.206552 0.335622 0.100967 0.07215
0 0.198062 0.569804 0.102224 0.0776844
0 0.105175 0.4135 0.0829754 0.0596161
0 0.256273 0.240184 0.150876 0.113116
0 0.108659 0.561458 0.0809222 0.0586296
0 0.210806 0.763849 0.0830925 0.061051
0 0.357034 0.653771 0.082074 0.0585253
0 0.533122 0.642816 0.0667382 0.052386
0 0.12471 0.643778 0.0530037 0.0352673
0 0.711631 0.238663 0.576739 0.470588
0 0.216469 0.47533 0.0620804 0.0445263
0 0.539493 0.58106 0.0749945 0.0652274
0 0.803369 0.495291 0.0580555 0.0436609
0 0.198055 0.412687 0.0533002 0.039399
0 0.220815 0.705387 0.0569739 0.0419374
0 0.0470044 0.761655 0.0545169 0.0451431
0 0.157304 0.874857 0.129406 0.105614
0 0.00957721 0.627266 0.0191544 0.0459343
0 0.181615 0.716994 0.0498925 0.0374325
0 0.556178 0.620548 0.0599863 0.0451807
0 0.157157 0.125231 0.0620332 0.0448694
0 0.180057 0.736447 0.0361264 0.0257484
0 0.651463 0.59949 0.0560511 0.0415944
0 0.170232 0.4588 0.0490385 0.0376927
0 0.07987 0.453975 0.0374207 0.0265202
0 0.27719 0.40263 0.121609 0.0948377
0 0.49355 0.988747 0.0412048 0.0223183
0 0.226844 0.622872 0.049032 0.036953
0 0.128843 0.805321 0.0461315 0.0360794
