0 0.476664 0.577054 0.168072 0.155741
0 0.851764 0.390247 0.293411 0.281611
0 0.705467 0.116875 0.14597 0.135614
0 0.0996345 0.235957 0.198584 0.216773
0 0.468076 0.254607 0.129408 0.11761
0 0.575038 0.946942 0.0561378 0.0526661
0 0.856361 0.212734 0.285726 0.265051
0 0.265143 0.560152 0.0612195 0.0544191
0 0.666921 0.0376876 0.0414497 0.0400879
0 0.768112 0.808772 0.0486622 0.0463749
0 0.391433 0.799256 0.100153 0.0897312
0 0.295568 0.87514 0.068839 0.0647219
0 0.292927 0.678608 0.0549703 0.0494572
0 0.698113 0.699498 0.0783361 0.0717878
0 0.377729 0.297628 0.0666757 0.0603911
0 0.327435 0.619726 0.0358799 0.0328222
0 0.259642 0.513209 0.0422749 0.0376247
0 0.641925 0.894152 0.0306362 0.0285364
0 0.37309 0.122542 0.0744422 0.067414
0 0.625376 0.756577 0.0548441 0.0515274
0 0.945898 0.98337 0.0452003 0.0331846
0 0.961839 0.740021 0.0696011 0.0664963
0 0.592263 0.783004 0.0347774 0.0314274
0 0.697084 0.937477 0.044633 0.0429573
0 0.142443 0.394747 0.0530629 0.047891
0 0.101042 0.512407 0.0418801 0.0381547
0 0.1829 0.362044 0.0554919 0.0512996
0 0.160829 0.909016 0.0707545 0.0634792
0 0.571809 0.312515 0.060955 0.0561643
0 0.732453 0.768964 0.0408567 0.0369437
0 0.445881 0.744098 0.0976795 0.0885559
0 0.419953 0.988558 0.0661285 0.0222443
0 0.0613187 0.726501 0.0322678 0.0287285
0 0.340814 0.657611 0.0433205 0.0399956
0 0.330719 0.567939 0.0642613 0.0595936
0 0.24537 0.658994 0.0525376 0.0481915
0 0.0467854 0.404387 0.0275239 0.025235
0 0.67867 0.97523 0.0637493 0.0482437
0 0.968306 0.788789 0.0633875 0.0710602
0 0.894491 0.97179 0.0712915 0.0554176
0 0.226277 0.696409 0.029049 0.0261659
0 0.13384 0.762963 0.0531718 0.0470875
0 0.479634 0.390593 0.0278574 0.0255849
0 0.55461 0.0897321 0.0682674 0.0609634
0 0.700755 0.661472 0.0422367 0.0358059
0 0.334954 0.918996 0.0524626 0.0486691
0 0.0221121 0.868446 0.0438982 0.0497746
0 0.826511 0.893929 0.0308409 0.0305912
0 0.584735 0.142626 0.0643442 0.0590924
0 0.667558 0.758939 0.0244205 0.0244308
0 0.630469 0.93276 0.035038 0.0321745
0 0.308973 0.0882903 0.0790769 0.0732739
0 0.919435 0.615861 0.0383808 0.0337267
0 0.305917 0.17573 0.0571469 0.0535271
0 0.695991 0.820572 0.0390478 0.0365116
0 0.537556 0.663173 0.0408857 0.035771
0 0.361393 0.471298 0.17873 0.163111
