0 0.223441 0.382633 0.120127 0.102068
0 0.576186 0.182289 0.15136 0.126586
0 0.355492 0.763784 0.0486173 0.041777
0 0.0888838 0.886683 0.128687 0.109267
0 0.755876 0.82405 0.0586689 0.0482791
0 0.311856 0.191666 0.0393395 0.0333882
0 0.686713 0.385411 0.0566193 0.0457436
0 0.697737 0.838214 0.0584149 0.0486694
0 0.435389 0.900487 0.0387859 0.0320665
0 0.422193 0.579236 0.040558 0.0339393
0 0.268877 0.67316 0.0389854 0.0323371
0 0.311917 0.155316 0.0396639 0.0326614
0 0.214753 0.745667 0.0376524 0.0311669
0 0.517182 0.894263 0.0377627 0.0308849
0 0.167111 0.552023 0.0728662 0.06366
0 0.527562 0.854448 0.0574487 0.0478619
0 0.750139 0.27243 0.113033 0.100471
0 0.656689 0.756713 0.0493118 0.0418608
0 0.289708 0.786295 0.0370032 0.0324299
0 0.922279 0.254755 0.0352442 0.0301687
0 0.224855 0.316296 0.0353728 0.0306075
0 0.868786 0.0690346 0.0498035 0.0415179
0 0.915471 0.382148 0.0369669 0.0314537
0 0.171188 0.847408 0.0369266 0.0310135
0 0.183279 0.439294 0.063595 0.053981
0 0.590795 0.876085 0.0413298 0.035792
0 0.706816 0.790648 0.0670742 0.0594048
0 0.0522689 0.270366 0.0335553 0.0286212
0 0.139735 0.825134 0.0344397 0.027206
0 0.0981448 0.61379 0.125092 0.0992299
0 0.165656 0.525159 0.0487656 0.04037
0 0.369048 0.0674656 0.0348497 0.0282504
0 0.634787 0.82399 0.035693 0.0291611
0 0.938132 0.0283318 0.0360096 0.031205
0 0.273823 0.571211 0.0336795 0.0284134
0 0.985409 0.381735 0.0291821 0.037639
0 0.460963 0.985047 0.0340848 0.02868
0 0.885275 0.521715 0.0340179 0.0278731
0 0.862596 0.0868527 0.0363464 0.0278047
0 0.691599 0.0872512 0.0426443 0.0366799
0 0.75299 0.0996117 0.0289333 0.0259794
