0 0.0316042 0.893994 0.0632084 0.0634224
0 0.539397 0.595155 0.0449844 0.0435747
0 0.940119 0.878074 0.119762 0.191457
0 0.606725 0.969195 0.0355085 0.0344067
0 0.492266 0.17823 0.0334364 0.0327179
0 0.550703 0.0951778 0.029829 0.0294974
0 0.2721 0.25003 0.03538 0.0339583
0 0.550715 0.829639 0.304727 0.304629
0 0.828197 0.0401776 0.0409725 0.0389822
0 0.365059 0.758447 0.0293775 0.0290161
0 0.376845 0.202459 0.030685 0.0299465
0 0.579769 0.164701 0.0337872 0.0335715
0 0.342061 0.0911675 0.0292447 0.028898
0 0.0562441 0.744586 0.0299736 0.0297031
0 0.933695 0.189442 0.0377981 0.0367208
0 0.267454 0.214832 0.0322441 0.0332042
0 0.674244 0.0264202 0.0294802 0.0279245
0 0.214657 0.291488 0.0279016 0.0263519
0 0.469657 0.43551 0.0832056 0.0810893
0 0.60993 0.493171 0.026333 0.0258053
0 0.338765 0.91354 0.0336825 0.0316124
0 0.0560883 0.343586 0.0286234 0.0279555
0 0.2726 0.119736 0.0314769 0.0304302
0 0.858755 0.0285003 0.0285357 0.027664
0 0.117735 0.557586 0.0836799 0.0810827
0 0.938631 0.161655 0.0300369 0.0285991
