0 0.111022 0.599936 0.137732 0.125036
0 0.316673 0.134565 0.0514088 0.0503116
0 0.581474 0.31942 0.150419 0.135663
0 0.404579 0.378298 0.0388179 0.0343529
0 0.661738 0.0680961 0.0444274 0.0402647
0 0.763379 0.807414 0.040941 0.0364302
0 0.729911 0.496274 0.179351 0.154583
0 0.277729 0.570954 0.0475682 0.0408916
0 0.22999 0.397609 0.0342744 0.0307582
0 0.779966 0.842785 0.0379291 0.0327963
0 0.346312 0.410164 0.030792 0.0283466
0 0.167741 0.119575 0.030039 0.0298451
0 0.334987 0.586361 0.0613673 0.0541361
0 0.0414925 0.503839 0.0526427 0.046977
0 0.0167659 0.532375 0.0296022 0.028878
0 0.488248 0.87963 0.0315887 0.0301039
0 0.540069 0.84176 0.0364285 0.0324463
0 0.51483 0.597861 0.0384463 0.0358494
0 0.353062 0.0962404 0.0351375 0.0336967
0 0.835611 0.806398 0.152697 0.132605
0 0.883143 0.0803632 0.0847195 0.0805378
0 0.868585 0.93486 0.0439838 0.0391804
0 0.878003 0.264642 0.0673084 0.0614223
