0 0.687532 0.289161 0.0715023 0.0639602
0 0.308471 0.947433 0.0916566 0.0835011
0 0.269098 0.801732 0.0968299 0.0848166
0 0.215309 0.924521 0.0409744 0.0366505
0 0.751342 0.332152 0.045856 0.038811
0 0.0699946 0.389615 0.0339435 0.0308746
0 0.302388 0.64749 0.089878 0.0803278
0 0.017518 0.2054 0.0342973 0.0314045
0 0.861328 0.398257 0.0456034 0.0412494
0 0.0258683 0.969306 0.0517059 0.061129
0 0.0957718 0.533069 0.169719 0.152187
0 0.793899 0.0747376 0.0581844 0.0523739
0 0.403035 0.901888 0.0367053 0.0317608
0 0.238702 0.613834 0.0626867 0.0547104
0 0.0916888 0.840394 0.049697 0.0444626
0 0.657767 0.670509 0.0569109 0.0515284
0 0.158108 0.495909 0.0579374 0.0526932
0 0.770481 0.17994 0.0438032 0.0412085
0 0.0414945 0.904975 0.0607388 0.0519081
0 0.972562 0.529072 0.0547207 0.115279
0 0.0342591 0.0552203 0.0685182 0.0793606
0 0.882864 0.147807 0.0308186 0.027923
0 0.172321 0.836283 0.101673 0.0867273
0 0.400991 0.268187 0.0329455 0.0305123
0 0.417674 0.0477211 0.0776018 0.0671539
0 0.127811 0.30001 0.0542351 0.0483346
0 0.906957 0.670399 0.0285353 0.0272668
0 0.658418 0.410334 0.0288955 0.0259142
0 0.181584 0.262181 0.0424052 0.0380894
0 0.548585 0.939497 0.062998 0.0538111
0 0.78024 0.234687 0.0310093 0.0268319
0 0.357061 0.543254 0.0299995 0.026906
0 0.898548 0.0197282 0.0637505 0.0392906
0 0.614529 0.904884 0.0822804 0.0737539
0 0.405524 0.985088 0.0797623 0.0298246
0 0.900441 0.796892 0.0293518 0.0280542
0 0.316367 0.0631626 0.0435562 0.0386907
0 0.286335 0.545162 0.0465394 0.0391444
0 0.0814496 0.984247 0.0631133 0.0313435
0 0.217228 0.0487221 0.0460838 0.0400062
0 0.420618 0.195852 0.0383049 0.0353918
0 0.164988 0.755069 0.0814026 0.073715
0 0.453755 0.72313 0.0772095 0.065126
0 0.619187 0.490718 0.0839197 0.0792276
0 0.209787 0.206433 0.0299649 0.0249834
0 0.267768 0.450445 0.0354882 0.0304253
0 0.0800345 0.451308 0.047447 0.0414549
0 0.978349 0.874756 0.0376902 0.0363678
0 0.843192 0.915492 0.0283802 0.027253
0 0.450933 0.512819 0.0421538 0.038834
0 0.0362133 0.423416 0.0476222 0.0422365
0 0.212367 0.520218 0.0297692 0.0283693
