0 0.636038 0.86964 0.155263 0.136092
0 0.817507 0.501401 0.082358 0.0693555
0 0.955107 0.592134 0.0897049 0.123565
0 0.0605869 0.865703 0.0371869 0.0344658
0 0.547714 0.429194 0.0451025 0.0396652
0 0.720303 0.0971802 0.321136 0.19436
0 0.771749 0.535248 0.0419029 0.0354198
0 0.0226353 0.728637 0.0452706 0.0446693
0 0.668356 0.7734 0.0556441 0.0467869
0 0.651511 0.6912 0.0551916 0.0446575
0 0.839957 0.300052 0.0464218 0.0398958
0 0.073623 0.75446 0.0669512 0.0613996
0 0.0668914 0.55324 0.035377 0.0306358
0 0.700945 0.304752 0.0501585 0.04413
0 0.976473 0.13997 0.0470549 0.0489869
0 0.411988 0.0954178 0.0962276 0.088153
0 0.510902 0.521074 0.0416306 0.035716
0 0.392484 0.779148 0.0567102 0.0488417
0 0.266972 0.454623 0.0340692 0.0295738
0 0.185407 0.569961 0.0373992 0.0315365
0 0.141898 0.535648 0.0539863 0.046307
0 0.556666 0.591572 0.0353979 0.0302237
0 0.317178 0.783249 0.0581911 0.0533581
0 0.0703414 0.718708 0.0565399 0.0476254
0 0.897491 0.611025 0.0420872 0.0365826
0 0.94217 0.857049 0.0418507 0.0356619
0 0.250606 0.246716 0.453407 0.415535
0 0.701187 0.481789 0.0806539 0.07134
0 0.55979 0.704965 0.150042 0.135141
0 0.837238 0.622184 0.0435043 0.0371525
0 0.341711 0.951627 0.032978 0.0290327
0 0.93674 0.355012 0.126154 0.197632
0 0.60597 0.564008 0.0379524 0.0338896
0 0.971969 0.663549 0.0536461 0.0464239
0 0.427881 0.44242 0.16371 0.138523
0 0.375267 0.839221 0.0585911 0.0519701
0 0.144455 0.660114 0.038437 0.0351696
0 0.00761809 0.474744 0.0151195 0.0326979
0 0.47519 0.913432 0.244797 0.172666
0 0.65262 0.714213 0.0338312 0.0272444
0 0.477402 0.320349 0.0681622 0.0620517
0 0.490517 0.435888 0.0291568 0.0277861
0 0.582369 0.291176 0.0484625 0.0414674
0 0.625291 0.470237 0.0322304 0.0272743
0 0.292725 0.415705 0.0279307 0.0264103
0 0.254064 0.396392 0.0277288 0.0248931
0 0.32665 0.924898 0.0299032 0.0283331
0 0.956151 0.0455994 0.0270287 0.0236025
0 0.777001 0.636258 0.0379347 0.0317167
0 0.218952 0.958111 0.103124 0.0829952
0 0.0816759 0.919753 0.0390849 0.0369532
0 0.451187 0.735271 0.048983 0.0434786
