0 0.533384 0.513966 0.319323 0.305145
0 0.216253 0.893731 0.154131 0.146936
0 0.662884 0.685381 0.0370438 0.0338293
0 0.0564169 0.105383 0.112834 0.209927
0 0.808995 0.209591 0.0316273 0.0308692
0 0.352942 0.519497 0.280187 0.258832
0 0.4585 0.157111 0.031332 0.0289728
0 0.520962 0.262378 0.0305111 0.0287861
0 0.954568 0.933795 0.0361731 0.0332806
0 0.413972 0.252378 0.0365136 0.0333113
0 0.733151 0.605546 0.027644 0.0263163
0 0.265189 0.259289 0.0437899 0.0433053
0 0.916422 0.497375 0.0316868 0.0296232
0 0.525456 0.815585 0.0623851 0.0575721
0 0.630214 0.684133 0.0299761 0.0271753
0 0.734827 0.126714 0.0253675 0.0240022
0 0.0437843 0.562985 0.0875685 0.270452
0 0.850796 0.0179638 0.202599 0.0359275
0 0.225854 0.655228 0.0348266 0.0313002
