0 0.482672 0.560634 0.0434219 0.0384947
0 0.604791 0.749721 0.0427183 0.0369558
0 0.072588 0.203592 0.0460828 0.0409613
0 0.274462 0.434691 0.0460845 0.0409001
0 0.256351 0.753886 0.512702 0.489227
0 0.559942 0.529887 0.095023 0.0854122
0 0.549381 0.359201 0.0839595 0.0735943
0 0.709358 0.516171 0.0351833 0.0316319
0 0.284044 0.342441 0.0526263 0.0468086
0 0.251585 0.27555 0.0454073 0.0416761
0 0.151904 0.0777577 0.0559033 0.0504774
0 0.895954 0.713619 0.207613 0.217148
0 0.67695 0.00783307 0.0416103 0.0156661
0 0.120267 0.209242 0.0372585 0.0346007
0 0.327385 0.310991 0.0588309 0.0546856
0 0.826448 0.442571 0.0350544 0.0315464
0 0.145199 0.356079 0.0299233 0.0281095
0 0.84392 0.867836 0.034355 0.0304886
0 0.986992 0.246529 0.0254986 0.0679632
0 0.127159 0.310866 0.0377869 0.0333894
0 0.982452 0.0525456 0.0286289 0.026242
0 0.776294 0.125459 0.0280966 0.0258793
0 0.12576 0.156953 0.0295454 0.0267857
0 0.649382 0.374941 0.0386585 0.0349523
0 0.486888 0.0417775 0.0307884 0.0264886
0 0.686007 0.407538 0.054261 0.0502613
0 0.967084 0.332178 0.0299564 0.0262822
0 0.772276 0.782805 0.0952753 0.0832202
0 0.589102 0.426089 0.060354 0.0533797
0 0.348897 0.740628 0.0274734 0.0269277
0 0.490224 0.65205 0.0270519 0.0241541
