0 0.91207 0.180902 0.0591951 0.0464179
0 0.982901 0.70051 0.0341986 0.0316714
0 0.437117 0.322134 0.0511621 0.0361721
0 0.06275 0.100484 0.0618848 0.0510396
0 0.171796 0.201268 0.0856247 0.0688589
0 0.25848 0.391267 0.0637689 0.0470681
0 0.246268 0.55645 0.0667765 0.0456785
0 0.232664 0.77275 0.0474258 0.0339588
0 0.383915 0.0713168 0.0386332 0.0297534
0 0.0147361 0.197457 0.0293485 0.0375818
0 0.960258 0.462101 0.0464476 0.0363733
0 0.391997 0.279258 0.0353934 0.0274803
0 0.924771 0.315812 0.0319803 0.0257115
0 0.483432 0.0704949 0.0985772 0.0782599
0 0.696269 0.734731 0.0983982 0.077151
0 0.867307 0.466496 0.0908939 0.0599138
0 0.556608 0.216743 0.0432327 0.0339677
0 0.162919 0.644242 0.0793797 0.0612235
0 0.638036 0.567154 0.0319021 0.0251462
0 0.0750843 0.214399 0.0550351 0.0439309
0 0.92814 0.282969 0.0327267 0.0264925
0 0.0230938 0.643512 0.0461875 0.0387096
