0 0.781446 0.526096 0.136732 0.113283
0 0.749617 0.232988 0.126622 0.0965355
0 0.378863 0.78713 0.117563 0.09388
0 0.697042 0.918985 0.0645147 0.0501566
0 0.0572261 0.676037 0.110397 0.0905743
0 0.0410439 0.537782 0.0819924 0.0913515
0 0.745848 0.616616 0.115909 0.0931875
0 0.299775 0.115821 0.0720532 0.0551965
0 0.508207 0.884421 0.0827609 0.0660873
0 0.949693 0.283347 0.100614 0.104399
0 0.230164 0.351926 0.256241 0.198105
0 0.54632 0.156794 0.0659353 0.0494189
0 0.924813 0.504409 0.0416632 0.0324024
0 0.445065 0.649167 0.037883 0.0303233
0 0.16147 0.879051 0.116635 0.0937355
0 0.0434103 0.737332 0.0413555 0.0327456
0 0.0990428 0.837418 0.0421109 0.0330334
0 0.846392 0.798063 0.0516134 0.0396815
0 0.971517 0.629997 0.0569668 0.0552033
0 0.390822 0.880931 0.0341365 0.0250944
0 0.536336 0.0163414 0.0329682 0.0258684
0 0.843475 0.395787 0.0354488 0.0296467
0 0.538225 0.0381661 0.111061 0.0763323
0 0.81096 0.958634 0.154664 0.0826107
0 0.250749 0.0654123 0.103386 0.0813674
0 0.926012 0.690126 0.0685249 0.0587595
0 0.456983 0.838688 0.0909954 0.0723919
0 0.587856 0.690312 0.0331711 0.026283
0 0.232964 0.98902 0.0546875 0.0219143
0 0.973413 0.808857 0.0524691 0.155317
0 0.941076 0.207515 0.0383297 0.0320151
