0 0.0865253 0.477737 0.111667 0.109316
0 0.404471 0.424687 0.0507203 0.0487557
0 0.058343 0.596055 0.0613241 0.0601831
0 0.815339 0.932414 0.0473896 0.0473724
0 0.022845 0.859679 0.0455079 0.0460512
0 0.220235 0.286863 0.0497843 0.0493142
0 0.526765 0.687054 0.0594364 0.0590809
0 0.54924 0.959089 0.0510647 0.0489918
0 0.540117 0.0245979 0.0411735 0.0407836
0 0.0729436 0.723185 0.102354 0.099663
0 0.430839 0.699662 0.0731375 0.071596
0 0.156502 0.625248 0.0395986 0.0378333
0 0.133004 0.984526 0.0426967 0.0309242
0 0.342569 0.881686 0.0829346 0.0801098
0 0.883681 0.899044 0.0360779 0.0352234
0 0.548847 0.982652 0.085256 0.0346863
0 0.439841 0.0673799 0.0573402 0.0570566
0 0.70255 0.94315 0.0373658 0.0376379
0 0.666241 0.527217 0.0329734 0.0314585
0 0.183388 0.96559 0.0304681 0.0296688
0 0.0404408 0.674751 0.0323376 0.0313254
0 0.615098 0.265997 0.0376093 0.0367402
0 0.526325 0.0671536 0.0412197 0.0408055
0 0.226058 0.75062 0.0320807 0.0316372
0 0.390713 0.0265803 0.0331277 0.0313924
0 0.186917 0.914985 0.0648212 0.0614897
0 0.0237623 0.77425 0.0475246 0.0750261
0 0.0194435 0.514271 0.0326749 0.0319317
0 0.115122 0.619643 0.0372805 0.0354843
0 0.41747 0.955009 0.0489642 0.0470051
0 0.118256 0.0103132 0.0425297 0.0206263
0 0.393915 0.619847 0.0405636 0.0389491
0 0.546892 0.10485 0.0418224 0.0395499
0 0.383858 0.390916 0.039546 0.0378606
0 0.0433619 0.953714 0.0345498 0.0343239
0 0.30645 0.097233 0.0310863 0.0296452
0 0.320443 0.940568 0.045449 0.0463699
0 0.501756 0.636632 0.0683889 0.0659476
0 0.111607 0.527085 0.0319969 0.0313485
0 0.545638 0.143029 0.0553885 0.0519083
0 0.721536 0.964257 0.0310132 0.0302814
0 0.373423 0.103514 0.0395964 0.0363376
0 0.602837 0.521283 0.0379049 0.0369631
