0 0.384216 0.352768 0.142291 0.128905
0 0.449712 0.654317 0.130183 0.11914
0 0.0659476 0.66422 0.103938 0.0965378
0 0.757997 0.483008 0.0828225 0.0749214
0 0.330705 0.97385 0.0346585 0.0320414
0 0.841092 0.468568 0.0499176 0.0427918
0 0.0762138 0.402815 0.0983322 0.0919765
0 0.947656 0.721089 0.103814 0.0979191
0 0.234605 0.690217 0.0557676 0.0522358
0 0.287117 0.513997 0.080423 0.0738179
0 0.131721 0.300788 0.061619 0.0549368
0 0.949606 0.875845 0.0337692 0.0305082
0 0.698718 0.339174 0.0420688 0.0380633
0 0.549979 0.397088 0.050871 0.0444265
0 0.11102 0.0417922 0.0589253 0.0538301
0 0.245568 0.359542 0.217472 0.204514
0 0.555778 0.429355 0.0323153 0.0295721
0 0.0471906 0.953313 0.0323945 0.0300467
0 0.145136 0.602129 0.0317076 0.0284567
0 0.706102 0.333085 0.324413 0.267018
0 0.119188 0.919145 0.0301226 0.027837
0 0.626137 0.51502 0.0354279 0.032695
0 0.724996 0.527021 0.0304878 0.0276917
0 0.589614 0.445519 0.0595253 0.0525305
0 0.202674 0.217985 0.145161 0.128985
0 0.0430761 0.592414 0.0338897 0.0327794
0 0.386827 0.492234 0.0449897 0.0436079
0 0.393423 0.592831 0.0425093 0.0388769
0 0.69772 0.595561 0.0752566 0.0655737
0 0.0788576 0.0968205 0.0769027 0.0694307
0 0.852712 0.77104 0.120957 0.107126
0 0.933282 0.45004 0.0520981 0.0456398
0 0.627907 0.31467 0.0589352 0.0520923
