0 0.244537 0.277131 0.139909 0.103394
0 0.0452154 0.968461 0.0893914 0.0626465
0 0.479839 0.833394 0.0766567 0.0547661
0 0.783976 0.526756 0.20192 0.159617
0 0.856971 0.257776 0.171251 0.121368
0 0.731033 0.203306 0.0479424 0.0344517
0 0.084774 0.247276 0.169548 0.14935
0 0.138731 0.648129 0.037937 0.0270399
0 0.733789 0.843383 0.0538799 0.0404285
0 0.690109 0.634107 0.276116 0.209799
0 0.0973703 0.472041 0.0532538 0.0374945
0 0.54889 0.549771 0.0866857 0.0653803
0 0.501023 0.792064 0.0706318 0.0550383
0 0.0260044 0.410736 0.0520088 0.0617666
0 0.97962 0.244554 0.040588 0.0597844
0 0.240723 0.0783901 0.0407494 0.0318956
0 0.343558 0.354958 0.0754263 0.0572925
0 0.118713 0.931097 0.114184 0.0881357
0 0.557501 0.905661 0.0747706 0.0518587
0 0.164354 0.978918 0.051873 0.0377743
0 0.782726 0.318941 0.135597 0.104691
0 0.337079 0.175373 0.0700378 0.0513714
0 0.691608 0.332132 0.0433939 0.0332346
0 0.920254 0.647113 0.0501709 0.0359446
0 0.513963 0.740008 0.121617 0.0859028
0 0.563613 0.77814 0.037539 0.0293616
0 0.778414 0.980313 0.0783868 0.0393736
0 0.158508 0.392039 0.121195 0.093148
0 0.472295 0.652404 0.0793658 0.0646236
0 0.687089 0.397347 0.0647493 0.0514704
0 0.608706 0.799434 0.168833 0.132234
0 0.501992 0.978889 0.0628824 0.0406502
0 0.305943 0.757809 0.0322178 0.0251797
0 0.0538903 0.751805 0.107663 0.260456
0 0.578433 0.461917 0.057039 0.0462755
0 0.222704 0.504981 0.211075 0.159658
0 0.0172024 0.011763 0.0339751 0.023526
0 0.420496 0.881101 0.0285983 0.0238148
0 0.70693 0.1804 0.0332068 0.0267077
0 0.031307 0.886019 0.0540002 0.0433561
0 0.677963 0.117242 0.0301476 0.0225623
0 0.911913 0.394486 0.175911 0.176591
