0 0.17103 0.295224 0.155813 0.128594
0 0.38362 0.86753 0.0748938 0.0606144
0 0.547195 0.43405 0.0742876 0.0566882
0 0.309408 0.307584 0.0536637 0.0416968
0 0.0393694 0.915661 0.0486341 0.036743
0 0.173421 0.93458 0.0586732 0.0455723
0 0.0909609 0.829848 0.054578 0.0407581
0 0.7157 0.567165 0.0481512 0.0369617
0 0.354376 0.446844 0.0471648 0.0369511
0 0.482103 0.233932 0.0610741 0.0449934
0 0.679601 0.469099 0.0449297 0.0348877
0 0.441222 0.414219 0.0530184 0.0391651
0 0.502402 0.674931 0.0427063 0.0332535
0 0.328945 0.685549 0.0415377 0.0317905
0 0.127816 0.787028 0.0372943 0.0295151
0 0.470467 0.446237 0.0463172 0.0363525
0 0.29408 0.479972 0.0517988 0.038331
0 0.385463 0.178767 0.0372336 0.0292795
0 0.345524 0.504053 0.0467862 0.0359687
0 0.282634 0.118923 0.0387567 0.0297902
0 0.711673 0.802697 0.0327461 0.0296485
0 0.894854 0.166542 0.0714409 0.0589469
0 0.534641 0.744997 0.0517811 0.0417412
0 0.495405 0.324751 0.0315787 0.025692
0 0.683636 0.301221 0.0308706 0.0242057
0 0.970835 0.103899 0.0332962 0.0267008
0 0.324441 0.0472029 0.0417213 0.0328167
0 0.211981 0.609967 0.0600847 0.0447817
0 0.134749 0.865424 0.0310993 0.0254377
0 0.924188 0.475047 0.0306746 0.0251295
0 0.466687 0.726051 0.0315265 0.025498
0 0.775248 0.268254 0.0290898 0.0236029
0 0.535073 0.362037 0.0490046 0.0370069
0 0.814273 0.0215861 0.0275705 0.0242609
