0 0.592259 0.48455 0.111993 0.0903135
0 0.345181 0.768638 0.083974 0.0642844
0 0.423461 0.904173 0.0579201 0.0442459
0 0.479374 0.706824 0.0914819 0.0746624
0 0.462277 0.806001 0.0681556 0.0523697
0 0.353281 0.691627 0.0498904 0.0377247
0 0.678797 0.556191 0.0750954 0.0619886
0 0.735696 0.970512 0.0466478 0.0364363
0 0.219242 0.440622 0.0611836 0.0456844
0 0.450931 0.656152 0.0434407 0.0343771
0 0.0788839 0.666994 0.127073 0.0931269
0 0.270238 0.727584 0.104703 0.0838835
0 0.16894 0.456942 0.0581964 0.0489683
0 0.512093 0.748849 0.0479977 0.0398149
0 0.410088 0.957623 0.0318104 0.0254929
0 0.187174 0.761476 0.0446364 0.0325276
0 0.274262 0.948534 0.0487071 0.0379719
0 0.447678 0.833395 0.0745384 0.0515362
0 0.319525 0.63134 0.0434723 0.0347048
0 0.0473777 0.607705 0.0540119 0.0471096
0 0.692856 0.909197 0.0332502 0.0269703
0 0.92598 0.900851 0.14804 0.183723
0 0.699431 0.38623 0.0299088 0.0240273
