0 0.115469 0.235919 0.0995846 0.0951725
0 0.56787 0.59206 0.205064 0.191316
0 0.447326 0.524743 0.12685 0.114748
0 0.825571 0.385679 0.0893585 0.087439
0 0.96277 0.714141 0.056604 0.0526093
0 0.213719 0.860717 0.0410483 0.0360054
0 0.942678 0.222378 0.0459747 0.0405175
0 0.948919 0.889466 0.0482468 0.0449587
0 0.581751 0.301205 0.0558075 0.0517962
0 0.696412 0.79985 0.0420414 0.0392621
0 0.943629 0.620452 0.104647 0.0993523
0 0.644408 0.792043 0.0724144 0.0680553
0 0.779294 0.841027 0.0857762 0.0768412
0 0.0270626 0.104794 0.0344013 0.0323834
0 0.221784 0.123593 0.0834482 0.0790071
0 0.174117 0.52739 0.0301463 0.0271883
0 0.236999 0.0116043 0.0586713 0.0232085
0 0.722284 0.662149 0.069293 0.0628181
0 0.695458 0.868286 0.0277634 0.0274662
0 0.0798055 0.112583 0.0301747 0.0282077
0 0.676096 0.760791 0.0616856 0.057364
0 0.748742 0.721909 0.0653878 0.0623371
0 0.747568 0.21137 0.0740176 0.0702878
0 0.990475 0.738391 0.0190501 0.0563829
0 0.0432683 0.86121 0.0305756 0.0275398
0 0.151424 0.538001 0.0328622 0.0297913
0 0.123117 0.858692 0.0629296 0.0563984
0 0.61055 0.937187 0.0269725 0.0260876
0 0.206393 0.730845 0.051905 0.0462986
0 0.708712 0.82369 0.0270264 0.0266617
0 0.258907 0.759823 0.034022 0.0304729
0 0.7803 0.655134 0.0534695 0.0511756
0 0.323432 0.853952 0.0581582 0.0546927
0 0.821878 0.70034 0.0746562 0.0745701
0 0.371936 0.865679 0.0371775 0.0354179
0 0.912431 0.711062 0.0382969 0.03698
0 0.624037 0.982624 0.100791 0.0335449
0 0.880799 0.145806 0.0952843 0.0887688
0 0.520509 0.174215 0.0353424 0.0333205
0 0.779283 0.384049 0.0736057 0.0723266
0 0.253076 0.804882 0.0275962 0.0248079
0 0.57413 0.693034 0.0352652 0.0333781
0 0.668323 0.069585 0.0590794 0.0557761
0 0.516819 0.989823 0.0244758 0.019804
