0 0.235811 0.0894786 0.226797 0.178818
0 0.750245 0.311894 0.0907695 0.0763515
0 0.207665 0.867953 0.0472117 0.0389847
0 0.281623 0.855167 0.0472896 0.0394585
0 0.121774 0.850308 0.0442508 0.0354418
0 0.129817 0.426845 0.047481 0.0387125
0 0.800509 0.286738 0.0828459 0.0683904
0 0.59068 0.22044 0.0561121 0.0450354
0 0.053952 0.487035 0.0406002 0.0336504
0 0.438449 0.984953 0.0339726 0.0288624
0 0.517909 0.221955 0.0448122 0.0368796
0 0.170158 0.789513 0.0377884 0.0313518
0 0.645456 0.231249 0.0543435 0.0467612
0 0.0421642 0.555333 0.0360364 0.0290487
0 0.203399 0.753297 0.0342659 0.0279905
0 0.616064 0.385965 0.0314353 0.0256886
0 0.451886 0.322533 0.0308247 0.0276629
0 0.0662731 0.785744 0.0358198 0.0308008
0 0.850321 0.43467 0.0712961 0.0642129
0 0.00605768 0.406713 0.0119604 0.0296577
0 0.378241 0.507535 0.0304005 0.0255888
0 0.0206335 0.0398123 0.0323371 0.0253943
0 0.0358321 0.100805 0.0286135 0.0237074
0 0.603908 0.031472 0.0286333 0.0243048
