0 0.748158 0.674415 0.266812 0.261846
0 0.351818 0.722345 0.11358 0.109554
0 0.618416 0.435826 0.185697 0.168445
0 0.327364 0.40078 0.0837609 0.0793443
0 0.514086 0.611592 0.128673 0.123838
0 0.793525 0.280731 0.148878 0.136895
0 0.826201 0.935695 0.0359344 0.0342854
0 0.0849833 0.623378 0.169967 0.264925
0 0.690103 0.487296 0.0397027 0.0372999
0 0.442163 0.897815 0.0444748 0.0426014
0 0.593439 0.650093 0.0437856 0.0418619
0 0.758577 0.378327 0.032757 0.0305732
0 0.653833 0.195134 0.0326418 0.0294253
0 0.370333 0.497216 0.0290507 0.0276033
0 0.897443 0.434127 0.0418739 0.0402217
0 0.429938 0.0638318 0.0330046 0.0307974
0 0.568962 0.244742 0.0319029 0.0307256
0 0.576623 0.5349 0.0602793 0.0555748
0 0.930496 0.472646 0.0672501 0.0668078
0 0.891439 0.804157 0.0283173 0.0262079
0 0.237372 0.510237 0.0561941 0.0540215
0 0.124797 0.0603081 0.0298005 0.0278273
0 0.718571 0.434764 0.041597 0.0396124
0 0.449412 0.0376247 0.0350534 0.0332952
0 0.0902118 0.960905 0.0961385 0.0781441
0 0.352506 0.837354 0.0407395 0.0382036
0 0.259383 0.618576 0.193246 0.182046
0 0.407402 0.787246 0.104918 0.10015
0 0.173412 0.823673 0.343805 0.343326
0 0.20726 0.602974 0.0382487 0.0376723
0 0.270705 0.066239 0.0303577 0.0296239
0 0.428337 0.591084 0.0265169 0.0256506
0 0.761882 0.827528 0.0308496 0.029673
0 0.352988 0.375972 0.0266051 0.0255342
0 0.970277 0.990345 0.0364643 0.0188683
0 0.615159 0.549751 0.0310246 0.0294308
0 0.368096 0.654225 0.0263476 0.0263157
0 0.00809134 0.56114 0.0159781 0.036244
0 0.0489892 0.530017 0.0411775 0.0398724
0 0.874572 0.179514 0.119647 0.116647
0 0.00550148 0.866792 0.0106756 0.0743237
0 0.954963 0.347191 0.0898335 0.173742
0 0.0384381 0.569708 0.0339541 0.0337354
0 0.0314132 0.162643 0.025885 0.0239637
0 0.255705 0.385258 0.0554293 0.0496023
