0 0.37371 0.52225 0.0937766 0.0914253
0 0.472777 0.35694 0.0505152 0.0479819
0 0.293892 0.239815 0.0537943 0.0527234
0 0.154291 0.107083 0.052716 0.0513323
0 0.216027 0.645457 0.0364301 0.0352068
0 0.0442465 0.677968 0.0333569 0.0329358
0 0.488521 0.658502 0.0400431 0.0393832
0 0.314731 0.685092 0.033239 0.0320845
0 0.785627 0.637732 0.0371481 0.036622
0 0.687189 0.455919 0.0327505 0.0327332
0 0.951558 0.203304 0.0295969 0.0285219
0 0.991252 0.292314 0.0174969 0.029139
0 0.942966 0.276549 0.0248779 0.0242357
0 0.397298 0.0159224 0.0372187 0.0318448
0 0.98023 0.0331756 0.0269997 0.0268618
0 0.50765 0.379485 0.281289 0.259404
0 0.902506 0.625883 0.0374985 0.0362791
0 0.800366 0.482166 0.384588 0.443133
0 0.659957 0.144269 0.493064 0.287783
0 0.692125 0.229015 0.112559 0.104594
0 0.972597 0.0200702 0.054063 0.0401404
0 0.289541 0.772243 0.0367837 0.0346438
0 0.207226 0.219851 0.0867518 0.0835869
0 0.803977 0.789855 0.026582 0.024868
