0 0.467196 0.230609 0.177326 0.149526
0 0.860333 0.154018 0.0968769 0.0758621
0 0.171907 0.773007 0.154551 0.106257
0 0.126764 0.552756 0.0772193 0.0622198
0 0.22457 0.413666 0.242548 0.193375
0 0.973879 0.946121 0.0522423 0.0483234
0 0.177443 0.931938 0.0566147 0.0400352
0 0.785432 0.720255 0.0845701 0.0641933
0 0.917589 0.227758 0.160703 0.116463
0 0.314592 0.12328 0.0423467 0.030706
0 0.273134 0.292897 0.0427536 0.0363004
0 0.861029 0.0867177 0.0346258 0.0278966
0 0.833542 0.950248 0.0404518 0.0264431
0 0.593199 0.0449976 0.0391185 0.0310621
0 0.974367 0.161281 0.0480549 0.0398337
0 0.269965 0.916104 0.0365482 0.0270641
0 0.572991 0.560664 0.0943391 0.0747858
0 0.36237 0.917868 0.0740798 0.0561249
0 0.653903 0.962667 0.0406743 0.0289921
0 0.399796 0.503875 0.0820946 0.0620544
0 0.220838 0.96395 0.0670585 0.0522141
0 0.903206 0.589172 0.0404968 0.0263971
0 0.563341 0.0245906 0.0425688 0.0345522
0 0.0657255 0.774066 0.105749 0.0806609
0 0.347988 0.267018 0.137247 0.10568
0 0.463565 0.0753677 0.0644988 0.0532213
0 0.909361 0.0593696 0.0308538 0.0251124
0 0.298181 0.820558 0.0531509 0.0377529
0 0.879423 0.0473376 0.0417753 0.0318766
0 0.988174 0.13116 0.0236513 0.0363492
0 0.116246 0.495831 0.0591427 0.0415405
0 0.0190327 0.00896905 0.0299304 0.0179381
0 0.322383 0.9236 0.0495811 0.0366594
0 0.173164 0.88198 0.0842188 0.0609261
0 0.933575 0.033715 0.0420414 0.0334072
0 0.744199 0.695394 0.0374517 0.0275381
0 0.941323 0.975362 0.0387939 0.0302004
0 0.895383 0.969849 0.0322609 0.0281006
0 0.92785 0.292086 0.0405155 0.0324461
0 0.432149 0.0966993 0.0468438 0.0356052
0 0.222687 0.479403 0.0984993 0.0751894
0 0.684567 0.912493 0.0404503 0.0284369
0 0.677004 0.959703 0.0840095 0.0561121
0 0.867518 0.7836 0.0295208 0.0190322
0 0.718788 0.655037 0.0726679 0.0535603
0 0.429282 0.907083 0.0612271 0.0467569
0 0.651355 0.989287 0.0402277 0.0214222
0 0.00614702 0.408455 0.0121169 0.0550174
0 0.436917 0.851142 0.0675047 0.0473972
0 0.936379 0.0730863 0.0287615 0.0258029
0 0.870678 0.772458 0.0433758 0.0312255
0 0.484089 0.682859 0.0577957 0.0435286
0 0.930955 0.727499 0.138091 0.323553
0 0.927827 0.445673 0.0462603 0.0310937
0 0.839271 0.306395 0.0349646 0.0274557
0 0.515867 0.0158353 0.0284806 0.0243396
