0 0.226354 0.673822 0.0604724 0.0562096
0 0.391697 0.358339 0.0518245 0.0485268
0 0.444866 0.362206 0.0407179 0.0376113
0 0.816858 0.689298 0.0368908 0.0342842
0 0.0645738 0.326295 0.0352824 0.0331346
0 0.460819 0.197055 0.0318267 0.0300981
0 0.858218 0.816709 0.0364304 0.0329277
0 0.615819 0.145707 0.0365865 0.0342073
0 0.545399 0.564339 0.0263258 0.0253511
0 0.837879 0.743264 0.0304008 0.0280665
0 0.946611 0.238508 0.0342934 0.03188
0 0.915792 0.842888 0.0335484 0.0308094
0 0.242375 0.580963 0.0284999 0.0267946
0 0.165097 0.24567 0.0298987 0.0275685
0 0.779693 0.574933 0.031982 0.0285248
0 0.121422 0.344184 0.0265362 0.0258011
0 0.0993682 0.86893 0.0599433 0.0554401
0 0.581922 0.845933 0.026067 0.0239614
0 0.833744 0.670583 0.0268341 0.025029
0 0.63462 0.108144 0.0259907 0.0243865
0 0.387198 0.490542 0.0242276 0.0228769
0 0.979794 0.0140459 0.0353706 0.0280917
0 0.62543 0.596868 0.037443 0.0349552
0 0.337137 0.44215 0.0260035 0.0246096
0 0.951789 0.20651 0.0270271 0.0256045
0 0.994275 0.338313 0.0114492 0.0359694
0 0.102202 0.361879 0.0245034 0.0235
