0 0.48058 0.336651 0.214667 0.208249
0 0.823873 0.430621 0.180894 0.173555
0 0.0321207 0.652624 0.0632311 0.0623259
0 0.418038 0.624675 0.0716082 0.0670424
0 0.245687 0.807837 0.402726 0.380819
0 0.948406 0.0467236 0.100937 0.0924593
0 0.682114 0.965686 0.0980062 0.0685837
0 0.581654 0.961047 0.0927816 0.0779051
0 0.0953236 0.586378 0.0514031 0.0483419
0 0.153512 0.538621 0.0495784 0.047105
0 0.661739 0.660077 0.0352171 0.032728
0 0.149505 0.104297 0.0942544 0.088831
0 0.0945132 0.965843 0.0739252 0.0664845
0 0.79588 0.0527525 0.0649048 0.0620552
0 0.497857 0.77707 0.0368334 0.0340194
0 0.115234 0.510405 0.0323684 0.0299642
0 0.211228 0.0317727 0.105748 0.0635454
0 0.802884 0.797913 0.0371004 0.0338768
0 0.494846 0.806034 0.0311749 0.0283697
0 0.143322 0.583277 0.0434941 0.040863
0 0.655126 0.101021 0.0304132 0.0285242
0 0.951888 0.64871 0.045232 0.0420939
0 0.988725 0.883643 0.0225498 0.0869217
0 0.0481326 0.330206 0.0962241 0.235511
0 0.330803 0.431726 0.0321615 0.0296141
0 0.483971 0.859448 0.030876 0.0282581
0 0.838698 0.616073 0.188414 0.177195
0 0.0414216 0.0492371 0.0828433 0.0960051
0 0.637249 0.422422 0.185622 0.183257
0 0.884831 0.013899 0.0610073 0.0277493
0 0.788821 0.870903 0.137546 0.128273
0 0.931354 0.358574 0.137194 0.241682
0 0.135336 0.273294 0.0346102 0.0328078
0 0.043032 0.962686 0.0276288 0.0251349
0 0.321182 0.324624 0.256405 0.230052
0 0.219117 0.120051 0.0310523 0.0296908
0 0.100289 0.0772656 0.0656378 0.0640864
0 0.398429 0.932863 0.073474 0.0659988
0 0.605637 0.581924 0.312743 0.289281
