0 0.142599 0.370685 0.0850709 0.0841785
0 0.958102 0.287479 0.0559399 0.0558607
0 0.77592 0.572347 0.118121 0.121726
0 0.829263 0.791465 0.0460442 0.0453363
0 0.0709205 0.433765 0.0772353 0.0752927
0 0.126913 0.210127 0.249331 0.253409
0 0.610448 0.401121 0.265302 0.257334
0 0.26268 0.22857 0.0406382 0.0401441
0 0.982282 0.105882 0.0354357 0.0431294
0 0.141789 0.758378 0.282756 0.289008
0 0.48765 0.555486 0.0575382 0.057049
0 0.766737 0.913518 0.0289642 0.0294975
0 0.517664 0.440018 0.0368978 0.0372036
0 0.57899 0.960239 0.0315012 0.0296988
0 0.258198 0.480617 0.0357172 0.0356073
0 0.870503 0.267284 0.0465874 0.0453005
0 0.883967 0.75827 0.0411581 0.0411831
0 0.416195 0.808199 0.0278824 0.0271835
0 0.777515 0.189786 0.273615 0.262087
0 0.383929 0.947784 0.0312386 0.0314783
0 0.37733 0.565328 0.0406339 0.0389639
0 0.302132 0.0839963 0.0292866 0.0289106
0 0.556847 0.784755 0.0342463 0.0331829
0 0.822352 0.836093 0.0262199 0.0255695
0 0.683649 0.928753 0.0250636 0.0243505
0 0.510305 0.741507 0.041308 0.0416721
0 0.320394 0.558863 0.0603628 0.0606333
0 0.825994 0.281983 0.0445747 0.0452747
0 0.267868 0.125134 0.0500682 0.0484513
0 0.197783 0.609792 0.0315548 0.0299877
0 0.940816 0.81345 0.0254715 0.0248932
0 0.749914 0.369067 0.0328965 0.032357
0 0.111799 0.82819 0.0308104 0.0286594
0 0.829531 0.387699 0.174858 0.170409
0 0.347763 0.645863 0.0297949 0.0296387
0 0.633517 0.412199 0.0323742 0.0305717
0 0.525287 0.886048 0.0252753 0.0253071
0 0.820667 0.306111 0.0305033 0.0292302
0 0.0873468 0.905937 0.0286947 0.0285671
0 0.342827 0.751259 0.0293036 0.0281046
0 0.0711512 0.334305 0.0270256 0.0257073
0 0.33376 0.365373 0.0252131 0.0246607
0 0.157316 0.833714 0.0256217 0.0253475
0 0.294532 0.477074 0.38613 0.370782
0 0.470474 0.644147 0.0803365 0.0770514
0 0.412308 0.667528 0.0293995 0.0290913
0 0.0276209 0.922656 0.0544704 0.0559101
0 0.533262 0.132633 0.3159 0.262149
