0 0.125909 0.503028 0.134232 0.12951
0 0.242282 0.637902 0.1222 0.113089
0 0.74948 0.389502 0.0845894 0.0762669
0 0.293755 0.468203 0.129459 0.122268
0 0.45259 0.178416 0.0567654 0.0531403
0 0.76144 0.0631058 0.0418871 0.0384533
0 0.258338 0.751518 0.0372639 0.0365771
0 0.173404 0.239887 0.0342466 0.0332922
0 0.307503 0.86518 0.0540543 0.0496304
0 0.636623 0.376574 0.0332894 0.0306259
0 0.820093 0.226957 0.037553 0.035087
0 0.960486 0.0173987 0.0763128 0.0344996
0 0.201098 0.407073 0.0668266 0.064687
0 0.244901 0.700696 0.0388277 0.0368563
0 0.847972 0.617681 0.0390163 0.0351461
0 0.939004 0.555814 0.0339401 0.0285393
0 0.0240537 0.760459 0.0290234 0.0293081
0 0.232807 0.239639 0.0338327 0.0318922
0 0.344522 0.140287 0.0384742 0.0372548
0 0.965033 0.500005 0.0534573 0.0482169
0 0.460992 0.550249 0.0296404 0.0281544
0 0.339521 0.522668 0.119493 0.117069
0 0.0683464 0.130845 0.0400734 0.0373003
0 0.490777 0.0817515 0.0801395 0.0723333
0 0.252441 0.376753 0.0715062 0.0682343
0 0.95036 0.0891597 0.0991692 0.178114
0 0.656216 0.296731 0.042569 0.0394787
0 0.366514 0.0172356 0.0406035 0.0344627
0 0.29043 0.99265 0.0394207 0.0147005
0 0.965173 0.454365 0.0696547 0.0740263
0 0.442458 0.00662062 0.0322721 0.0132412
0 0.429179 0.903529 0.0290693 0.0271351
0 0.944623 0.172567 0.03218 0.0286448
0 0.205762 0.696747 0.0325647 0.03027
0 0.552363 0.472881 0.274713 0.257786
0 0.821864 0.521892 0.0647432 0.0574257
0 0.156697 0.768279 0.179802 0.17847
0 0.283797 0.339913 0.0670466 0.0626552
0 0.0941509 0.410036 0.0490787 0.04769
0 0.613894 0.0323677 0.0253769 0.0237144
0 0.293173 0.331761 0.0464691 0.0449767
0 0.247025 0.888241 0.0929229 0.0882179
0 0.820452 0.685463 0.0374416 0.0337561
0 0.788012 0.926001 0.173954 0.145907
