0 0.828859 0.421099 0.307213 0.305585
0 0.71255 0.834551 0.272831 0.256685
0 0.955176 0.719223 0.0895546 0.105953
0 0.505993 0.675692 0.0601801 0.0584953
0 0.612781 0.71745 0.073088 0.0713816
0 0.246625 0.767156 0.0424612 0.0420259
0 0.463416 0.245915 0.0579094 0.0583885
0 0.309265 0.805999 0.0361975 0.0360119
0 0.444632 0.117428 0.0583564 0.0570406
0 0.138884 0.87331 0.0347902 0.0341093
0 0.506378 0.214945 0.0472565 0.046836
0 0.344859 0.888786 0.0371581 0.0371433
0 0.113063 0.115173 0.0340029 0.0337062
0 0.457749 0.76508 0.035471 0.0340425
0 0.286359 0.735803 0.0415311 0.0394484
0 0.958117 0.591337 0.0835636 0.094319
0 0.178517 0.867296 0.0381183 0.0371597
0 0.0578635 0.790394 0.0505747 0.050923
0 0.430577 0.405211 0.0344183 0.0335259
0 0.0114099 0.986982 0.0228199 0.0256702
0 0.285606 0.919411 0.0300355 0.0295513
0 0.581414 0.257466 0.0322687 0.0308096
0 0.0125137 0.490677 0.0250275 0.0352193
0 0.234959 0.0218224 0.0954845 0.0436447
0 0.465963 0.982285 0.0564779 0.0350674
0 0.699569 0.0915153 0.0313247 0.0298321
0 0.134456 0.0490403 0.12059 0.0972528
0 0.0238486 0.790873 0.0278382 0.0276279
0 0.514507 0.281268 0.0344323 0.0342765
0 0.609455 0.201629 0.0546363 0.052878
0 0.566164 0.0623462 0.0269106 0.0265574
0 0.568037 0.217083 0.0494669 0.0478401
0 0.480309 0.4967 0.033119 0.0329277
0 0.937362 0.658936 0.0756546 0.0705921
0 0.73656 0.650382 0.0895966 0.0878747
0 0.690832 0.18366 0.0283152 0.0276298
0 0.0195019 0.649568 0.0387743 0.0464824
0 0.58675 0.487003 0.0388261 0.037874
0 0.683332 0.227573 0.0266497 0.0249922
0 0.209236 0.58067 0.037868 0.0371927
0 0.0205026 0.302065 0.040666 0.064818
0 0.803605 0.688022 0.0768421 0.0724047
0 0.388193 0.00767068 0.0283319 0.0147904
0 0.403741 0.466696 0.0818891 0.0785252
0 0.607396 0.0917295 0.0301123 0.0302462
