0 0.120714 0.378411 0.218969 0.17887
0 0.16519 0.0493156 0.0763186 0.0614024
0 0.577516 0.496399 0.044525 0.0346293
0 0.352 0.500602 0.0800331 0.0633774
0 0.97019 0.668423 0.0387226 0.0302421
0 0.160181 0.589208 0.0423103 0.0344017
0 0.457086 0.801934 0.0479589 0.0389128
0 0.169426 0.104594 0.0761072 0.0580792
0 0.627784 0.0730856 0.042765 0.03346
0 0.413348 0.121242 0.0404012 0.0309747
0 0.709017 0.658484 0.0334328 0.0273371
0 0.325662 0.116518 0.051858 0.0393983
0 0.114443 0.602923 0.0361314 0.0297016
0 0.594993 0.455634 0.540795 0.401994
0 0.726971 0.949871 0.0630226 0.0474209
0 0.628331 0.222582 0.0916586 0.0688036
0 0.0564916 0.945702 0.0558725 0.0474731
0 0.0118937 0.215218 0.0237874 0.0289768
0 0.201917 0.263556 0.127499 0.106751
0 0.250008 0.0740576 0.0783789 0.065817
0 0.356119 0.316944 0.0392554 0.0330914
