0 0.633329 0.876688 0.100253 0.0978844
0 0.306975 0.752799 0.0662269 0.0646016
0 0.0585026 0.661413 0.0472355 0.0456162
0 0.65082 0.944393 0.0396954 0.0387781
0 0.171249 0.506907 0.0715033 0.0702129
0 0.847856 0.0822272 0.0413361 0.0393382
0 0.255617 0.497809 0.0461206 0.0457951
0 0.538517 0.47938 0.0353832 0.0354815
0 0.331019 0.346156 0.0579895 0.0584655
0 0.450942 0.986125 0.0436351 0.02775
0 0.0386883 0.357053 0.0633393 0.0616274
0 0.569771 0.368077 0.0319288 0.0313834
0 0.832554 0.11473 0.0397285 0.0400959
0 0.769004 0.255241 0.0286823 0.0281894
0 0.513658 0.0435448 0.0331377 0.032098
0 0.454236 0.769897 0.0280502 0.0283316
0 0.0653626 0.394482 0.0364509 0.0362385
0 0.720448 0.211088 0.0312658 0.0297193
0 0.216729 0.689239 0.0797887 0.0774594
0 0.41017 0.84025 0.0326993 0.0318472
0 0.256481 0.974119 0.0437767 0.0418497
0 0.832067 0.302497 0.0298151 0.0287778
0 0.240504 0.408375 0.0369211 0.0374063
0 0.0163324 0.271508 0.0326553 0.0390652
0 0.169137 0.456528 0.0717914 0.0706316
0 0.21148 0.80785 0.0291805 0.0295835
0 0.0516222 0.489882 0.0622506 0.0610567
0 0.250597 0.887927 0.0435529 0.0431665
0 0.740624 0.863616 0.0283317 0.0276024
0 0.781543 0.31174 0.0278814 0.0264316
0 0.21598 0.778431 0.0387124 0.0374935
0 0.131079 0.293895 0.056398 0.0570207
0 0.204954 0.615995 0.114078 0.114214
0 0.0952062 0.0963173 0.0527376 0.054318
0 0.901977 0.0586556 0.0268692 0.0263304
0 0.817837 0.788375 0.0285439 0.0271702
0 0.424526 0.482903 0.0289072 0.0301296
0 0.829812 0.980392 0.0505287 0.0381237
0 0.390202 0.315412 0.0506363 0.0512802
0 0.305371 0.451872 0.0422098 0.0421851
0 0.0778469 0.0540219 0.0587968 0.0575708
0 0.758557 0.321436 0.0266356 0.0256296
0 0.735893 0.962672 0.0298586 0.0291405
0 0.126462 0.94096 0.0732184 0.0669434
0 0.398943 0.283794 0.0434546 0.0410629
0 0.107518 0.984166 0.025809 0.0257256
0 0.11028 0.163726 0.0342928 0.0336982
