0 0.664234 0.767843 0.170335 0.155321
0 0.459298 0.947515 0.124621 0.104971
0 0.431051 0.849773 0.140006 0.133493
0 0.683338 0.0390599 0.0641422 0.0562465
0 0.587948 0.110539 0.0489159 0.043616
0 0.243543 0.377329 0.0886048 0.0806621
0 0.53631 0.669908 0.0345959 0.0331835
0 0.471045 0.348708 0.466133 0.40336
0 0.892774 0.330875 0.0605385 0.0523302
0 0.614819 0.556207 0.0425389 0.0392858
0 0.0141609 0.281092 0.0282642 0.0463798
0 0.981389 0.264872 0.0372224 0.0378932
0 0.301734 0.651595 0.420689 0.432467
0 0.714928 0.314494 0.0373079 0.0323576
0 0.0971478 0.812673 0.0725772 0.0672215
0 0.317675 0.466135 0.0307854 0.0298613
0 0.866293 0.430379 0.266497 0.327331
0 0.645577 0.98341 0.0630769 0.0331801
0 0.229047 0.0977379 0.241256 0.195318
0 0.0866571 0.630093 0.0376155 0.0356735
0 0.101377 0.686509 0.0299595 0.0282078
0 0.0561715 0.651612 0.0296549 0.0283808
0 0.675998 0.563288 0.0352212 0.0315434
0 0.496935 0.739971 0.0297044 0.028056
0 0.754023 0.283186 0.0409428 0.0355641
0 0.850716 0.791581 0.0680204 0.0619652
0 0.257607 0.606747 0.0269471 0.0263958
0 0.656988 0.648951 0.0697033 0.0638916
0 0.904247 0.799812 0.0916355 0.0843024
0 0.605352 0.941574 0.0482542 0.045363
0 0.192423 0.835312 0.0286676 0.0274353
0 0.630064 0.956396 0.0379496 0.0353563
0 0.20147 0.304922 0.0608661 0.0545479
0 0.0369974 0.758988 0.032639 0.0312521
0 0.0460478 0.297296 0.0269495 0.0254993
0 0.772534 0.960018 0.0605029 0.0537331
0 0.180765 0.792693 0.0270806 0.0266758
0 0.372494 0.145008 0.0526929 0.0481614
0 0.988194 0.831031 0.0236111 0.0309628
0 0.461233 0.0757994 0.290343 0.151561
0 0.8571 0.385804 0.0295444 0.0268482
0 0.0350568 0.976839 0.0252423 0.0242817
0 0.159684 0.771468 0.0272583 0.0263277
0 0.810577 0.989036 0.0410156 0.0214989
0 0.699928 0.982671 0.0473968 0.0344545
0 0.759343 0.722812 0.0519144 0.0475353
0 0.677208 0.691791 0.0331484 0.0295509
0 0.852502 0.987631 0.0447197 0.0244408
0 0.0213917 0.930051 0.0269037 0.0261211
0 0.0495587 0.180368 0.0286423 0.0246768
0 0.505071 0.811643 0.0252121 0.0241322
0 0.576749 0.883378 0.0251726 0.0243607
0 0.319456 0.945383 0.0490594 0.0457596
0 0.557821 0.648391 0.0346489 0.0322435
0 0.0290716 0.516072 0.0580427 0.142748
0 0.95246 0.942165 0.0918867 0.092651
0 0.991871 0.216124 0.0162586 0.0317749
0 0.945264 0.890379 0.0551367 0.0473148
