0 0.212331 0.344537 0.186536 0.168958
0 0.741539 0.248062 0.384727 0.346974
0 0.116779 0.47826 0.184359 0.176989
0 0.135508 0.967012 0.054904 0.0502335
0 0.331875 0.577345 0.183263 0.177659
0 0.444847 0.209984 0.146588 0.137757
0 0.4004 0.106739 0.0991457 0.0875561
0 0.57442 0.747961 0.0382265 0.0357841
0 0.223131 0.340031 0.0402207 0.0381292
0 0.73834 0.0213972 0.0526017 0.0427943
0 0.827099 0.491799 0.0329746 0.0316665
0 0.370312 0.0355104 0.126227 0.0706334
0 0.665301 0.629429 0.0336552 0.0310297
0 0.0615546 0.593715 0.0791329 0.0775442
0 0.688006 0.992448 0.0357739 0.0149033
0 0.961717 0.397015 0.0338581 0.0311528
0 0.512735 0.0540465 0.181538 0.107938
0 0.575355 0.491779 0.0273249 0.0261618
0 0.263619 0.180593 0.0296236 0.0264266
0 0.913524 0.110704 0.0726797 0.0682823
0 0.85953 0.728913 0.0726547 0.0694761
0 0.791715 0.544215 0.0280464 0.0261492
0 0.558872 0.0331665 0.0984286 0.0660111
0 0.119042 0.989839 0.048126 0.0197062
0 0.668005 0.756537 0.0484593 0.0443502
0 0.949685 0.144688 0.028557 0.0278058
0 0.285056 0.147516 0.0280455 0.0254804
0 0.707144 0.776001 0.0416617 0.0387728
0 0.957668 0.732748 0.0290768 0.0269436
0 0.602102 0.0786594 0.0582207 0.049659
0 0.0705787 0.156735 0.054742 0.0511858
0 0.592352 0.988388 0.0372139 0.0232241
0 0.992007 0.544059 0.0159862 0.028205
0 0.630095 0.894241 0.497852 0.211518
0 0.051578 0.0995681 0.103156 0.199136
0 0.535943 0.966777 0.0316865 0.0299871
0 0.598836 0.735774 0.0287478 0.0264025
0 0.929168 0.95392 0.0287125 0.026083
0 0.898411 0.836332 0.0410885 0.03918
