0 0.183275 0.698371 0.334311 0.341515
0 0.737907 0.685867 0.0467899 0.0459311
0 0.816609 0.861839 0.207243 0.197153
0 0.773773 0.154904 0.0434402 0.0420291
0 0.851564 0.148889 0.0338987 0.0334348
0 0.27941 0.893204 0.0504626 0.0484558
0 0.137995 0.175095 0.0438984 0.0423499
0 0.727115 0.150971 0.0422084 0.0416792
0 0.701804 0.973519 0.0589989 0.0526531
0 0.0839449 0.381748 0.0436782 0.0424006
0 0.853044 0.66045 0.0315437 0.0308859
0 0.845004 0.22491 0.0391998 0.0390388
0 0.0570998 0.465435 0.0460644 0.044956
0 0.0883292 0.937681 0.0393787 0.0376621
0 0.158978 0.979348 0.0545153 0.0413039
0 0.469193 0.893023 0.0669184 0.0578901
0 0.647116 0.664964 0.0328468 0.0312684
0 0.006575 0.982053 0.0130717 0.0296795
0 0.229355 0.623452 0.0340058 0.0321009
0 0.987916 0.211771 0.024049 0.0551321
0 0.258281 0.1174 0.36771 0.234666
0 0.0243316 0.358403 0.0304457 0.0312717
0 0.104276 0.431568 0.0296452 0.0290085
0 0.286048 0.311504 0.17376 0.174149
0 0.335514 0.476233 0.201619 0.201519
0 0.664849 0.710834 0.0325062 0.0300465
0 0.639241 0.953177 0.0376148 0.03591
0 0.0351903 0.192608 0.0703807 0.0822725
0 0.0430023 0.496276 0.0313456 0.0310307
0 0.897528 0.775751 0.041872 0.0414823
0 0.0890304 0.177079 0.0478567 0.0444864
0 0.126209 0.0760435 0.174306 0.151546
0 0.243111 0.927383 0.0445038 0.0429401
0 0.679394 0.902566 0.0525436 0.0490887
0 0.0437166 0.853567 0.0329215 0.0309063
0 0.720219 0.450708 0.0257467 0.0249985
0 0.0840327 0.237629 0.0389285 0.0370289
0 0.014291 0.538121 0.0281743 0.0278714
0 0.622389 0.0672269 0.200381 0.134454
0 0.912741 0.715917 0.0334724 0.0321538
0 0.0276878 0.305998 0.028333 0.0271043
0 0.708176 0.553937 0.0269463 0.0256556
0 0.00823095 0.380396 0.0162382 0.0512226
0 0.261539 0.990884 0.0435393 0.0182318
0 0.929974 0.689928 0.0310261 0.0298702
0 0.124177 0.967737 0.0312165 0.0313587
0 0.811946 0.731728 0.0758101 0.0740574
0 0.153287 0.92254 0.0348672 0.0335735
0 0.433772 0.244411 0.0534562 0.0520688
