0 0.0467327 0.757652 0.0930807 0.0740772
0 0.4748 0.946836 0.0688548 0.0517841
0 0.883994 0.796556 0.0875105 0.0646898
0 0.318872 0.606491 0.0673623 0.0503059
0 0.198737 0.558462 0.0469465 0.035092
0 0.915238 0.934544 0.0566284 0.0446686
0 0.868191 0.954073 0.0583334 0.0456341
0 0.211993 0.63333 0.0400438 0.0334501
0 0.891431 0.981886 0.0383278 0.0298801
0 0.665174 0.457649 0.0391214 0.0296049
0 0.273729 0.898335 0.0468463 0.0379953
0 0.300498 0.868839 0.038176 0.0301867
0 0.960435 0.642724 0.0379017 0.0295771
0 0.418693 0.971837 0.0328087 0.0256256
