0 0.898701 0.267147 0.0534954 0.0519747
0 0.254532 0.0761904 0.148351 0.143876
0 0.396252 0.08416 0.179172 0.16718
0 0.651359 0.0327519 0.0532265 0.0521914
0 0.405772 0.929732 0.0525843 0.0520233
0 0.610631 0.960831 0.140861 0.0775185
0 0.317002 0.150239 0.0412498 0.0404675
0 0.747447 0.106347 0.0536499 0.0509956
0 0.419273 0.895341 0.0621214 0.0600775
0 0.0556055 0.845024 0.0910744 0.0866554
0 0.14108 0.243859 0.0527155 0.0511305
0 0.203266 0.292623 0.0600515 0.058045
0 0.754106 0.450901 0.276162 0.256935
0 0.716325 0.835593 0.0346369 0.0344162
0 0.112142 0.755828 0.116501 0.113242
0 0.524239 0.762307 0.0306533 0.0303383
0 0.444411 0.645464 0.0271645 0.026985
0 0.40322 0.0487181 0.0268305 0.0260668
0 0.697964 0.985321 0.0433651 0.0293585
0 0.212482 0.535656 0.0786799 0.0770964
0 0.291407 0.75401 0.0305923 0.029838
0 0.494505 0.892127 0.0942261 0.0911074
0 0.70743 0.063381 0.0306349 0.0293289
0 0.0377123 0.649355 0.0746698 0.0756872
0 0.281702 0.933067 0.119583 0.119263
0 0.0976726 0.0666663 0.140403 0.131446
0 0.768378 0.861209 0.0330018 0.0328671
0 0.0711514 0.139017 0.0472635 0.0443604
0 0.833946 0.922167 0.0760666 0.073056
0 0.867166 0.874167 0.0272392 0.0263191
0 0.785802 0.038728 0.253033 0.0774561
0 0.0279987 0.344408 0.0556499 0.0660189
0 0.170945 0.0388006 0.133429 0.0776013
0 0.0143233 0.973913 0.0281971 0.0516266
0 0.485097 0.295951 0.0704021 0.0696047
0 0.354122 0.99327 0.0340774 0.0128136
0 0.929951 0.723374 0.0746601 0.0718744
0 0.731342 0.58685 0.217627 0.21083
0 0.282962 0.396933 0.0717258 0.0717992
0 0.504431 0.223596 0.0488778 0.047098
