0 0.324297 0.309247 0.134574 0.130333
0 0.544583 0.237649 0.371595 0.359682
0 0.548595 0.769488 0.18082 0.16958
0 0.918015 0.294569 0.0755894 0.0742611
0 0.92832 0.787901 0.0576607 0.0568654
0 0.909837 0.926079 0.0863831 0.0847607
0 0.243394 0.581956 0.0421535 0.0418589
0 0.596892 0.400267 0.0414148 0.0410625
0 0.802353 0.640013 0.0482748 0.0460576
0 0.88077 0.034411 0.0592701 0.0561822
0 0.0744636 0.118769 0.0856959 0.0819244
0 0.0235007 0.877499 0.0470014 0.101467
0 0.637086 0.469538 0.0439399 0.0422037
0 0.680617 0.673139 0.0764166 0.0720289
0 0.808733 0.251371 0.0464407 0.0458537
0 0.260421 0.673706 0.0398669 0.0387478
0 0.0827699 0.30343 0.0412362 0.0405451
0 0.0608876 0.566607 0.0356907 0.0348235
0 0.464878 0.448031 0.0510058 0.0503244
0 0.887502 0.567913 0.0376495 0.0351664
0 0.0981877 0.729349 0.0593415 0.0560238
0 0.417852 0.931509 0.0555913 0.0537018
0 0.297098 0.667456 0.0488191 0.0492809
0 0.737631 0.333999 0.0353533 0.0340886
0 0.432511 0.569769 0.0349422 0.0336476
0 0.207093 0.555564 0.0303213 0.0304018
0 0.0479951 0.682143 0.035179 0.0348103
0 0.983443 0.923095 0.0328217 0.0513285
0 0.0123131 0.585351 0.0246049 0.044866
0 0.0464014 0.0413445 0.0428561 0.0414017
0 0.166172 0.626841 0.0292208 0.0281797
0 0.487824 0.242638 0.0558851 0.0540999
0 0.953256 0.0219332 0.0365133 0.0352683
0 0.946328 0.196259 0.0306892 0.0294441
0 0.69753 0.38499 0.028382 0.0270121
0 0.771458 0.441067 0.0307337 0.0301504
0 0.128454 0.506403 0.0580923 0.0551696
0 0.513766 0.0428428 0.0514311 0.0499982
0 0.0285891 0.967638 0.0301449 0.0273359
0 0.0823307 0.709781 0.0340724 0.0324535
0 0.173856 0.940763 0.0265039 0.0252354
0 0.310296 0.796526 0.0338902 0.0319012
0 0.404155 0.76026 0.0589307 0.0544052
0 0.16983 0.261583 0.0444658 0.0446922
0 0.53451 0.226844 0.0282711 0.0278443
0 0.309745 0.617128 0.0272552 0.0266322
0 0.936425 0.049407 0.0361322 0.0359914
0 0.406094 0.0620225 0.0334523 0.0317203
0 0.898494 0.348401 0.0283012 0.027444
0 0.421293 0.719553 0.0278021 0.0273478
0 0.17198 0.058495 0.0801172 0.0786454
0 0.460666 0.471253 0.0280971 0.0280453
0 0.263889 0.217387 0.173673 0.164398
0 0.958926 0.604993 0.0300962 0.0302547
0 0.927645 0.624669 0.0458721 0.0436676
0 0.304085 0.0220445 0.164371 0.0440889
0 0.976946 0.961882 0.0258835 0.0251568
0 0.633429 0.0274685 0.0391634 0.0365257
0 0.199633 0.832034 0.0489994 0.0458984
