0 0.160086 0.819142 0.0883813 0.078434
0 0.653505 0.191245 0.0502235 0.0440266
0 0.304068 0.684688 0.0491368 0.0473011
0 0.514659 0.204954 0.0387942 0.0352139
0 0.302521 0.764388 0.0388803 0.0350515
0 0.263839 0.533802 0.036 0.0334991
0 0.263898 0.360829 0.0384552 0.0365605
0 0.314786 0.596532 0.0472609 0.0439316
0 0.438299 0.928771 0.0313124 0.0292149
0 0.188161 0.142933 0.0528899 0.0487474
0 0.377658 0.0910702 0.0401519 0.0373275
0 0.395022 0.594422 0.0300326 0.0290394
0 0.263941 0.642832 0.0396473 0.036644
0 0.51793 0.836682 0.0304792 0.0265892
0 0.267365 0.279985 0.0452842 0.0433879
0 0.345672 0.855901 0.0285074 0.026895
0 0.157433 0.455539 0.0298708 0.0278326
0 0.135924 0.361107 0.0287556 0.0272116
0 0.612996 0.113009 0.0318796 0.028863
0 0.570867 0.232344 0.0283575 0.0272609
0 0.690704 0.936556 0.0327784 0.0302544
0 0.748697 0.323978 0.0275612 0.0239736
0 0.194141 0.276455 0.0278159 0.0258056
0 0.702769 0.346605 0.0274317 0.0246147
0 0.223442 0.697401 0.0724815 0.0691832
0 0.178028 0.722733 0.0302268 0.0291199
0 0.252659 0.0097831 0.0664526 0.019366
0 0.596246 0.738678 0.0324619 0.0302193
0 0.145031 0.52128 0.0277716 0.0257128
0 0.393339 0.961276 0.0259488 0.0247276
0 0.300582 0.639496 0.0419264 0.0384283
