0 0.218467 0.79434 0.0641607 0.0627932
0 0.337602 0.681749 0.0556146 0.0531711
0 0.901476 0.41005 0.0437408 0.0398499
0 0.487607 0.0921379 0.0349756 0.0342541
0 0.268594 0.137456 0.0348083 0.0333315
0 0.417898 0.937307 0.188935 0.125386
0 0.00994454 0.876076 0.0198875 0.035067
0 0.749925 0.844915 0.0437488 0.04212
0 0.617638 0.0811393 0.0277307 0.0264361
0 0.523549 0.0766716 0.0289537 0.0290151
0 0.010943 0.917132 0.0218859 0.0264725
0 0.162625 0.503102 0.0304711 0.0301563
0 0.561966 0.948819 0.0711672 0.069183
0 0.18898 0.531278 0.0312783 0.0300806
0 0.239927 0.147053 0.028474 0.0275627
0 0.624723 0.868296 0.0405773 0.038039
0 0.0740229 0.777402 0.0251087 0.0234703
0 0.110394 0.59849 0.0264878 0.0259518
0 0.872493 0.790013 0.033699 0.0317925
0 0.822571 0.558119 0.0871773 0.0806862
0 0.717555 0.913926 0.0489732 0.0467701
0 0.438125 0.776456 0.0246441 0.0228424
0 0.90989 0.936703 0.0428665 0.0427933
0 0.886982 0.619489 0.0436951 0.0408644
0 0.278705 0.615868 0.264002 0.249277
