0 0.84835 0.111416 0.180552 0.159343
0 0.57679 0.840985 0.255683 0.216571
0 0.65116 0.727056 0.0389937 0.0317108
0 0.725398 0.146765 0.0402775 0.036287
0 0.551957 0.713985 0.0369651 0.032731
0 0.98577 0.195791 0.0284605 0.0329947
0 0.680736 0.188531 0.0417454 0.0349193
0 0.678731 0.539475 0.0897397 0.0741568
0 0.614956 0.928745 0.0357999 0.032077
0 0.843678 0.775161 0.0467968 0.0362829
0 0.764293 0.00690404 0.0370916 0.0138081
0 0.891643 0.749558 0.0377617 0.0297935
0 0.897047 0.294164 0.0294636 0.0258046
0 0.588752 0.719066 0.0449135 0.0395725
