0 0.849478 0.584126 0.0872017 0.084507
0 0.140786 0.778882 0.0516472 0.0508377
0 0.349948 0.123528 0.0644764 0.0637825
0 0.464868 0.1768 0.0484077 0.0478542
0 0.942983 0.324429 0.0431034 0.0430874
0 0.804081 0.932351 0.0439056 0.0422932
0 0.0293925 0.197916 0.0542888 0.0529534
0 0.298274 0.513018 0.0350934 0.0338472
0 0.417505 0.421455 0.0379518 0.0360113
0 0.41224 0.0896523 0.0368008 0.0364601
0 0.216861 0.257697 0.0377858 0.0368036
0 0.482109 0.817628 0.0320355 0.0309994
0 0.42686 0.80423 0.0338411 0.0324232
0 0.0730666 0.797814 0.0421408 0.0405767
0 0.053455 0.584004 0.0314588 0.0307184
0 0.376077 0.842648 0.0308046 0.0306267
0 0.555662 0.544823 0.0297131 0.0290591
0 0.207346 0.882886 0.0326613 0.0308575
0 0.7632 0.251837 0.0309075 0.0298639
0 0.304592 0.0804259 0.0300449 0.028551
0 0.546865 0.267462 0.0613949 0.0607304
0 0.226642 0.783265 0.0301271 0.0308432
0 0.0209399 0.248474 0.0380177 0.036011
0 0.659666 0.210851 0.032877 0.0312913
0 0.869596 0.0181425 0.0296127 0.0298426
0 0.151125 0.861203 0.0328844 0.0320435
0 0.643863 0.00975587 0.0301474 0.019166
0 0.201121 0.570328 0.0274768 0.0269079
0 0.554355 0.220139 0.0546285 0.0530469
0 0.321148 0.271763 0.0365286 0.0355639
0 0.282105 0.67605 0.0308453 0.029779
0 0.283161 0.258226 0.0436073 0.0416209
0 0.228945 0.657307 0.0273383 0.0262518
0 0.391521 0.403054 0.0287588 0.027334
0 0.10931 0.806306 0.0293185 0.0291309
0 0.393642 0.275408 0.0322411 0.030213
0 0.156886 0.930758 0.041539 0.0373493
0 0.333507 0.101092 0.221653 0.201546
0 0.288196 0.868959 0.0299743 0.0302853
0 0.750206 0.131832 0.0265681 0.0260828
0 0.0135149 0.103492 0.0270298 0.0371597
0 0.133959 0.707772 0.0281855 0.027477
0 0.535303 0.386226 0.0538979 0.0520085
0 0.0915857 0.00673629 0.0455832 0.0133481
0 0.301614 0.0156571 0.0409363 0.0308998
0 0.0193134 0.706051 0.0270991 0.0263865
0 0.0757208 0.773101 0.025949 0.0257122
0 0.20365 0.0174828 0.0436652 0.0349552
0 0.150702 0.907087 0.0275345 0.0262186
