0 0.357548 0.83031 0.270882 0.214181
0 0.395024 0.309792 0.100659 0.0716959
0 0.57934 0.401327 0.174628 0.135204
0 0.182699 0.752767 0.050701 0.0392828
0 0.463618 0.888011 0.0579854 0.0450275
0 0.304607 0.575204 0.0558034 0.0388353
0 0.389808 0.372549 0.0454808 0.0339859
0 0.314162 0.142288 0.122825 0.0996658
0 0.235603 0.502022 0.424903 0.293646
0 0.516825 0.282095 0.0515108 0.0381096
0 0.154984 0.696281 0.102128 0.0780951
0 0.701224 0.631699 0.0485291 0.0357855
0 0.615762 0.0290954 0.0370794 0.030975
0 0.174409 0.958359 0.221329 0.0832817
0 0.0554654 0.91034 0.0422679 0.031464
0 0.414025 0.14407 0.0400796 0.0303143
0 0.6243 0.986332 0.0438261 0.0273361
0 0.959571 0.0356524 0.0412134 0.0319265
0 0.49065 0.955395 0.0460589 0.0357704
0 0.297487 0.298423 0.0827268 0.0634061
0 0.664641 0.6662 0.0468086 0.0333513
0 0.792807 0.729342 0.0399255 0.0305295
0 0.317685 0.217841 0.061271 0.0472833
0 0.149934 0.295499 0.0502418 0.0401692
0 0.182939 0.623626 0.0986776 0.0758705
0 0.570337 0.127952 0.0363086 0.0285752
0 0.674706 0.114867 0.0361822 0.0264668
0 0.498293 0.781601 0.0363461 0.031133
0 0.623431 0.299278 0.0397844 0.0299886
0 0.697987 0.625801 0.594197 0.394253
0 0.912895 0.827646 0.0350761 0.0268082
0 0.640777 0.134973 0.0406586 0.0303497
0 0.392007 0.694455 0.0445198 0.0343283
0 0.789493 0.409681 0.055895 0.0451089
0 0.71645 0.0567001 0.047819 0.0397254
0 0.639025 0.944705 0.0673296 0.0516346
0 0.902059 0.309456 0.0528204 0.0407895
0 0.405977 0.993425 0.0406842 0.0128836
0 0.688869 0.898076 0.0329315 0.0283075
0 0.0909599 0.373983 0.0838414 0.0649185
0 0.608918 0.0977794 0.0330766 0.0258558
0 0.398012 0.0911296 0.0315125 0.0261712
0 0.287043 0.248181 0.110489 0.0780947
0 0.245733 0.909668 0.0360682 0.029454
0 0.0153602 0.0681988 0.0306033 0.0331984
