0 0.955626 0.0305661 0.0887488 0.0611321
0 0.438027 0.628972 0.0513701 0.0431868
0 0.465673 0.0770902 0.0441443 0.0368729
0 0.617269 0.484048 0.0371253 0.0320462
0 0.36768 0.542565 0.0339978 0.0301231
0 0.558212 0.506788 0.0347921 0.0314249
0 0.33141 0.37327 0.0336877 0.0289179
0 0.721772 0.952908 0.0345753 0.0300108
0 0.801422 0.988978 0.0438354 0.0220446
0 0.959178 0.863825 0.0334719 0.0307484
0 0.197699 0.267496 0.0745776 0.0602859
0 0.861921 0.0145994 0.0331558 0.0290224
0 0.55918 0.891501 0.0297025 0.0274212
0 0.454298 0.592531 0.0358925 0.0326105
0 0.882267 0.468798 0.0297054 0.0262543
0 0.186239 0.674802 0.0623223 0.0564083
0 0.639038 0.381454 0.0283012 0.0244785
0 0.993596 0.381139 0.012807 0.0294666
