0 0.724073 0.953113 0.0512583 0.0405195
0 0.675779 0.636505 0.0395073 0.0302769
0 0.432973 0.746395 0.0730978 0.0598411
0 0.515673 0.840606 0.0492703 0.0370281
0 0.67244 0.189395 0.0384972 0.0308934
0 0.282356 0.927245 0.0392177 0.0322746
0 0.552856 0.821538 0.0383253 0.0306149
0 0.351001 0.552455 0.0452302 0.0379502
0 0.15819 0.283163 0.0319654 0.0271371
0 0.141488 0.491914 0.0430352 0.0343458
0 0.09965 0.505884 0.0428977 0.0306877
0 0.945618 0.861804 0.035128 0.0298454
0 0.133658 0.953652 0.120102 0.0926956
0 0.551768 0.0371074 0.0317985 0.0273439
0 0.639109 0.643038 0.0365279 0.0281542
