0 0.262871 0.19833 0.319684 0.247894
0 0.516606 0.961954 0.0871931 0.0634602
0 0.788062 0.189045 0.0999246 0.0708981
0 0.71116 0.890163 0.0776194 0.0546488
0 0.386405 0.392778 0.0680423 0.0530821
0 0.66312 0.925149 0.076038 0.0557894
0 0.829508 0.651441 0.261659 0.191722
0 0.330543 0.314718 0.148316 0.119296
0 0.159741 0.838394 0.0550688 0.0400734
0 0.715073 0.442823 0.0394186 0.029207
0 0.493792 0.784529 0.0664371 0.0537043
0 0.803194 0.123697 0.0567723 0.043288
0 0.32022 0.904468 0.217512 0.170318
0 0.637603 0.370429 0.0691062 0.05158
0 0.258454 0.595701 0.139709 0.0996788
0 0.455724 0.989457 0.0543404 0.0210861
0 0.0127534 0.550871 0.02546 0.0355807
0 0.206238 0.367552 0.0404362 0.0317694
0 0.0339657 0.204401 0.0679315 0.0672821
0 0.200253 0.940742 0.0552373 0.0390465
0 0.6964 0.987568 0.0718508 0.024865
0 0.880556 0.857145 0.0617016 0.0477844
0 0.881915 0.061411 0.0409136 0.0333985
0 0.960541 0.982806 0.0423138 0.031378
0 0.814939 0.0155426 0.054915 0.0310851
0 0.958779 0.402217 0.0766857 0.0608033
0 0.73553 0.144081 0.0434445 0.0308379
0 0.57645 0.176959 0.0632486 0.0494547
0 0.742257 0.0529185 0.0454159 0.0358866
0 0.422335 0.563393 0.105741 0.0831941
0 0.912119 0.444113 0.0384148 0.0279905
0 0.186795 0.526019 0.0566156 0.040574
0 0.945399 0.208079 0.0341488 0.0262464
0 0.69023 0.726455 0.179376 0.137569
0 0.364486 0.582352 0.0992567 0.0749231
0 0.808308 0.0676271 0.0996331 0.072487
0 0.467792 0.789859 0.203947 0.163589
0 0.12515 0.337334 0.168675 0.117506
0 0.614723 0.641563 0.0996037 0.0819448
0 0.441541 0.121809 0.0735263 0.0444594
0 0.018903 0.267099 0.0377768 0.0737929
0 0.45705 0.122798 0.0433431 0.0347913
0 0.0824527 0.92008 0.164649 0.159841
0 0.8948 0.129905 0.0429937 0.0353438
0 0.850171 0.382764 0.0382908 0.0291577
0 0.936768 0.302775 0.0655472 0.0504137
0 0.122789 0.498246 0.0399186 0.0281473
