0 0.306327 0.389867 0.196671 0.162796
0 0.308621 0.723228 0.339639 0.299373
0 0.491337 0.86079 0.295405 0.252513
0 0.879487 0.735121 0.109286 0.0919199
0 0.796468 0.363158 0.407064 0.362516
0 0.0473469 0.145066 0.0785148 0.0607565
0 0.45379 0.434869 0.0612055 0.0487873
0 0.211193 0.208255 0.0407937 0.0330583
0 0.65013 0.793611 0.0670733 0.0539027
0 0.3586 0.511243 0.102222 0.0830566
0 0.621195 0.550994 0.0481773 0.0401903
0 0.579007 0.480632 0.0685431 0.0569277
0 0.458288 0.241385 0.320417 0.260179
0 0.44658 0.0129247 0.0445983 0.0255552
0 0.569315 0.363513 0.0589405 0.0495115
0 0.363437 0.586804 0.0736151 0.0615178
0 0.654865 0.633678 0.0601471 0.0522419
0 0.782612 0.950754 0.044807 0.0364737
0 0.177804 0.184669 0.0328462 0.0262758
0 0.492784 0.383855 0.0425432 0.0362756
0 0.400383 0.235409 0.0334418 0.0280082
0 0.61013 0.597727 0.0448555 0.0374689
0 0.0457404 0.376719 0.0477598 0.0371566
0 0.546242 0.0147023 0.0341416 0.0280557
0 0.149331 0.519114 0.297424 0.296185
0 0.00915566 0.0766049 0.0181588 0.0307585
0 0.110317 0.123721 0.033443 0.0285236
0 0.904962 0.05168 0.190076 0.103307
0 0.919126 0.535538 0.0313461 0.0280508
0 0.75422 0.817017 0.0345782 0.0286568
0 0.971235 0.666668 0.0422615 0.0358932
0 0.654228 0.0791509 0.0624489 0.0516728
0 0.715323 0.534883 0.0340525 0.0285442
0 0.203936 0.173532 0.044599 0.0351194
0 0.565829 0.655716 0.0778665 0.0663765
0 0.325288 0.0323433 0.0286018 0.024995
0 0.956292 0.700886 0.0645901 0.0554839
0 0.592507 0.640402 0.0637548 0.0494328
0 0.971401 0.759542 0.0571974 0.099346
0 0.765118 0.85345 0.0364861 0.0283314
0 0.988489 0.852331 0.0230228 0.0647259
0 0.914529 0.925408 0.170942 0.148815
0 0.639378 0.195068 0.0665215 0.0601542
0 0.0897495 0.432672 0.0639948 0.0476618
0 0.0352713 0.274993 0.0705426 0.22117
0 0.412749 0.00501301 0.0308157 0.010026
0 0.774346 0.163428 0.0448154 0.0387836
0 0.404459 0.55759 0.0431991 0.0406254
0 0.79071 0.0897031 0.10258 0.0863513
0 0.605816 0.272793 0.0302584 0.0260702
0 0.363309 0.225121 0.0329821 0.0289073
0 0.614308 0.309412 0.0282436 0.0237618
0 0.800975 0.745246 0.18813 0.155744
0 0.145217 0.287229 0.0257236 0.0218047
