0 0.878986 0.350425 0.242028 0.296803
0 0.758872 0.737979 0.0497988 0.0451298
0 0.397937 0.690127 0.0535027 0.0463265
0 0.430982 0.584841 0.0400368 0.0364315
0 0.156447 0.516672 0.0462943 0.0396521
0 0.386565 0.596519 0.041053 0.0347075
0 0.0972129 0.387015 0.0419543 0.0378711
0 0.535123 0.860837 0.0479905 0.0448734
0 0.563359 0.289367 0.0501165 0.040881
0 0.286886 0.793976 0.0333089 0.0313346
0 0.546725 0.17787 0.0528418 0.0441813
0 0.226924 0.546519 0.0305651 0.0276228
0 0.272516 0.252329 0.0463306 0.035288
0 0.122645 0.45485 0.0397375 0.0355613
0 0.43669 0.934895 0.052595 0.0515907
0 0.103621 0.204197 0.0325646 0.028176
0 0.561728 0.220517 0.0509615 0.0411914
0 0.818571 0.798577 0.0419499 0.0384098
0 0.473554 0.571905 0.0346975 0.0291124
0 0.498877 0.210605 0.0619778 0.0542874
0 0.532032 0.813171 0.0376218 0.0329856
0 0.593591 0.326926 0.0463571 0.0379024
0 0.838103 0.684153 0.0485424 0.0416065
0 0.423749 0.818266 0.0390007 0.0356545
0 0.170812 0.22943 0.0272838 0.0240144
0 0.137991 0.396336 0.0442293 0.0372891
0 0.393908 0.905959 0.034872 0.032007
0 0.42804 0.896542 0.0374992 0.0359747
0 0.256901 0.291304 0.0310058 0.0265777
