0 0.348836 0.854212 0.0610621 0.0457695
0 0.265426 0.833251 0.0490941 0.036636
0 0.328216 0.800777 0.110304 0.0798418
0 0.578954 0.760465 0.0543995 0.0455814
0 0.0604092 0.615729 0.0508035 0.0395081
0 0.246336 0.797204 0.0622961 0.0457399
0 0.475796 0.0696936 0.0370709 0.0291396
0 0.117102 0.916002 0.0432639 0.0296719
0 0.137273 0.888916 0.0403216 0.0313389
0 0.502468 0.127471 0.049839 0.0365186
0 0.442836 0.017035 0.0404964 0.032447
0 0.419967 0.831257 0.0853114 0.0633768
0 0.219351 0.110597 0.046808 0.0333523
0 0.0469414 0.986483 0.0938829 0.0260136
0 0.203104 0.204942 0.0374397 0.0302767
0 0.194076 0.923404 0.0314161 0.0252079
0 0.549143 0.222505 0.0350948 0.0281862
0 0.281141 0.347731 0.051633 0.0376746
0 0.166021 0.927128 0.0368342 0.024926
0 0.156521 0.305372 0.05061 0.0406601
0 0.567247 0.853112 0.0376015 0.0268425
0 0.466543 0.217956 0.0366884 0.0283158
0 0.185111 0.825266 0.0384729 0.0271481
0 0.319876 0.751318 0.0320625 0.0249325
0 0.258682 0.89324 0.0481959 0.03326
0 0.546427 0.0109942 0.0663235 0.0217881
0 0.119846 0.322034 0.0348801 0.028503
0 0.292684 0.635288 0.0961176 0.0704843
0 0.0217608 0.783533 0.0434732 0.0762899
0 0.469594 0.0149765 0.023967 0.0222993
0 0.55587 0.184195 0.0255129 0.0214366
