0 0.580011 0.8046 0.143609 0.133694
0 0.209379 0.498072 0.142805 0.130407
0 0.111489 0.914265 0.0623921 0.0570309
0 0.422531 0.947806 0.0455959 0.0420843
0 0.586922 0.236736 0.0394015 0.0362495
0 0.105971 0.757465 0.0548985 0.051477
0 0.926111 0.857298 0.100302 0.0919504
0 0.251357 0.941961 0.0336677 0.030999
0 0.741493 0.984343 0.0378172 0.0312553
0 0.417225 0.92492 0.188392 0.148773
0 0.40486 0.532515 0.0455235 0.0396378
0 0.976387 0.61421 0.0387096 0.0344814
0 0.690483 0.989183 0.041807 0.0216347
0 0.960481 0.533284 0.0788738 0.102553
0 0.770806 0.192343 0.218874 0.199038
0 0.258435 0.731432 0.0599363 0.0544394
0 0.461655 0.356202 0.0401835 0.0361434
0 0.037969 0.502447 0.048962 0.0436501
0 0.354715 0.321875 0.0821123 0.0755279
0 0.589396 0.349452 0.0359214 0.0328951
0 0.2969 0.620071 0.0627857 0.0576399
0 0.79559 0.868836 0.0479933 0.0454853
0 0.063232 0.529692 0.040032 0.0332306
0 0.754026 0.290552 0.262735 0.250622
0 0.190678 0.362283 0.135073 0.122039
0 0.831317 0.839026 0.0344477 0.0319633
0 0.0984446 0.86249 0.0285068 0.0267792
0 0.7799 0.888811 0.0273003 0.0248264
0 0.819031 0.519348 0.0364014 0.0325544
