0 0.946171 0.53139 0.10345 0.101637
0 0.580154 0.484724 0.0329754 0.0314608
0 0.845526 0.672741 0.0424538 0.0408714
0 0.422632 0.621322 0.0283262 0.0277639
0 0.0688927 0.0311824 0.0316131 0.0306053
0 0.60067 0.420668 0.0268436 0.0262001
0 0.114061 0.805983 0.0434135 0.0421932
0 0.975015 0.405939 0.0496212 0.0549401
0 0.465955 0.402398 0.0272642 0.0260866
0 0.465109 0.864701 0.0286991 0.0279274
0 0.0603241 0.564213 0.0449581 0.0431572
0 0.783345 0.473838 0.0284057 0.0276139
0 0.203087 0.778267 0.0931014 0.0893229
0 0.86543 0.878235 0.0343037 0.0316702
0 0.229455 0.302906 0.0261732 0.0252865
0 0.307818 0.554414 0.0511416 0.050001
0 0.171125 0.198575 0.0256841 0.0245583
0 0.404063 0.0807787 0.0251343 0.024273
