0 0.532561 0.752246 0.0605683 0.0460009
0 0.665827 0.478903 0.0724323 0.0547769
0 0.523299 0.869277 0.064031 0.0485901
0 0.283283 0.383516 0.0807073 0.0606742
0 0.208681 0.823539 0.0385455 0.0299507
0 0.659168 0.0369818 0.0526199 0.0403671
0 0.927633 0.051647 0.0415085 0.0331691
0 0.231491 0.933127 0.0471272 0.036272
0 0.765368 0.0375511 0.0552728 0.0430692
0 0.105185 0.386102 0.0502589 0.0398514
0 0.741635 0.984445 0.0396879 0.0297401
0 0.864864 0.624596 0.0627617 0.0451222
0 0.612567 0.591321 0.0379545 0.0304348
0 0.895672 0.972166 0.0603378 0.04923
0 0.85732 0.363366 0.0640892 0.0485702
0 0.831936 0.317724 0.0569056 0.0455091
0 0.0792519 0.81998 0.0560566 0.0434219
0 0.803659 0.740132 0.0369614 0.0295942
0 0.973197 0.668176 0.0368645 0.028978
0 0.374789 0.237971 0.0341667 0.0280389
0 0.204592 0.708014 0.0672598 0.052204
0 0.966295 0.180407 0.0359447 0.0288549
0 0.959014 0.433533 0.081061 0.0703717
0 0.866864 0.404398 0.0466393 0.0366632
0 0.694085 0.132984 0.0436352 0.0325039
0 0.0956224 0.847645 0.0339752 0.0280682
0 0.2834 0.719414 0.0739709 0.060462
0 0.619879 0.250765 0.0529568 0.0410108
0 0.230612 0.987192 0.0362108 0.0252705
0 0.0736882 0.643706 0.147376 0.157138
0 0.317772 0.959776 0.0320387 0.0268665
0 0.732271 0.880869 0.0374954 0.0297152
0 0.111727 0.100418 0.051097 0.0406509
0 0.164344 0.469804 0.0441328 0.035837
0 0.522729 0.00675142 0.0387117 0.0133417
0 0.868851 0.91893 0.151245 0.126572
0 0.457715 0.529188 0.0339982 0.0265245
0 0.718703 0.333847 0.189429 0.148804
0 0.991936 0.794399 0.0155617 0.0273409
0 0.419528 0.282167 0.0332123 0.0277942
0 0.813906 0.176988 0.0356308 0.0289295
0 0.0412699 0.775463 0.0341884 0.0276968
0 0.465976 0.676969 0.0415298 0.0316771
0 0.651751 0.813228 0.0566947 0.0439741
0 0.624162 0.0617545 0.0380039 0.0300102
0 0.884451 0.61882 0.231098 0.320123
0 0.812014 0.634985 0.0425465 0.0332337
0 0.849437 0.261395 0.0642179 0.0541056
0 0.960517 0.972722 0.0789663 0.0543663
0 0.159335 0.155941 0.106235 0.0792016
0 0.684923 0.857525 0.0719443 0.0550388
0 0.680863 0.65912 0.083467 0.065713
0 0.536778 0.804488 0.0706484 0.0517216
0 0.319084 0.639892 0.0864007 0.0734051
0 0.397777 0.714535 0.147247 0.114537
0 0.0360714 0.530384 0.0293196 0.023313
0 0.85264 0.758075 0.0378761 0.0312248
0 0.753615 0.490505 0.101375 0.0889614
0 0.0639501 0.795105 0.0346141 0.0254719
0 0.912456 0.398416 0.0488836 0.0406796
0 0.685287 0.196512 0.0750959 0.0597241
