0 0.213027 0.466442 0.0519664 0.0512999
0 0.84654 0.108039 0.0869816 0.0818402
0 0.403455 0.742743 0.049301 0.0475982
0 0.903326 0.148504 0.0388649 0.0378448
0 0.96005 0.734624 0.0370968 0.0362133
0 0.119068 0.278315 0.0371742 0.0365467
0 0.532117 0.668363 0.0354532 0.0350964
0 0.455514 0.144159 0.0307993 0.0304936
0 0.83368 0.613797 0.0388748 0.0394028
0 0.0163832 0.305714 0.0300352 0.0285597
0 0.350949 0.905416 0.0302618 0.0308659
0 0.822182 0.570265 0.0444786 0.0448533
0 0.599238 0.189282 0.0328024 0.0315855
0 0.750807 0.345678 0.027789 0.0271678
0 0.531763 0.0341454 0.0551691 0.0525239
0 0.645928 0.119596 0.0270208 0.0263533
0 0.66728 0.0881684 0.0324842 0.0311035
0 0.210257 0.510403 0.0265842 0.0256014
0 0.834712 0.401409 0.0328583 0.0337881
0 0.362686 0.306322 0.0302957 0.0297579
0 0.374409 0.79827 0.0291265 0.0289247
0 0.894063 0.38779 0.0276123 0.0268448
0 0.80583 0.223527 0.0435795 0.0402317
0 0.410459 0.95678 0.0291288 0.027467
0 0.596371 0.883423 0.0278267 0.0266558
0 0.341641 0.497871 0.0438511 0.0468515
