0 0.380431 0.629518 0.0541919 0.0433541
0 0.129683 0.808779 0.0547425 0.0460022
0 0.928761 0.854258 0.0883534 0.0731268
0 0.908307 0.478627 0.0597881 0.0524712
0 0.353743 0.0527675 0.0712613 0.0547262
0 0.68922 0.315541 0.0313843 0.0274761
0 0.895104 0.553506 0.0444178 0.0391043
0 0.198175 0.0127502 0.0740875 0.0255003
0 0.876672 0.510081 0.0386169 0.0345208
0 0.894368 0.405954 0.031731 0.0283842
0 0.0629472 0.0245227 0.0970401 0.0489417
0 0.558256 0.380325 0.0452898 0.0366211
0 0.929437 0.725663 0.0575863 0.0526122
0 0.314135 0.203146 0.0449297 0.0325004
0 0.879336 0.307492 0.0342892 0.0299615
0 0.132012 0.60684 0.0415602 0.0327396
0 0.642174 0.231619 0.0346436 0.0285442
0 0.881859 0.726202 0.0673372 0.0587072
0 0.533141 0.520222 0.0319239 0.0270586
0 0.59627 0.754225 0.0447224 0.0359531
0 0.832458 0.00741868 0.0357685 0.0148374
0 0.250173 0.18936 0.0319898 0.0290671
0 0.767219 0.467251 0.0678883 0.0576711
0 0.847685 0.909227 0.0531769 0.045936
0 0.10211 0.836707 0.0654359 0.0473642
0 0.736986 0.767712 0.0322285 0.0269641
0 0.920299 0.401348 0.159157 0.19904
0 0.0349847 0.742547 0.0407667 0.0356974
0 0.0530014 0.976678 0.0331493 0.0292656
0 0.889728 0.824446 0.0294052 0.0254532
0 0.967146 0.852498 0.0593693 0.0507092
0 0.809027 0.496726 0.0276814 0.02334
0 0.70227 0.900642 0.0278416 0.0241911
0 0.950686 0.493568 0.0371557 0.0325626
0 0.647206 0.629764 0.0328739 0.0297052
0 0.9537 0.00665429 0.0410399 0.013288
0 0.835132 0.356174 0.061792 0.0506527
0 0.662535 0.660208 0.0281163 0.02446
0 0.969168 0.0715205 0.0533489 0.046133
0 0.385731 0.98885 0.040629 0.0221207
0 0.00842685 0.280931 0.016573 0.036619
0 0.636315 0.290825 0.0260386 0.0226162
0 0.897882 0.1817 0.0265106 0.0219745
0 0.0391628 0.719011 0.0282076 0.0236626
0 0.96991 0.249012 0.0289795 0.025751
0 0.983351 0.80304 0.0324621 0.039399
0 0.851204 0.917873 0.0399908 0.0324142
0 0.563144 0.578016 0.0535824 0.0434762
0 0.675853 0.674294 0.028817 0.0246614
