0 0.730717 0.852933 0.292095 0.29092
0 0.962593 0.377716 0.074501 0.0729072
0 0.97011 0.819065 0.0595959 0.061013
0 0.932251 0.870755 0.0326656 0.0320366
0 0.562529 0.0306351 0.132185 0.0612667
0 0.630447 0.982323 0.0355368 0.032143
0 0.922632 0.137673 0.084691 0.0817935
0 0.647113 0.252334 0.0323845 0.0317945
0 0.966694 0.588524 0.0381348 0.0364243
0 0.849049 0.198121 0.0315453 0.0306358
0 0.8184 0.0762353 0.0893948 0.0853902
0 0.991418 0.568122 0.0171635 0.0390445
0 0.685813 0.201265 0.0457539 0.0440046
0 0.445473 0.489382 0.0307521 0.0303633
0 0.708032 0.408627 0.0317389 0.0287363
0 0.201339 0.350024 0.0291948 0.0280547
