0 0.165389 0.523455 0.0722278 0.0699982
0 0.202565 0.115465 0.117323 0.111835
0 0.113064 0.228471 0.0563166 0.0548619
0 0.496914 0.587074 0.0785019 0.0718707
0 0.52647 0.490549 0.037759 0.03652
0 0.712409 0.446665 0.0437834 0.0420473
0 0.759921 0.949189 0.0368417 0.0354248
0 0.239799 0.541534 0.036616 0.0368564
0 0.165628 0.904331 0.0408678 0.0397171
0 0.555032 0.0309305 0.0314239 0.0303649
0 0.659707 0.822583 0.0338287 0.0326468
0 0.59215 0.144328 0.0353476 0.0335255
0 0.0261542 0.461999 0.032078 0.0311716
0 0.544411 0.423565 0.0294025 0.0285099
0 0.728642 0.519879 0.0311559 0.0305241
0 0.593115 0.892323 0.0306404 0.029064
0 0.527672 0.399613 0.0290697 0.0281411
0 0.519303 0.0952371 0.0275442 0.0267331
0 0.625953 0.988262 0.0297853 0.0232803
0 0.571314 0.941928 0.030602 0.0287766
0 0.628821 0.900118 0.0279915 0.0272285
0 0.520595 0.54367 0.0252632 0.0249704
0 0.887034 0.665137 0.0314526 0.0303103
0 0.563445 0.137515 0.0257606 0.0255324
0 0.493628 0.743465 0.0268335 0.0261252
0 0.932949 0.488734 0.0329536 0.0316282
0 0.171383 0.259716 0.0780326 0.0751426
0 0.591801 0.547085 0.0620527 0.0604995
0 0.192026 0.931396 0.0297841 0.0300774
0 0.514778 0.379569 0.0258629 0.0253014
0 0.169803 0.185092 0.0474996 0.044056
0 0.188625 0.763218 0.026115 0.0255499
0 0.92348 0.468739 0.0311234 0.0317252
0 0.537792 0.558739 0.0386245 0.0350185
