0 0.116105 0.859771 0.13519 0.115782
0 0.726847 0.796299 0.0680445 0.0573029
0 0.241201 0.111888 0.0391651 0.034099
0 0.5583 0.276443 0.0413937 0.0367778
0 0.590688 0.0361461 0.139316 0.0720287
0 0.700257 0.477387 0.0480721 0.0393783
0 0.23258 0.641297 0.146364 0.130502
0 0.629989 0.702703 0.0427076 0.0368387
0 0.321433 0.658549 0.0395326 0.0342049
0 0.273533 0.641471 0.0716273 0.0588561
0 0.981343 0.137857 0.0313553 0.0266974
0 0.264874 0.635977 0.0870593 0.0964903
0 0.643719 0.5565 0.04743 0.0415926
0 0.354623 0.879719 0.0310475 0.0269974
0 0.196595 0.657826 0.0792817 0.0660904
0 0.499171 0.136552 0.0451482 0.0368279
