0 0.912247 0.487834 0.115374 0.110711
0 0.782657 0.567152 0.0442003 0.0429729
0 0.502306 0.837117 0.0397374 0.0388191
0 0.705696 0.870373 0.0411001 0.0403887
0 0.273545 0.673062 0.0431479 0.0411589
0 0.870071 0.0525562 0.114736 0.105112
0 0.125346 0.718562 0.0409311 0.0380918
0 0.760163 0.945915 0.0328659 0.0321091
0 0.288971 0.712975 0.0343832 0.0326572
0 0.193192 0.226078 0.0662678 0.0651107
0 0.636625 0.560239 0.0297575 0.0283825
0 0.292935 0.766092 0.0342322 0.0324155
0 0.527453 0.958215 0.0367874 0.0358437
0 0.749265 0.351841 0.0301562 0.0292853
0 0.437503 0.584236 0.0520506 0.0497026
0 0.743939 0.976064 0.0414557 0.0393818
0 0.772133 0.675319 0.054472 0.054154
0 0.0113709 0.0636963 0.0227417 0.0296555
0 0.346171 0.978003 0.0335114 0.0313578
0 0.5789 0.958104 0.0267546 0.0255264
0 0.417326 0.747763 0.0368177 0.0370762
0 0.320333 0.740164 0.030827 0.03036
0 0.629575 0.0804256 0.249528 0.160851
0 0.0464512 0.89255 0.0929024 0.213856
0 0.985509 0.298981 0.0288925 0.0411935
0 0.334728 0.682001 0.0309788 0.0306314
0 0.639315 0.692459 0.391786 0.427149
0 0.492564 0.598009 0.0283208 0.0276009
0 0.451426 0.537188 0.0947222 0.0929509
0 0.818327 0.423316 0.0278923 0.0277712
0 0.21561 0.467487 0.0260582 0.0246751
0 0.854328 0.157543 0.0642256 0.0589845
0 0.150413 0.475648 0.300222 0.408249
0 0.53905 0.443681 0.155632 0.151034
0 0.754783 0.594642 0.0435644 0.0410116
0 0.699872 0.422178 0.0332139 0.0335455
0 0.675809 0.520643 0.0279015 0.0271467
0 0.593068 0.621128 0.0898291 0.0863757
0 0.757467 0.503728 0.0578819 0.0554441
0 0.639284 0.782459 0.0266296 0.0255024
0 0.83668 0.418917 0.0633205 0.0598177
0 0.800308 0.621061 0.0602222 0.0587845
0 0.238325 0.0303907 0.0684211 0.0594961
0 0.226461 0.352398 0.0702138 0.0686639
0 0.554036 0.947342 0.0273193 0.0267149
0 0.333438 0.952856 0.03686 0.0357464
0 0.130049 0.527983 0.0319203 0.0302361
0 0.392747 0.636139 0.0714969 0.0709471
