0 0.450478 0.766131 0.467848 0.368892
0 0.129873 0.882114 0.104204 0.0843636
0 0.873742 0.0839421 0.107976 0.089133
0 0.847567 0.513875 0.0490589 0.0417411
0 0.739391 0.744192 0.18923 0.148068
0 0.858824 0.715812 0.141852 0.115575
0 0.658917 0.49325 0.04538 0.0363088
0 0.503942 0.1445 0.0356457 0.0317553
0 0.0737404 0.0965728 0.147481 0.183223
0 0.265777 0.497719 0.0332708 0.0273149
0 0.895565 0.833058 0.112231 0.0950833
0 0.841847 0.259653 0.0336285 0.0272819
0 0.340058 0.407221 0.032548 0.0260307
0 0.944227 0.538514 0.0350143 0.0299903
0 0.0936212 0.385388 0.1872 0.228061
0 0.435656 0.203015 0.181044 0.150997
0 0.163825 0.416669 0.0349602 0.0267179
0 0.58286 0.218589 0.032779 0.0267546
0 0.092586 0.523273 0.0969054 0.0787235
0 0.0688819 0.649815 0.0312549 0.0251735
0 0.957291 0.948335 0.0310272 0.025013
0 0.151568 0.75999 0.142955 0.115742
0 0.0900869 0.441395 0.0313171 0.0264705
0 0.79879 0.0838601 0.0325317 0.0263554
0 0.236181 0.515051 0.0411354 0.0337955
0 0.196049 0.26771 0.030097 0.024626
0 0.716576 0.0476699 0.0271358 0.0240214
0 0.933389 0.0177141 0.0282154 0.0231339
0 0.938113 0.78017 0.0867538 0.0754599
0 0.675515 0.910301 0.0933641 0.0782623
