0 0.134606 0.465965 0.205531 0.152334
0 0.924575 0.768667 0.150851 0.133276
0 0.125642 0.972499 0.0450193 0.0358341
0 0.206154 0.624553 0.0929084 0.0671152
0 0.322636 0.48134 0.0634048 0.0482357
0 0.280442 0.353762 0.0398571 0.0306304
0 0.846074 0.586839 0.0987135 0.0749666
0 0.647474 0.960313 0.0666149 0.0476873
0 0.613311 0.881544 0.0588717 0.0438549
0 0.81826 0.741282 0.0598913 0.0460442
0 0.654487 0.347254 0.0965393 0.0688747
0 0.541067 0.563496 0.0461268 0.0344162
0 0.65563 0.834615 0.0434271 0.0306198
0 0.967921 0.525468 0.0641588 0.0573828
0 0.218035 0.32765 0.0357951 0.024555
0 0.0837568 0.693864 0.167276 0.133193
0 0.392998 0.831452 0.0706419 0.0498926
0 0.550924 0.142885 0.0890703 0.0658183
0 0.585672 0.553895 0.0474781 0.0338642
0 0.813838 0.674789 0.0498401 0.0364559
0 0.32904 0.727089 0.0413844 0.0332727
0 0.162142 0.919453 0.0410374 0.0313774
0 0.619441 0.463524 0.0448727 0.0332798
0 0.195543 0.944411 0.0358648 0.0298607
0 0.753218 0.837756 0.0547035 0.0427214
0 0.956772 0.290842 0.0727989 0.0559465
0 0.550155 0.226803 0.0539257 0.0366429
0 0.0653539 0.907692 0.12674 0.104977
0 0.697661 0.798615 0.0563162 0.0433546
0 0.576669 0.311457 0.047466 0.0327353
0 0.986236 0.186877 0.0275282 0.0307205
0 0.645888 0.687095 0.0394006 0.0312502
0 0.678196 0.686822 0.0471696 0.0347155
