0 0.0345671 0.300965 0.0683159 0.0681761
0 0.235193 0.677677 0.0489186 0.047785
0 0.167804 0.296174 0.0480879 0.0472664
0 0.353999 0.947918 0.0369954 0.0352489
0 0.539759 0.211254 0.0362328 0.03524
0 0.635264 0.278034 0.0346514 0.0346704
0 0.143694 0.620066 0.0356183 0.0344532
0 0.492512 0.71655 0.0390244 0.037126
0 0.99052 0.947489 0.0189194 0.0421585
0 0.273766 0.88763 0.05962 0.0578358
0 0.693515 0.675803 0.0799503 0.0759546
0 0.156111 0.93687 0.0325375 0.0313906
0 0.757147 0.681592 0.0341366 0.032873
0 0.216698 0.57057 0.0332634 0.0315712
0 0.431349 0.613116 0.0492829 0.0484051
0 0.359863 0.703771 0.0287452 0.0275833
0 0.128947 0.489548 0.0324113 0.0307893
0 0.276062 0.0486666 0.0276196 0.0273094
0 0.593382 0.303169 0.0724911 0.0720054
0 0.711068 0.546743 0.0455122 0.0436314
0 0.0436077 0.426221 0.0642614 0.0618096
0 0.463787 0.538979 0.0475866 0.045582
0 0.327053 0.722917 0.033923 0.0328606
0 0.368232 0.736533 0.0449872 0.0441139
0 0.385909 0.686481 0.0442509 0.0423862
0 0.571753 0.941447 0.0955113 0.0908249
0 0.737994 0.611696 0.0973678 0.0947122
0 0.65608 0.490096 0.0406754 0.037875
0 0.789794 0.0865576 0.046484 0.0438744
0 0.272152 0.211212 0.0269386 0.025542
0 0.0171331 0.476937 0.0342662 0.0774136
0 0.489514 0.0727973 0.0327614 0.0332784
0 0.460139 0.375578 0.0258244 0.0255821
0 0.343821 0.355768 0.0472646 0.044662
