0 0.845633 0.617178 0.0505249 0.0494526
0 0.86879 0.740204 0.0482296 0.0475151
0 0.860701 0.679766 0.0339489 0.0333246
0 0.737106 0.738621 0.0310102 0.0306829
0 0.21295 0.411175 0.0314697 0.0302937
0 0.12476 0.929584 0.0580254 0.0563999
0 0.307508 0.992937 0.0311639 0.0137802
0 0.526725 0.689281 0.0264244 0.0259569
0 0.828426 0.839388 0.0354254 0.0341091
0 0.957573 0.857574 0.0268768 0.0267141
0 0.236272 0.987458 0.0325092 0.0247255
0 0.0766839 0.964082 0.0643109 0.0639019
0 0.190783 0.908843 0.0639628 0.0617619
