0 0.766784 0.399861 0.250887 0.228611
0 0.361932 0.310549 0.13785 0.126618
0 0.657755 0.772995 0.187312 0.170151
0 0.452749 0.371655 0.0462585 0.041303
0 0.361342 0.116105 0.0457196 0.0414312
0 0.811581 0.8615 0.0434542 0.0378893
0 0.91953 0.978144 0.0466492 0.0410782
0 0.14898 0.389534 0.0353136 0.033136
0 0.0743163 0.689948 0.0451361 0.0407072
0 0.353164 0.385133 0.0357172 0.0304492
0 0.0288933 0.973658 0.0352182 0.0324352
0 0.561692 0.359905 0.0398081 0.0348332
0 0.760735 0.359546 0.0574095 0.0529948
0 0.4724 0.144238 0.0328003 0.0288779
0 0.050925 0.459839 0.0370274 0.0343304
0 0.0470036 0.250401 0.0939729 0.160819
0 0.14114 0.776495 0.0368759 0.0326995
0 0.5157 0.484046 0.0392113 0.0367453
0 0.111271 0.441878 0.0320914 0.0303362
0 0.893656 0.948646 0.0318302 0.0285343
0 0.518864 0.921541 0.309519 0.156849
0 0.888271 0.991543 0.0314579 0.0168394
0 0.697042 0.915754 0.0691609 0.0583748
0 0.475585 0.328854 0.0330849 0.029408
0 0.176284 0.428486 0.0303355 0.0279728
0 0.462981 0.85071 0.0882465 0.076189
0 0.50024 0.685819 0.0590371 0.0510517
0 0.842508 0.878703 0.0379303 0.0322319
0 0.48041 0.625725 0.043324 0.0361804
0 0.510691 0.0442715 0.119275 0.088543
0 0.24059 0.475813 0.0362918 0.0339117
0 0.77179 0.12578 0.0287596 0.0263611
0 0.519304 0.432984 0.110699 0.0954555
0 0.158736 0.345734 0.0403919 0.0370043
0 0.256876 0.26318 0.0319256 0.0286772
0 0.775232 0.65963 0.275907 0.24432
0 0.548891 0.38354 0.0304116 0.0265872
0 0.44817 0.515615 0.0298367 0.0274479
0 0.559427 0.70698 0.0731369 0.0666498
0 0.273994 0.969167 0.104047 0.0616667
0 0.712041 0.244153 0.0295048 0.0265484
0 0.0887312 0.59953 0.170206 0.151162
0 0.361018 0.717342 0.084301 0.0751062
