0 0.60869 0.533001 0.0719668 0.0634087
0 0.937219 0.280621 0.0736565 0.0642924
0 0.487821 0.569238 0.0482179 0.0415003
0 0.103775 0.6357 0.0642449 0.0542692
0 0.203558 0.947869 0.0441644 0.0372467
0 0.553075 0.351155 0.0372836 0.0316338
0 0.0894157 0.712554 0.0507477 0.0450769
0 0.267104 0.0388593 0.0426857 0.0354415
0 0.651666 0.269063 0.0408848 0.0355233
0 0.648817 0.490959 0.0374371 0.0329754
0 0.131952 0.598772 0.0357948 0.0317332
0 0.0335861 0.15575 0.0423722 0.0378285
0 0.40217 0.184054 0.118462 0.10085
0 0.575155 0.301928 0.038978 0.0334206
0 0.2375 0.435827 0.0368695 0.0324086
0 0.759537 0.722703 0.0538127 0.0474397
0 0.330635 0.687313 0.0370403 0.0330452
0 0.858425 0.603195 0.0516033 0.0438596
0 0.656749 0.563239 0.0449249 0.0407634
0 0.0982493 0.0364553 0.0461186 0.0375985
0 0.783892 0.942964 0.0370049 0.0329578
0 0.159512 0.273503 0.0412555 0.0359745
0 0.0375934 0.488494 0.0365216 0.0318501
0 0.317248 0.144329 0.0350229 0.0295412
0 0.835289 0.884733 0.0583462 0.0512253
0 0.0362634 0.247884 0.0355695 0.0311344
0 0.343073 0.961741 0.0335115 0.029553
0 0.758877 0.201111 0.050229 0.0419717
0 0.660844 0.61538 0.0761789 0.0662348
0 0.955084 0.960883 0.0503941 0.0449715
0 0.831291 0.24085 0.0468645 0.0382568
0 0.32562 0.871061 0.0419817 0.0367228
0 0.621918 0.580246 0.0368698 0.0332535
0 0.256834 0.370237 0.0431723 0.0360905
0 0.987 0.108776 0.0259995 0.043369
0 0.307071 0.296163 0.0458072 0.0380173
0 0.939576 0.584411 0.0429281 0.0395115
0 0.517267 0.219372 0.0364752 0.0311455
0 0.391672 0.016704 0.0609105 0.033408
0 0.709583 0.498081 0.0291342 0.0266876
0 0.797163 0.612523 0.0363318 0.0337555
0 0.305265 0.806573 0.0293889 0.0262131
0 0.0300963 0.592272 0.0360841 0.0324619
0 0.404594 0.910426 0.0369003 0.0345799
0 0.850416 0.149245 0.044619 0.0385453
0 0.0537066 0.460722 0.036113 0.0297459
0 0.722889 0.0916978 0.194453 0.180936
0 0.733079 0.598205 0.0273773 0.0239556
0 0.241562 0.616233 0.0369655 0.0327044
0 0.645065 0.657424 0.0291947 0.0281021
0 0.899078 0.0648106 0.0366772 0.0343662
0 0.654334 0.0107859 0.0477471 0.0214063
0 0.961485 0.450797 0.0386753 0.0385235
0 0.0131656 0.317268 0.0263311 0.0374957
0 0.502065 0.42743 0.0313455 0.0279365
0 0.103416 0.224207 0.0367659 0.031398
0 0.191829 0.433888 0.0460575 0.0358335
0 0.413934 0.557032 0.0297415 0.0279709
0 0.161285 0.643087 0.0419961 0.0382395
0 0.784704 0.0109694 0.0350958 0.0217121
0 0.100297 0.256153 0.0349881 0.0287301
0 0.885152 0.0117357 0.0374512 0.0234607
0 0.267848 0.791576 0.0321073 0.0290605
0 0.548786 0.246585 0.0283466 0.0256504
0 0.555613 0.0448208 0.066523 0.0580833
0 0.697348 0.588832 0.0391011 0.0355341
0 0.0902916 0.453771 0.0364569 0.0297814
0 0.0111878 0.451151 0.0222932 0.0279771
0 0.74113 0.665757 0.0342484 0.0303991
0 0.461279 0.0577864 0.035043 0.0296322
0 0.0410833 0.32729 0.0349586 0.0303846
0 0.470018 0.460283 0.0342121 0.0298613
0 0.982348 0.674621 0.0347385 0.0365812
0 0.194891 0.546134 0.0389576 0.0359123
0 0.849638 0.423911 0.0329502 0.0327162
0 0.248067 0.217948 0.0378945 0.0329535
0 0.376109 0.425441 0.0307512 0.0267702
0 0.213194 0.20828 0.0377933 0.032615
0 0.734954 0.858672 0.0488375 0.0428406
0 0.709215 0.31329 0.034071 0.0308326
0 0.869261 0.743405 0.0297161 0.0274865
