0 0.342366 0.250137 0.0590096 0.055038
0 0.491518 0.873204 0.04088 0.0387838
0 0.190972 0.789216 0.0351732 0.032996
0 0.331786 0.185632 0.0316569 0.0301189
0 0.27051 0.526773 0.0300259 0.0285505
0 0.367136 0.988903 0.0659692 0.0221945
0 0.353192 0.21103 0.0301761 0.0295808
0 0.467743 0.0132695 0.0345022 0.0265374
0 0.553965 0.924139 0.0282355 0.0277
0 0.492352 0.800935 0.032903 0.030402
0 0.371837 0.397889 0.0466519 0.0444672
0 0.233424 0.664592 0.0255196 0.025152
0 0.0125284 0.200421 0.0250568 0.0302524
0 0.282385 0.483153 0.0253256 0.0254087
0 0.214196 0.18162 0.0431401 0.0411377
