0 0.300955 0.573457 0.173187 0.160337
0 0.654317 0.282228 0.194819 0.185612
0 0.536546 0.790753 0.0860111 0.0715351
0 0.810347 0.63743 0.102504 0.0916328
0 0.44602 0.0670786 0.0674604 0.0662508
0 0.344315 0.0811867 0.0509149 0.0511055
0 0.153159 0.0627255 0.0335083 0.0311351
0 0.404009 0.904824 0.112486 0.097756
0 0.90818 0.272669 0.143384 0.131487
0 0.544283 0.371999 0.0534491 0.0489569
0 0.719324 0.702346 0.0373272 0.0329746
0 0.468971 0.95284 0.0526615 0.0449085
0 0.697305 0.364493 0.0315297 0.0303148
0 0.798572 0.14224 0.0639132 0.0574217
0 0.780048 0.066824 0.0534588 0.05043
0 0.911821 0.132838 0.062616 0.0562966
0 0.846952 0.388909 0.265848 0.228772
0 0.723861 0.127617 0.0780159 0.0750256
0 0.205148 0.0241337 0.0413974 0.0404131
0 0.33282 0.174604 0.0348577 0.0335233
0 0.494762 0.018884 0.0451443 0.037768
0 0.84492 0.105069 0.0601109 0.0545052
0 0.971415 0.968049 0.048122 0.0429192
0 0.878509 0.516726 0.0654272 0.0594854
0 0.0510281 0.0397176 0.0311401 0.0291801
0 0.723155 0.168204 0.0541883 0.0525362
0 0.514911 0.981727 0.0664902 0.0363369
0 0.715279 0.745769 0.0325241 0.0286049
0 0.0351496 0.322184 0.03089 0.0287385
0 0.472288 0.383882 0.0993433 0.0951848
0 0.397475 0.0575324 0.0286903 0.0279085
0 0.988099 0.461665 0.0238029 0.0341326
0 0.78981 0.0796917 0.0629251 0.0561059
0 0.586399 0.525078 0.04079 0.035305
0 0.57112 0.0772874 0.11499 0.114485
0 0.110457 0.535106 0.0764227 0.0663025
0 0.702337 0.992014 0.0319534 0.0158821
0 0.0494973 0.571462 0.0306609 0.0272434
