0 0.109477 0.126352 0.218954 0.225334
0 0.0520473 0.923059 0.103949 0.133664
0 0.0376932 0.750421 0.0408717 0.0360243
0 0.404405 0.979378 0.057419 0.0411257
0 0.155119 0.907973 0.0531788 0.0445717
0 0.386662 0.484175 0.135175 0.118885
0 0.772364 0.462641 0.147748 0.133048
0 0.688548 0.345081 0.0422951 0.0366754
0 0.528046 0.486789 0.219823 0.183731
0 0.155225 0.759734 0.0350112 0.0306891
0 0.661417 0.368366 0.0424875 0.0363421
0 0.813795 0.0634175 0.0365599 0.0315019
0 0.255472 0.521046 0.0805731 0.0697814
0 0.665225 0.0134097 0.036999 0.0268194
0 0.896393 0.190203 0.0620808 0.0551548
0 0.0130109 0.635162 0.0259624 0.0403687
0 0.317711 0.198337 0.23563 0.197234
0 0.276724 0.140596 0.0447551 0.0384463
0 0.961014 0.315942 0.0286766 0.0259409
0 0.964209 0.789251 0.0369228 0.0322347
0 0.692398 0.214816 0.14203 0.119465
0 0.102772 0.851607 0.030255 0.026786
0 0.936951 0.761554 0.0328154 0.0280411
0 0.983824 0.402576 0.0323528 0.0443674
0 0.103456 0.958624 0.0292068 0.024715
0 0.0460794 0.462321 0.0323375 0.0277149
0 0.80718 0.953009 0.149555 0.0931505
0 0.218992 0.560835 0.0957526 0.0818972
0 0.446136 0.212134 0.0454512 0.039157
0 0.61899 0.41955 0.0483647 0.0399984
0 0.50949 0.350853 0.113312 0.0974844
0 0.543128 0.10674 0.028347 0.024334
0 0.399043 0.820481 0.0290459 0.0248192
