0 0.0383715 0.399169 0.0414881 0.0394851
0 0.40547 0.971324 0.0925896 0.0573528
0 0.201741 0.68624 0.0539742 0.0510115
0 0.152422 0.683473 0.0379477 0.0352858
0 0.940697 0.508706 0.052153 0.0499692
0 0.160405 0.0304037 0.139746 0.0608074
0 0.794203 0.968912 0.0425262 0.040937
0 0.611823 0.285992 0.0685758 0.0672052
0 0.678108 0.366557 0.0393314 0.0377918
0 0.265275 0.155496 0.0969508 0.0921144
0 0.356478 0.841598 0.0431852 0.0416859
0 0.487527 0.44248 0.0326235 0.0321566
0 0.576928 0.963222 0.0849947 0.0735565
0 0.0835386 0.273261 0.0349539 0.0324092
0 0.184636 0.720395 0.0276979 0.0261677
0 0.276767 0.765059 0.0425062 0.0404996
0 0.165229 0.0712801 0.028518 0.0265256
0 0.173531 0.2935 0.0258705 0.0260025
0 0.165985 0.989536 0.0373555 0.0206673
0 0.596958 0.357095 0.0410341 0.0384489
0 0.384731 0.160196 0.0377715 0.0358943
0 0.205865 0.739259 0.0313073 0.0288143
0 0.630057 0.119966 0.0280424 0.0269914
0 0.90685 0.420562 0.0268282 0.0247853
0 0.0599791 0.979617 0.0416077 0.0364275
0 0.0586099 0.18613 0.0365632 0.0330566
0 0.97253 0.420122 0.028982 0.0282619
0 0.783054 0.0697274 0.0330175 0.0318244
0 0.421325 0.519771 0.0393493 0.0374034
0 0.978977 0.0297969 0.0417934 0.0559692
0 0.771761 0.167308 0.0384413 0.0370806
0 0.152515 0.445854 0.0282502 0.0268036
0 0.0966676 0.98034 0.0366192 0.0343195
0 0.944109 0.132691 0.0302017 0.0292179
0 0.976171 0.458691 0.039785 0.0369413
0 0.918257 0.981652 0.0686291 0.0366961
0 0.0937454 0.305214 0.0249683 0.0238985
