0 0.720612 0.495152 0.0811279 0.0803176
0 0.362511 0.825792 0.0712837 0.0704319
0 0.22277 0.421606 0.0665658 0.0654936
0 0.617267 0.245172 0.0454342 0.0447933
0 0.0821091 0.0710705 0.0393597 0.0392971
0 0.926471 0.978111 0.0410746 0.0406128
0 0.0638157 0.820384 0.0977876 0.096885
0 0.5044 0.982084 0.0305685 0.0299822
0 0.853481 0.41196 0.0307838 0.0297245
0 0.662327 0.426677 0.0343847 0.0342411
0 0.0476253 0.762555 0.0313674 0.0295774
0 0.883998 0.709377 0.0319645 0.0314556
0 0.221771 0.608018 0.0361708 0.0346714
0 0.678245 0.108482 0.0314117 0.0322844
0 0.230755 0.053805 0.034471 0.0340772
0 0.718652 0.0520172 0.0263204 0.0261222
0 0.316201 0.381577 0.0413624 0.039542
0 0.269399 0.0689422 0.0318123 0.031748
0 0.80056 0.770327 0.0276722 0.0287764
0 0.216795 0.270487 0.0539445 0.0494681
0 0.784829 0.811612 0.0682278 0.0673006
0 0.525651 0.745724 0.258198 0.249009
0 0.214669 0.244778 0.0436642 0.0417958
0 0.82741 0.751008 0.0317995 0.0313526
0 0.0432269 0.891364 0.0281099 0.0275612
0 0.727628 0.818381 0.0571031 0.056329
0 0.489444 0.705601 0.186269 0.179427
