0 0.792801 0.884771 0.104803 0.0940819
0 0.612136 0.851949 0.0354883 0.0324051
0 0.292734 0.503219 0.044676 0.0403214
0 0.434182 0.301094 0.0338463 0.0304602
0 0.751547 0.915336 0.0522529 0.0479774
0 0.792885 0.239686 0.0403585 0.0389812
0 0.555884 0.777219 0.0472946 0.0455642
0 0.704595 0.518376 0.0262592 0.0242243
0 0.897185 0.970987 0.0716316 0.0571026
0 0.667734 0.974067 0.0728241 0.0518665
0 0.373456 0.518265 0.0295646 0.0275467
0 0.232405 0.488321 0.0379207 0.0336679
0 0.977 0.714372 0.0453588 0.0459312
0 0.809261 0.709168 0.0402109 0.0391773
0 0.809148 0.675971 0.0462768 0.0426677
0 0.784792 0.954472 0.0442839 0.0389696
0 0.0701289 0.0124232 0.0370737 0.0247142
