0 0.789806 0.800451 0.151003 0.14553
0 0.628819 0.831815 0.074429 0.070286
0 0.950235 0.322767 0.056781 0.0538937
0 0.438277 0.715708 0.0548269 0.0504175
0 0.940943 0.800226 0.0403214 0.039554
0 0.708583 0.385172 0.0410067 0.0380947
0 0.906025 0.735142 0.0463146 0.0449253
0 0.272773 0.493033 0.0347106 0.0315434
0 0.535155 0.888445 0.0526505 0.0509483
0 0.301261 0.425465 0.0562803 0.0482185
0 0.415298 0.621745 0.0367233 0.0340078
0 0.146732 0.204511 0.0322082 0.0306725
0 0.535689 0.715084 0.145627 0.13332
0 0.916514 0.567264 0.036377 0.0347184
0 0.851409 0.418934 0.0387754 0.0366631
0 0.805661 0.36831 0.0301414 0.0277579
0 0.549081 0.0361319 0.0370634 0.0329326
0 0.907326 0.908857 0.0307514 0.029635
0 0.78375 0.385591 0.0322268 0.028803
0 0.0560906 0.350785 0.0368552 0.0340843
0 0.228428 0.546319 0.0322568 0.029837
0 0.559045 0.567237 0.128138 0.122239
0 0.863297 0.748967 0.0329021 0.0315617
0 0.508517 0.931065 0.108349 0.102559
0 0.273517 0.891706 0.0280158 0.0273527
0 0.338297 0.720398 0.0644803 0.0591392
0 0.866492 0.296401 0.10838 0.103348
0 0.30624 0.118007 0.0421637 0.0387282
0 0.500525 0.333864 0.102672 0.0902266
0 0.453738 0.806676 0.0770195 0.0688095
0 0.693471 0.00598652 0.0363136 0.011973
0 0.754541 0.687706 0.105869 0.0984818
0 0.966459 0.872722 0.044899 0.0416954
