0 0.692833 0.6663 0.245953 0.191032
0 0.484011 0.297963 0.203419 0.152462
0 0.412508 0.95258 0.0737861 0.0552393
0 0.424278 0.443886 0.0775323 0.0568638
0 0.08463 0.433132 0.073377 0.0554352
0 0.521911 0.953959 0.0587317 0.0457443
0 0.669198 0.984891 0.0482183 0.0296017
0 0.679315 0.17707 0.0438978 0.0312474
0 0.49275 0.679559 0.0510627 0.037395
0 0.131749 0.597612 0.0409571 0.0303053
0 0.968905 0.892415 0.0621906 0.0966663
0 0.244117 0.170403 0.0364753 0.0280126
0 0.270759 0.974531 0.0447967 0.0356323
0 0.265704 0.0468662 0.0448954 0.0331843
0 0.823227 0.98912 0.0498268 0.0217608
0 0.102876 0.229805 0.0358553 0.0272403
0 0.979885 0.713527 0.0402303 0.0410603
0 0.829743 0.901626 0.0362316 0.0254194
0 0.187328 0.387184 0.0313102 0.0237544
0 0.963909 0.794279 0.0472853 0.0401376
0 0.498715 0.731648 0.0455721 0.0349458
0 0.279942 0.842682 0.0444316 0.0360203
0 0.0852213 0.33715 0.0322704 0.0247361
0 0.195362 0.0266768 0.0336518 0.0242578
0 0.177157 0.966291 0.0303215 0.023151
0 0.431914 0.720169 0.0323892 0.0247566
0 0.508575 0.463267 0.0335402 0.0271169
0 0.115773 0.157308 0.0332387 0.0246336
0 0.444389 0.769234 0.0517927 0.0362119
0 0.294925 0.626443 0.0534622 0.0401333
0 0.267302 0.790564 0.0304957 0.0239443
0 0.264257 0.427381 0.0462333 0.0362213
0 0.836347 0.866539 0.0321609 0.0238697
0 0.0170245 0.451895 0.034049 0.082439
0 0.198941 0.433134 0.0356059 0.0280651
0 0.204851 0.858025 0.106 0.0734022
0 0.327277 0.481563 0.0399202 0.0301918
0 0.926585 0.833398 0.0954033 0.070512
0 0.451439 0.625904 0.0308078 0.0231855
0 0.169415 0.792159 0.0351424 0.0258477
