0 0.186039 0.578637 0.0432976 0.0425857
0 0.504965 0.171128 0.0399727 0.0381988
0 0.39146 0.199142 0.0372694 0.0359189
0 0.159661 0.985516 0.0349474 0.0287931
0 0.415035 0.41695 0.0378038 0.0369665
0 0.252467 0.0470311 0.0597627 0.058532
0 0.12131 0.199503 0.0377559 0.035746
0 0.338054 0.167203 0.0311038 0.0310161
0 0.458509 0.124945 0.0345336 0.0339206
0 0.175614 0.536768 0.0395219 0.037937
0 0.154715 0.430504 0.0292088 0.0275978
0 0.0404638 0.982908 0.0382143 0.0339897
0 0.48745 0.800514 0.0309242 0.0298033
0 0.37539 0.484478 0.0382313 0.0382296
0 0.106418 0.330021 0.0312212 0.030302
0 0.0794707 0.920433 0.0306809 0.0303509
0 0.576155 0.318618 0.0349701 0.0344248
0 0.368504 0.767825 0.0266961 0.0266431
0 0.0254322 0.551651 0.0351559 0.0325739
0 0.400182 0.00766228 0.0244791 0.0151305
0 0.423933 0.607146 0.0294179 0.0283373
0 0.55119 0.647211 0.0621254 0.0607996
0 0.0315628 0.306387 0.0286348 0.0280875
0 0.0180164 0.581625 0.0358862 0.0437384
0 0.449455 0.409018 0.02747 0.0272634
0 0.417217 0.980829 0.0256373 0.0246675
0 0.540631 0.296362 0.0241099 0.0234099
0 0.129784 0.0179449 0.0279451 0.0266145
0 0.433397 0.816889 0.0282986 0.0272106
0 0.298891 0.657407 0.0247526 0.023732
0 0.0666402 0.612693 0.0338737 0.0324743
