0 0.977277 0.194723 0.0425694 0.0401571
0 0.0332743 0.461247 0.0499044 0.0485291
0 0.0160698 0.519757 0.0319326 0.0362255
0 0.0493395 0.605972 0.0354472 0.0344318
0 0.577829 0.249821 0.102298 0.0991077
0 0.883655 0.705616 0.030855 0.0292322
0 0.56441 0.288565 0.0442743 0.0424129
0 0.0761964 0.248146 0.0288584 0.028507
0 0.0476312 0.567051 0.0290937 0.0281952
0 0.456797 0.460856 0.0687629 0.0676943
0 0.299636 0.00598347 0.0370074 0.0119669
0 0.486678 0.23462 0.0622211 0.0593005
0 0.380332 0.742939 0.0293612 0.0279855
0 0.244784 0.041966 0.0249555 0.0238046
0 0.150077 0.256636 0.0549873 0.0513855
0 0.237837 0.798301 0.0365811 0.034672
0 0.0426442 0.240459 0.0464798 0.0448214
0 0.520956 0.203078 0.0398634 0.0384181
0 0.111362 0.936963 0.0628695 0.0587288
0 0.458508 0.319098 0.0999188 0.092309
0 0.409033 0.590026 0.120446 0.116625
