0 0.447364 0.025086 0.0488237 0.0465712
0 0.418293 0.669632 0.0443974 0.0419187
0 0.122946 0.538517 0.0418655 0.0393756
0 0.260085 0.0755773 0.0362447 0.0333049
0 0.544361 0.96113 0.0567312 0.0526695
0 0.17866 0.438426 0.0325907 0.0306593
0 0.217412 0.688705 0.0364265 0.0322838
0 0.758197 0.011323 0.0317579 0.0222477
0 0.332944 0.530696 0.0317122 0.0304667
0 0.308667 0.419688 0.0356055 0.0348989
0 0.850657 0.130913 0.0687922 0.0662193
0 0.537776 0.0100436 0.0485729 0.0200872
0 0.640867 0.56899 0.0512257 0.046862
0 0.0152247 0.504613 0.0304495 0.0348642
0 0.992526 0.424536 0.0149479 0.0381023
0 0.44069 0.565969 0.033767 0.032943
0 0.540764 0.708774 0.0392423 0.038522
0 0.786579 0.164587 0.0520483 0.0489063
0 0.50162 0.78288 0.0331617 0.0323036
0 0.628182 0.617539 0.0424612 0.0404297
0 0.179685 0.937743 0.0578917 0.0506382
0 0.201434 0.888272 0.0323066 0.0300564
0 0.975197 0.1061 0.0290218 0.0291155
0 0.0375102 0.420152 0.0333667 0.033037
0 0.613312 0.252904 0.0388058 0.0356282
0 0.281262 0.720092 0.0285767 0.0267199
0 0.881777 0.108808 0.0505291 0.0481379
0 0.538223 0.314495 0.0315343 0.0303558
0 0.695142 0.385673 0.0379152 0.0355352
0 0.302968 0.299275 0.030997 0.0294197
0 0.649754 0.130369 0.0431993 0.0400071
0 0.962483 0.617897 0.0564487 0.0544213
0 0.259416 0.634034 0.0287104 0.0280579
0 0.704158 0.610013 0.0484649 0.0450407
0 0.613017 0.0116611 0.0303181 0.0231255
0 0.515584 0.224949 0.0341351 0.0318048
0 0.729785 0.718455 0.0490454 0.0447702
0 0.764028 0.759849 0.0425394 0.040181
0 0.65904 0.778131 0.041564 0.0375481
0 0.719171 0.408942 0.441969 0.403634
0 0.986331 0.657601 0.027338 0.044626
0 0.976399 0.609738 0.0472018 0.0564556
0 0.392745 0.709737 0.031452 0.0294759
