0 0.883862 0.380889 0.110488 0.108474
0 0.385424 0.275908 0.0684758 0.0648626
0 0.327725 0.0223772 0.043424 0.0411271
0 0.788164 0.232297 0.0422612 0.0412161
0 0.921733 0.687317 0.0515053 0.0488732
0 0.482816 0.878704 0.0354911 0.0336884
0 0.0910824 0.200035 0.0308892 0.0289509
0 0.355595 0.128605 0.0440796 0.0429466
0 0.821426 0.728428 0.0368362 0.0324287
0 0.35634 0.320026 0.0304737 0.0295508
0 0.266223 0.280133 0.0292639 0.0277336
0 0.0114621 0.688321 0.0229242 0.0271387
0 0.464366 0.649445 0.0298706 0.0288914
0 0.903906 0.249738 0.0277271 0.0268143
0 0.192631 0.0297416 0.0281184 0.0251208
0 0.636872 0.770943 0.0289731 0.0270391
0 0.751997 0.401577 0.0303686 0.0274926
0 0.377397 0.806338 0.0295913 0.0292383
0 0.0471808 0.288059 0.0256449 0.0242065
0 0.438089 0.536784 0.0264831 0.0254396
