0 0.373679 0.241834 0.0666416 0.064334
0 0.898754 0.669579 0.0365717 0.0355003
0 0.0265091 0.268975 0.0396937 0.0384122
0 0.0713316 0.867521 0.0507172 0.0492199
0 0.269031 0.433572 0.0399791 0.0393059
0 0.313614 0.703074 0.0301601 0.0296108
0 0.567843 0.963664 0.038906 0.0363213
0 0.710258 0.949244 0.0524935 0.050621
0 0.253397 0.185972 0.0369503 0.0358642
0 0.282853 0.602597 0.0364224 0.0350935
0 0.810554 0.608965 0.229058 0.219428
0 0.247392 0.224044 0.0391643 0.0386549
0 0.0980678 0.477468 0.0364808 0.0365813
0 0.270892 0.293547 0.0398031 0.040911
0 0.31285 0.31977 0.0303576 0.0299082
0 0.858341 0.539107 0.0422443 0.0414704
0 0.678095 0.985502 0.0326696 0.0289955
0 0.964321 0.135829 0.0713589 0.0751598
0 0.249112 0.263279 0.0329388 0.0322917
0 0.493457 0.886335 0.344014 0.226679
0 0.178766 0.925061 0.351545 0.149475
0 0.333952 0.883559 0.0691763 0.06861
0 0.696403 0.956936 0.0353959 0.0349607
0 0.82237 0.969601 0.0281931 0.0279137
0 0.458664 0.453676 0.0326401 0.0318573
0 0.845873 0.23283 0.0263815 0.0257587
0 0.693062 0.794013 0.0293692 0.0287371
