0 0.969746 0.597009 0.0592918 0.0583604
0 0.403584 0.0834728 0.0529923 0.0500398
0 0.0137966 0.394141 0.0275933 0.0416786
0 0.313217 0.443875 0.0311124 0.0305901
0 0.272028 0.530771 0.0427514 0.0418415
0 0.217836 0.285602 0.033741 0.0311268
0 0.670909 0.441055 0.0314561 0.0309229
0 0.828712 0.527775 0.0283432 0.0267996
0 0.538059 0.538795 0.0321863 0.0311172
0 0.34967 0.468968 0.0414833 0.0391933
0 0.110399 0.56648 0.0496067 0.0472357
0 0.57752 0.856014 0.0273132 0.0265877
0 0.916458 0.424067 0.0396898 0.0371325
0 0.985858 0.216903 0.0271908 0.0256357
0 0.334619 0.288111 0.037097 0.0357965
0 0.440854 0.0994967 0.0327614 0.0320362
0 0.974978 0.424297 0.024268 0.0233349
0 0.52282 0.718291 0.0450012 0.0432411
0 0.805123 0.941319 0.0239386 0.0221149
0 0.347176 0.148759 0.0287635 0.02776
0 0.263131 0.579059 0.038611 0.0372096
0 0.201638 0.236037 0.041342 0.0387045
