0 0.383089 0.845951 0.352022 0.308098
0 0.391095 0.620697 0.252109 0.244322
0 0.932679 0.354594 0.0633415 0.0618597
0 0.704915 0.481942 0.0528803 0.0510498
0 0.585205 0.413222 0.0450253 0.0438751
0 0.781521 0.423019 0.0336525 0.0321068
0 0.269295 0.535854 0.0648118 0.0633551
0 0.822864 0.71481 0.0326927 0.0322781
0 0.897737 0.438824 0.046056 0.0454155
0 0.864485 0.686735 0.0323626 0.0321733
0 0.323531 0.838628 0.0425435 0.0405388
0 0.0553509 0.0780134 0.110574 0.14996
0 0.848501 0.417391 0.0336317 0.0326744
0 0.499876 0.257691 0.0519894 0.0494691
0 0.263275 0.440114 0.0962304 0.0950382
0 0.238013 0.315816 0.0378432 0.0373448
0 0.889934 0.149636 0.220024 0.233792
0 0.878699 0.489883 0.0335573 0.0318083
0 0.312527 0.0820552 0.0773228 0.0743814
0 0.14829 0.147548 0.103026 0.0996221
0 0.0810967 0.176998 0.0545423 0.0521018
0 0.714745 0.0885347 0.060146 0.0581351
0 0.0779427 0.923677 0.0343273 0.0325176
0 0.684506 0.633772 0.0855583 0.08253
0 0.241239 0.145891 0.0341048 0.0327613
0 0.502045 0.478276 0.0377355 0.0369166
0 0.77381 0.273938 0.11445 0.105784
0 0.888952 0.584268 0.0282028 0.0278792
0 0.41364 0.0579321 0.0352818 0.0343409
0 0.320536 0.732127 0.10598 0.100901
0 0.834642 0.642463 0.0269043 0.0265154
0 0.427335 0.714168 0.0480066 0.0467096
0 0.956126 0.98542 0.0396095 0.0290638
0 0.475359 0.128748 0.029813 0.0287202
0 0.132799 0.706244 0.0550472 0.0536085
0 0.741609 0.841058 0.0277685 0.0267254
0 0.521875 0.294802 0.0342504 0.0320344
0 0.771593 0.531027 0.0463441 0.0469812
0 0.589901 0.219459 0.0292383 0.0277321
0 0.980603 0.550698 0.0374779 0.0394464
0 0.0137924 0.226063 0.0275252 0.0299809
0 0.923041 0.279579 0.0581646 0.0547405
0 0.570428 0.150315 0.0286678 0.0284802
0 0.669476 0.20402 0.0386539 0.0369702
0 0.849089 0.0352066 0.228474 0.069931
0 0.547883 0.160939 0.026738 0.0256753
0 0.520004 0.98021 0.0618142 0.0391443
0 0.589865 0.362381 0.0288223 0.0283752
0 0.821276 0.378127 0.0295376 0.0274479
0 0.590426 0.502941 0.0303853 0.0293628
0 0.500459 0.638189 0.0300138 0.0280508
0 0.492117 0.519602 0.0418257 0.0405323
0 0.885831 0.0836634 0.0290192 0.029279
0 0.667277 0.0755483 0.0287954 0.0270449
0 0.548904 0.31232 0.0356144 0.0339633
0 0.655317 0.724212 0.0425762 0.0409128
0 0.583717 0.0315237 0.0664135 0.0616661
0 0.172846 0.206158 0.117749 0.110967
0 0.692455 0.0326064 0.0309252 0.0292737
0 0.655831 0.28278 0.0822906 0.0770779
0 0.956647 0.483997 0.0267971 0.0254351
0 0.935978 0.46113 0.0404484 0.0382187
0 0.739135 0.316977 0.114826 0.107638
