0 0.485766 0.394241 0.0726076 0.054679
0 0.298656 0.370103 0.113805 0.0797054
0 0.964291 0.110596 0.071419 0.0706509
0 0.137937 0.281097 0.0751582 0.0550451
0 0.901383 0.235767 0.0555542 0.0444015
0 0.453444 0.432267 0.0619318 0.0444063
0 0.856115 0.710642 0.0781746 0.055989
0 0.396486 0.536807 0.119763 0.0875861
0 0.749999 0.167285 0.0735333 0.0562758
0 0.593125 0.0715044 0.0820822 0.0545353
0 0.911222 0.0446688 0.0669001 0.0494457
0 0.846952 0.0390683 0.0669468 0.0488684
0 0.640076 0.164362 0.103029 0.0764199
0 0.919076 0.338515 0.105589 0.084402
0 0.782065 0.0459962 0.060178 0.04728
0 0.452344 0.61781 0.0552556 0.0393562
0 0.335598 0.229726 0.0683085 0.0515123
0 0.331668 0.742029 0.0466504 0.033803
0 0.525782 0.271172 0.0566471 0.0418174
0 0.0266778 0.355007 0.0533556 0.0597824
0 0.175053 0.14127 0.158485 0.117275
0 0.641544 0.525016 0.0542305 0.0403265
0 0.974479 0.0420002 0.0510426 0.0741496
0 0.547827 0.762879 0.0463551 0.0348665
0 0.797345 0.132408 0.0693813 0.0525224
0 0.577194 0.717646 0.104659 0.07262
0 0.953334 0.227523 0.0516548 0.0397358
0 0.690234 0.540026 0.053598 0.0368238
0 0.808592 0.880943 0.101767 0.077557
0 0.0235733 0.716243 0.0471467 0.0417151
0 0.0953821 0.36956 0.0908028 0.0676339
0 0.861846 0.913998 0.0479858 0.0377882
0 0.72936 0.969893 0.1448 0.0602148
0 0.903159 0.931412 0.055267 0.0427298
0 0.938395 0.917952 0.108974 0.0742008
0 0.681242 0.0343322 0.0696684 0.0553083
0 0.31173 0.877021 0.0540463 0.038764
0 0.238495 0.256249 0.105072 0.0783205
0 0.779427 0.625745 0.0879496 0.0657766
0 0.821548 0.183805 0.0626861 0.0477508
0 0.787693 0.320944 0.113001 0.0852552
0 0.901674 0.670821 0.0553118 0.037908
0 0.273938 0.508 0.0442941 0.0339333
0 0.127095 0.769462 0.0571259 0.0378202
0 0.871063 0.835603 0.0937836 0.0690208
0 0.399688 0.479496 0.0999939 0.077171
0 0.0494744 0.121094 0.0985354 0.0872017
0 0.739162 0.510732 0.0701044 0.0512993
0 0.366496 0.693237 0.0645768 0.0467257
0 0.784983 0.249291 0.0927322 0.0703782
0 0.947926 0.982338 0.0540579 0.0343719
0 0.09427 0.98234 0.0690362 0.0342228
0 0.156792 0.881392 0.0915068 0.0675526
0 0.959032 0.74461 0.04324 0.0296068
0 0.704281 0.74872 0.0580566 0.044593
0 0.330268 0.31357 0.0752194 0.0554995
0 0.315714 0.674077 0.043649 0.0309668
0 0.137553 0.931107 0.0672665 0.0469685
0 0.515547 0.784192 0.0491881 0.0340282
0 0.605868 0.0326639 0.0636279 0.0512529
0 0.268403 0.298112 0.0720055 0.0534987
0 0.301613 0.474228 0.0477674 0.0355952
0 0.513212 0.628154 0.0614017 0.043112
0 0.257772 0.47362 0.0370247 0.0290133
0 0.518249 0.0877604 0.0667614 0.0487211
0 0.594083 0.241086 0.0890635 0.0655981
0 0.731548 0.778157 0.0682194 0.0461745
0 0.187402 0.225624 0.0846811 0.0619559
0 0.80335 0.0817453 0.0649588 0.0475318
0 0.00964145 0.803491 0.0192829 0.0448864
0 0.306612 0.27334 0.0441036 0.0315315
0 0.379851 0.428256 0.0742973 0.0551509
0 0.980284 0.434073 0.039148 0.050349
0 0.36878 0.902233 0.0899416 0.0640938
0 0.638678 0.486937 0.0407119 0.0298767
0 0.236655 0.494744 0.0368645 0.0277088
0 0.821592 0.436234 0.0472914 0.035776
0 0.423089 0.204346 0.0502203 0.0381289
0 0.475407 0.232375 0.0556669 0.0432438
0 0.260917 0.962792 0.0548843 0.0409351
0 0.015627 0.504934 0.031254 0.0819576
0 0.20333 0.785678 0.0964811 0.062338
0 0.793011 0.766815 0.0598359 0.0489313
0 0.553166 0.848385 0.0774641 0.0511223
0 0.562947 0.170052 0.0669854 0.0531958
0 0.144846 0.0718052 0.128462 0.0975844
0 0.483227 0.670144 0.123006 0.0824053
0 0.253327 0.0634229 0.0761403 0.0534618
0 0.428331 0.969641 0.332244 0.0607189
0 0.597201 0.122382 0.0693525 0.0545811
0 0.737081 0.0129335 0.0434647 0.0258669
0 0.143151 0.860314 0.0565552 0.0425768
0 0.797427 0.701892 0.0364357 0.0278639
0 0.0169342 0.754778 0.0336872 0.0285584
0 0.366527 0.965596 0.170963 0.0688074
0 0.28081 0.665869 0.0374605 0.0295341
0 0.0822702 0.816092 0.118103 0.0789486
0 0.029137 0.289729 0.0582741 0.0595616
0 0.763526 0.271039 0.135528 0.0995409
0 0.548954 0.407599 0.0644737 0.0513415
0 0.509205 0.348646 0.0490158 0.0355819
0 0.308501 0.50662 0.0944963 0.07444
0 0.433687 0.574276 0.0609196 0.0450888
0 0.846282 0.507685 0.0485849 0.0375267
0 0.922103 0.374039 0.0530588 0.0365124
