0 0.901312 0.816699 0.150187 0.138755
0 0.752215 0.463266 0.153946 0.141795
0 0.615845 0.713091 0.0683986 0.0629684
0 0.961118 0.435433 0.0466436 0.0438742
0 0.116884 0.797307 0.063342 0.0602985
0 0.290966 0.874254 0.0359448 0.0318125
0 0.502858 0.516421 0.0363922 0.0344837
0 0.617456 0.98474 0.0384645 0.0305204
0 0.587137 0.669751 0.0434687 0.0384536
0 0.170723 0.547464 0.0425791 0.0395567
0 0.0491437 0.473218 0.028483 0.0278969
0 0.456719 0.60485 0.034561 0.0323118
0 0.167085 0.592863 0.0377123 0.036186
0 0.531603 0.173653 0.0336 0.0310314
0 0.695309 0.633301 0.0371645 0.0328794
0 0.868198 0.0451542 0.0573904 0.0508436
0 0.208604 0.806991 0.0383119 0.0369818
0 0.852219 0.191616 0.03078 0.0288619
0 0.141684 0.929796 0.0295353 0.0277428
0 0.27991 0.469904 0.0369905 0.0337982
0 0.0331104 0.988471 0.0362734 0.0230577
0 0.937996 0.458702 0.0313644 0.0280087
0 0.238683 0.266267 0.0358065 0.0344167
0 0.188939 0.837239 0.0370783 0.0333904
0 0.342366 0.129752 0.0293792 0.0280249
0 0.916368 0.187469 0.0334919 0.0303628
0 0.0852865 0.539161 0.0277838 0.026405
0 0.391093 0.344536 0.0303671 0.0279731
0 0.609601 0.442274 0.0277283 0.0255113
0 0.130069 0.380883 0.0265389 0.0250753
0 0.111895 0.938115 0.029564 0.0275909
0 0.473423 0.14329 0.0303538 0.0297629
0 0.0559096 0.903335 0.0357788 0.0337078
0 0.122869 0.674397 0.0429369 0.0383509
0 0.0404292 0.679355 0.0445287 0.0420242
0 0.433215 0.752667 0.0276475 0.0249929
0 0.521454 0.551033 0.0260304 0.0236572
0 0.0552921 0.69071 0.0285351 0.0285864
0 0.804669 0.262945 0.0345369 0.032873
0 0.214116 0.15575 0.0245806 0.0237258
0 0.642173 0.545567 0.0281441 0.0261365
0 0.492945 0.968091 0.0260778 0.0230659
0 0.0572214 0.989806 0.023013 0.019096
0 0.3361 0.992324 0.0352263 0.0153526
0 0.757491 0.949506 0.0263165 0.0240059
0 0.723874 0.0954269 0.0259281 0.0247353
0 0.848538 0.0987104 0.0510818 0.0478002
