0 0.452843 0.237891 0.102861 0.0867809
0 0.180276 0.375531 0.112126 0.0957271
0 0.249897 0.860532 0.070327 0.0587872
0 0.578318 0.398593 0.0585291 0.0487806
0 0.918393 0.648379 0.0623732 0.0511817
0 0.378334 0.417058 0.0459917 0.0373421
0 0.17445 0.592146 0.0426271 0.0356874
0 0.699643 0.609491 0.0972559 0.0806397
0 0.37568 0.585466 0.0749877 0.0615719
0 0.390308 0.346422 0.0707192 0.0600556
0 0.486917 0.353393 0.0877265 0.0732827
0 0.17202 0.906076 0.0615525 0.051441
0 0.511339 0.495783 0.077129 0.0646673
0 0.190254 0.224809 0.0632688 0.0515708
0 0.585617 0.289025 0.0544813 0.0465006
0 0.169657 0.972424 0.10102 0.0549324
0 0.571181 0.0144197 0.0533898 0.0288393
0 0.974932 0.788783 0.0501369 0.0522179
0 0.641306 0.960906 0.125055 0.0779411
0 0.86495 0.248822 0.0741722 0.0596427
0 0.96831 0.397866 0.0633793 0.0585977
0 0.534413 0.628478 0.0716015 0.0600882
0 0.863329 0.464997 0.133952 0.101862
0 0.5296 0.543726 0.0352278 0.0291994
0 0.323814 0.700659 0.0348385 0.0287457
0 0.139451 0.313013 0.0357557 0.030141
0 0.244551 0.961829 0.0558022 0.0462051
0 0.333567 0.164854 0.0739172 0.0648836
0 0.285518 0.987017 0.0310977 0.0247604
0 0.74955 0.587108 0.033365 0.0267227
0 0.849633 0.713528 0.0357159 0.0288643
0 0.928928 0.320483 0.0725494 0.0615837
0 0.923359 0.347243 0.0360569 0.0311462
0 0.869617 0.327252 0.0566553 0.0467935
0 0.421822 0.965487 0.06352 0.0538086
0 0.244937 0.477651 0.0369915 0.0317562
0 0.648532 0.25339 0.0395496 0.033894
0 0.331114 0.626448 0.0314944 0.0271917
0 0.943084 0.744633 0.0419464 0.0343943
0 0.656025 0.665444 0.0758122 0.0644706
0 0.12167 0.26831 0.0346509 0.0295167
0 0.0175683 0.370691 0.0349021 0.0813197
0 0.0774207 0.228328 0.0413999 0.0319284
0 0.86676 0.28094 0.0392113 0.0326085
0 0.154994 0.448127 0.0837524 0.0657475
0 0.483174 0.30248 0.0902389 0.0749842
0 0.25376 0.74915 0.0775846 0.0650587
0 0.238706 0.10795 0.154418 0.132753
0 0.352504 0.483883 0.0421543 0.0358442
0 0.702558 0.709411 0.0554167 0.0445929
0 0.920563 0.530049 0.0733963 0.057489
0 0.30447 0.121427 0.0385709 0.0316815
0 0.00672284 0.151853 0.0132373 0.0694989
0 0.494238 0.52572 0.042598 0.033746
0 0.665516 0.435088 0.0372426 0.0305223
0 0.250277 0.411109 0.0507075 0.0424086
0 0.979045 0.46959 0.0407753 0.0373746
0 0.49822 0.41521 0.0329475 0.0281622
0 0.635042 0.704079 0.0758291 0.0635747
0 0.7403 0.857446 0.519399 0.284204
0 0.068571 0.0271437 0.0539734 0.0481517
0 0.450407 0.42771 0.0638281 0.0554202
0 0.99267 0.982102 0.014547 0.0357957
0 0.928641 0.77765 0.0488707 0.0398155
0 0.3863 0.700564 0.0288164 0.025164
0 0.634148 0.188512 0.0924816 0.0745753
