0 0.143924 0.422997 0.266217 0.264593
0 0.300981 0.110144 0.149332 0.142415
0 0.782901 0.191511 0.0662128 0.0629641
0 0.378511 0.657118 0.0656419 0.0645653
0 0.163666 0.0529728 0.0649357 0.0626964
0 0.319132 0.586406 0.0548662 0.052243
0 0.105346 0.696111 0.0583522 0.0569538
0 0.611436 0.152375 0.254301 0.239682
0 0.625291 0.820802 0.062876 0.0606356
0 0.362626 0.241995 0.0565267 0.0535324
0 0.104307 0.747339 0.0481491 0.0469516
0 0.365249 0.84993 0.0354095 0.0335838
0 0.206831 0.0113929 0.0539259 0.0227858
0 0.866043 0.396653 0.0525093 0.0518694
0 0.709639 0.495846 0.0381665 0.0371112
0 0.905563 0.45971 0.0338264 0.0320921
0 0.512393 0.81569 0.0430663 0.0421057
0 0.357359 0.417132 0.0313965 0.0297922
0 0.907819 0.550762 0.0440712 0.0421915
0 0.373582 0.91822 0.0687368 0.0681044
0 0.625122 0.602673 0.0315938 0.0303633
0 0.975326 0.117119 0.0414866 0.0371104
0 0.223033 0.290281 0.0475041 0.0465996
0 0.863332 0.549614 0.0364471 0.0347335
0 0.706257 0.526383 0.0320528 0.0301353
0 0.0728676 0.850024 0.0380511 0.0380772
0 0.50515 0.560604 0.145984 0.138442
0 0.161404 0.243371 0.0439033 0.0424394
0 0.322229 0.3677 0.0511577 0.0490479
0 0.423703 0.538288 0.0357416 0.0359394
0 0.411135 0.93668 0.0784982 0.075806
0 0.0518693 0.236986 0.053534 0.0503947
0 0.0233278 0.633764 0.0361942 0.0363377
0 0.975283 0.321755 0.0289955 0.0285647
0 0.742838 0.126603 0.0329857 0.0307712
0 0.80671 0.730521 0.0426643 0.0411225
0 0.143087 0.762488 0.0282568 0.0270643
0 0.6115 0.0132862 0.0653093 0.0263806
0 0.988911 0.901925 0.0221218 0.0330593
0 0.643136 0.579952 0.029892 0.02902
0 0.975643 0.787004 0.0351168 0.0334316
0 0.127787 0.190427 0.0296663 0.0286808
0 0.443185 0.481511 0.0272349 0.0266594
0 0.500814 0.724356 0.0364086 0.0352749
0 0.793234 0.360852 0.0335281 0.0316381
0 0.701319 0.0233283 0.0672913 0.0466565
0 0.311396 0.489485 0.0271065 0.0266645
0 0.296184 0.675918 0.0344441 0.0332037
0 0.911354 0.250196 0.105741 0.0983857
0 0.322449 0.211191 0.0378329 0.0363157
0 0.801738 0.573231 0.0399769 0.0386013
0 0.980704 0.0177525 0.037785 0.0355051
0 0.0740531 0.798966 0.0403068 0.0392962
0 0.176439 0.167937 0.0280991 0.0279248
0 0.164824 0.991691 0.027415 0.0165701
0 0.708129 0.420429 0.187637 0.17497
0 0.963964 0.654517 0.0289845 0.0278233
0 0.164447 0.958188 0.0384652 0.0386196
0 0.805855 0.082343 0.184549 0.164686
0 0.839654 0.254654 0.0300863 0.0292685
0 0.525337 0.623873 0.11897 0.11282
0 0.957045 0.591052 0.0306194 0.0282682
0 0.748546 0.544877 0.0283605 0.0267124
0 0.849563 0.196901 0.0371012 0.0374671
0 0.808936 0.381422 0.0296586 0.0286126
0 0.223077 0.63847 0.0307759 0.029418
0 0.234669 0.903118 0.0278974 0.027327
0 0.235005 0.586427 0.0627398 0.0613694
0 0.0638143 0.207703 0.045805 0.0449881
0 0.986064 0.288489 0.0278095 0.0599274
0 0.59523 0.714587 0.0288046 0.0273687
0 0.712681 0.281344 0.226471 0.225465
0 0.883775 0.660194 0.0635048 0.0631884
0 0.626965 0.792149 0.0292301 0.0292963
0 0.0816427 0.901078 0.16073 0.196513
0 0.0139234 0.0467621 0.0278468 0.0802955
0 0.526842 0.890875 0.0320693 0.0313416
0 0.972062 0.519462 0.0290009 0.0275114
0 0.0535896 0.641416 0.107106 0.180109
0 0.820829 0.528391 0.0265572 0.0255576
0 0.517234 0.0183213 0.0409357 0.0361491
0 0.116674 0.661001 0.0273464 0.0269451
0 0.218988 0.217609 0.0380558 0.0366113
0 0.0246035 0.866838 0.0297371 0.0308784
0 0.835039 0.337482 0.0269032 0.0257206
0 0.458366 0.725457 0.0369528 0.0360441
0 0.0345202 0.69744 0.0690405 0.0804293
0 0.412657 0.464424 0.0283324 0.0286684
0 0.91279 0.398437 0.0255823 0.0241686
0 0.730549 0.400243 0.030612 0.0282478
0 0.563933 0.661259 0.0231902 0.0225996
0 0.989122 0.539399 0.0215796 0.0235713
0 0.826401 0.911564 0.0239861 0.0238174
0 0.0252717 0.584952 0.0307418 0.0278805
0 0.44827 0.136559 0.0627425 0.0600657
0 0.00776892 0.829962 0.0155378 0.0407484
0 0.536634 0.305008 0.0631104 0.0548801
0 0.300895 0.811158 0.0244082 0.023756
