0 0.693474 0.501322 0.141031 0.127795
0 0.176812 0.273064 0.181141 0.166944
0 0.714343 0.650381 0.0530176 0.0479376
0 0.646836 0.217193 0.0421718 0.0390008
0 0.930354 0.337352 0.0549995 0.0506649
0 0.760658 0.240158 0.0444522 0.042264
0 0.83106 0.316901 0.0929657 0.0817775
0 0.361531 0.42399 0.0343308 0.0317826
0 0.0191185 0.491593 0.038237 0.103844
0 0.436812 0.527822 0.0515985 0.0476746
0 0.731862 0.888107 0.0340824 0.0286098
0 0.427098 0.428867 0.0596568 0.0534241
0 0.477135 0.421261 0.0345755 0.032057
0 0.861218 0.0271902 0.0552021 0.0515161
0 0.985167 0.433567 0.0296661 0.0319853
0 0.0455676 0.753497 0.0911352 0.264759
0 0.0352617 0.219815 0.0638797 0.0593004
0 0.755644 0.270645 0.109432 0.10155
0 0.795677 0.0131722 0.0315434 0.026073
0 0.560742 0.336834 0.124277 0.119932
0 0.698433 0.158313 0.0616334 0.0526848
0 0.211013 0.220745 0.0692892 0.064437
0 0.263562 0.108959 0.521357 0.217263
0 0.269813 0.117947 0.0312057 0.0288858
0 0.678201 0.0236798 0.0946915 0.0468601
0 0.253951 0.621956 0.507901 0.464344
0 0.707984 0.0128315 0.0332716 0.025663
0 0.483506 0.365068 0.0269402 0.0259012
0 0.651715 0.846734 0.0375843 0.0351128
0 0.676718 0.0485329 0.0516328 0.0470919
0 0.939769 0.615512 0.0277649 0.025271
0 0.636255 0.959849 0.109056 0.0799053
0 0.413244 0.461749 0.0307076 0.0286514
