0 0.770229 0.613818 0.0531794 0.0520817
0 0.252113 0.43426 0.0496658 0.0487719
0 0.792818 0.726959 0.0422091 0.0414146
0 0.833306 0.337075 0.0353138 0.034206
0 0.277366 0.794935 0.0342276 0.0331308
0 0.699266 0.668486 0.0436171 0.0437417
0 0.81707 0.669661 0.0435619 0.0425774
0 0.822 0.779863 0.0374725 0.0364
0 0.949138 0.55094 0.0352142 0.0352476
0 0.927947 0.389735 0.0395529 0.0380982
0 0.772345 0.952009 0.0436865 0.0424572
0 0.0252446 0.198255 0.0409201 0.0403411
0 0.806528 0.4626 0.0312645 0.029319
0 0.589777 0.971913 0.0385818 0.0367496
0 0.425983 0.252866 0.0301584 0.029479
0 0.14552 0.318215 0.113633 0.114415
0 0.233057 0.394117 0.0411207 0.0401608
0 0.837763 0.708459 0.0424164 0.0407177
0 0.875976 0.771776 0.029483 0.0286203
0 0.40949 0.949899 0.14719 0.0995621
0 0.902207 0.672192 0.0269913 0.0275298
0 0.743674 0.806165 0.0270536 0.0275366
0 0.416878 0.337009 0.0498626 0.0483308
0 0.313807 0.625984 0.0880169 0.0858408
0 0.659806 0.444681 0.115815 0.114394
0 0.696023 0.493545 0.0966138 0.090786
0 0.447113 0.698133 0.0336105 0.0314724
0 0.925865 0.988654 0.0397915 0.0225967
0 0.938529 0.817127 0.0700363 0.0687893
0 0.489337 0.588325 0.0751031 0.0745194
0 0.909256 0.734846 0.0265104 0.0260408
0 0.526957 0.550558 0.0390003 0.0383342
0 0.866957 0.729739 0.0265596 0.026651
0 0.873575 0.274694 0.201006 0.192481
0 0.805153 0.553621 0.0357977 0.0349222
0 0.111747 0.798025 0.0391572 0.0375345
0 0.966321 0.489285 0.0671913 0.0924905
0 0.907097 0.6312 0.0268913 0.0255903
0 0.330513 0.0861187 0.029898 0.0286184
0 0.856921 0.0761867 0.210409 0.152373
0 0.608976 0.891717 0.0280481 0.0285072
0 0.0467253 0.146014 0.0878981 0.0846556
