0 0.646041 0.859536 0.125477 0.122833
0 0.397563 0.102594 0.103897 0.100254
0 0.0876143 0.511045 0.0310172 0.0295303
0 0.573081 0.453063 0.058803 0.0560306
0 0.411714 0.281076 0.0306007 0.0320778
0 0.622319 0.766853 0.0594358 0.0572904
0 0.399542 0.515369 0.0283131 0.0279122
0 0.521104 0.507034 0.0433862 0.0402779
0 0.611594 0.533869 0.0439219 0.0418102
0 0.584075 0.569509 0.0474998 0.0458649
0 0.602822 0.79928 0.031446 0.0295687
0 0.676248 0.710201 0.0350483 0.0338406
0 0.374649 0.460849 0.0488565 0.0461406
0 0.296179 0.492908 0.0388025 0.0388614
0 0.558383 0.525876 0.0532087 0.0522186
