0 0.895573 0.650244 0.110746 0.103337
0 0.339993 0.845735 0.329636 0.307759
0 0.122628 0.839642 0.119914 0.116257
0 0.331038 0.0927735 0.0558746 0.0541287
0 0.822203 0.732125 0.0490149 0.0456041
0 0.0857918 0.284469 0.171584 0.250284
0 0.637278 0.0773906 0.0394688 0.0379807
0 0.0474388 0.0355901 0.0381022 0.0363509
0 0.583013 0.217039 0.0450882 0.0437934
0 0.581404 0.0942116 0.037156 0.0351326
0 0.053771 0.726717 0.0307893 0.0295276
0 0.748718 0.273019 0.0501134 0.0460787
0 0.793734 0.219973 0.133251 0.129333
0 0.0076821 0.557342 0.0153546 0.0401683
0 0.550827 0.85612 0.027415 0.0248074
0 0.786862 0.348977 0.0290607 0.0260249
0 0.5063 0.563012 0.0745003 0.0710101
0 0.274056 0.0393771 0.156725 0.0786113
0 0.033588 0.862997 0.067176 0.0708982
0 0.125368 0.135219 0.0382694 0.037158
