0 0.515007 0.850491 0.1061 0.103826
0 0.475986 0.666471 0.043812 0.0422678
0 0.274689 0.609351 0.0528083 0.0490659
0 0.0407873 0.256916 0.0401552 0.0384635
0 0.156668 0.702725 0.04623 0.0444958
0 0.0192118 0.417589 0.0384237 0.0439301
0 0.789227 0.671131 0.0363242 0.0347067
0 0.0332067 0.753315 0.0321156 0.0309734
0 0.265031 0.946197 0.0335216 0.0322403
0 0.762011 0.908151 0.055694 0.0547184
0 0.915798 0.111006 0.0323456 0.0318779
0 0.882115 0.698248 0.0345051 0.0322409
0 0.816069 0.63694 0.0321095 0.0305695
0 0.535678 0.74476 0.0534208 0.0522871
0 0.107138 0.5662 0.0325814 0.0320914
0 0.0486499 0.45315 0.0527504 0.0516854
0 0.88063 0.612464 0.0327095 0.0316975
0 0.0174758 0.891911 0.0274508 0.026379
0 0.0520146 0.411686 0.0342462 0.0323223
0 0.193922 0.0418364 0.0258249 0.0240171
0 0.703911 0.96299 0.0287024 0.0281311
0 0.523236 0.690494 0.0622655 0.0592045
0 0.435749 0.868233 0.0717711 0.0746506
0 0.38559 0.916354 0.0504441 0.0472088
0 0.725113 0.808846 0.0418742 0.0405148
0 0.0893468 0.476111 0.0315775 0.0304654
0 0.870906 0.764875 0.0277752 0.0273955
0 0.6804 0.827901 0.0409847 0.0409992
0 0.846464 0.0210977 0.0744482 0.0421717
0 0.798327 0.976115 0.04884 0.0454872
0 0.89793 0.75035 0.0316055 0.0302084
0 0.0438236 0.118764 0.0278956 0.0263908
0 0.511756 0.788492 0.064328 0.0646565
0 0.749703 0.948603 0.0303047 0.0290234
0 0.0440125 0.0701686 0.0248842 0.0231983
