0 0.760752 0.277076 0.103975 0.100155
0 0.690866 0.563805 0.0519413 0.0503704
0 0.181369 0.413448 0.039512 0.0382387
0 0.971336 0.499979 0.0394691 0.0385145
0 0.427702 0.336629 0.0386729 0.0374813
0 0.960796 0.380008 0.0548632 0.0534241
0 0.20314 0.776163 0.0297327 0.0295219
0 0.459908 0.398647 0.0307554 0.0294416
0 0.599206 0.0677592 0.0261555 0.0258006
0 0.977879 0.688098 0.0370956 0.0350033
0 0.218666 0.926268 0.0684762 0.0653923
0 0.0640106 0.559573 0.0299516 0.029318
0 0.0394866 0.577103 0.0292575 0.028104
0 0.599444 0.66443 0.0289129 0.0260077
0 0.904532 0.0381769 0.0738194 0.0695778
0 0.535055 0.430143 0.0327992 0.0322568
0 0.869666 0.333694 0.0292185 0.0266676
