0 0.245491 0.96121 0.120169 0.0775803
0 0.48064 0.40681 0.151768 0.119894
0 0.879352 0.657404 0.0512939 0.0399242
0 0.695773 0.336623 0.152648 0.122462
0 0.983882 0.673007 0.0320042 0.0311481
0 0.19455 0.385953 0.0357082 0.0294272
0 0.541366 0.523021 0.0582253 0.0460399
0 0.740695 0.441995 0.0500106 0.039481
0 0.840661 0.418417 0.115554 0.0983233
0 0.848121 0.592732 0.035763 0.0293794
0 0.184686 0.414523 0.033178 0.0278141
0 0.844501 0.2383 0.0457245 0.0350322
0 0.350433 0.549763 0.0364065 0.0292667
0 0.965944 0.0619684 0.0680103 0.103802
0 0.268668 0.232145 0.0342076 0.027114
0 0.770996 0.493761 0.0867296 0.0708462
0 0.549201 0.912678 0.0305016 0.025239
0 0.916183 0.796634 0.163248 0.158971
0 0.790086 0.827811 0.121803 0.095974
0 0.30667 0.162058 0.0319294 0.0251397
0 0.592544 0.298545 0.0754245 0.060845
0 0.664011 0.876444 0.116207 0.0926315
0 0.250008 0.0417436 0.029589 0.0240836
0 0.137988 0.257808 0.03894 0.0302441
