0 0.628914 0.766176 0.0942234 0.0730335
0 0.185375 0.442659 0.0721945 0.0576695
0 0.297332 0.92378 0.0489223 0.0360989
0 0.324097 0.773853 0.0453819 0.0350699
0 0.193175 0.195527 0.0415918 0.0309547
0 0.249693 0.989254 0.0429195 0.021493
0 0.181165 0.555824 0.045224 0.0351123
0 0.799713 0.435193 0.0382307 0.0286892
0 0.265831 0.763999 0.0431987 0.0322005
0 0.48542 0.837723 0.0390535 0.0306568
0 0.350358 0.81035 0.0388645 0.0274677
0 0.298764 0.854123 0.0371397 0.0282183
0 0.529097 0.638964 0.0363249 0.0276232
0 0.168419 0.592806 0.0382134 0.0314911
0 0.443659 0.934096 0.0343134 0.0267567
0 0.221924 0.66299 0.0444135 0.0327343
0 0.294699 0.678874 0.0327238 0.0254478
0 0.195657 0.651588 0.0314728 0.0265355
0 0.747953 0.34593 0.0415354 0.0337025
0 0.669699 0.674616 0.0351196 0.0278288
0 0.798351 0.394507 0.0346081 0.027765
0 0.53626 0.77904 0.0332759 0.025474
0 0.97927 0.10986 0.0346592 0.0280467
0 0.511764 0.0261476 0.0357165 0.0263235
