0 0.26645 0.840468 0.333031 0.317152
0 0.745711 0.282933 0.0405497 0.0389427
0 0.026873 0.655408 0.0450896 0.0445922
0 0.432039 0.661451 0.0356833 0.0334431
0 0.767558 0.810359 0.0480726 0.042466
0 0.425742 0.106734 0.0309998 0.0293338
0 0.949977 0.140367 0.046888 0.0446785
0 0.404794 0.0697716 0.0280525 0.0260346
0 0.945253 0.471733 0.0527344 0.0481791
0 0.764621 0.317937 0.0392609 0.0379112
0 0.611008 0.0169434 0.047254 0.0337515
0 0.430412 0.0406865 0.0252911 0.0248914
0 0.218786 0.0565767 0.0293775 0.0275371
0 0.257063 0.178781 0.0338346 0.0325175
0 0.509355 0.745792 0.028834 0.0266825
0 0.528223 0.012579 0.0297949 0.0251267
0 0.322788 0.707699 0.0421628 0.0374683
0 0.744074 0.124169 0.0342824 0.032144
0 0.396824 0.0110752 0.0265934 0.0215278
0 0.136107 0.00953859 0.0374837 0.0189918
0 0.0955953 0.671195 0.0274275 0.0274207
0 0.632742 0.0337611 0.0265732 0.0246275
0 0.224558 0.216402 0.0330815 0.0333348
0 0.175654 0.228727 0.032943 0.0323268
0 0.371332 0.694901 0.0260172 0.0247448
0 0.0677491 0.756274 0.135498 0.165174
