0 0.522584 0.893845 0.0424546 0.0403128
0 0.361714 0.268839 0.0775645 0.0777543
0 0.504934 0.0250092 0.0631981 0.0500185
0 0.165732 0.656637 0.0386009 0.0373892
0 0.981574 0.759328 0.0361273 0.0365265
0 0.444002 0.851708 0.0331869 0.0309652
0 0.130977 0.776073 0.0314747 0.0300729
0 0.381786 0.0927512 0.130909 0.130334
0 0.0150375 0.296338 0.0297349 0.0319777
0 0.27077 0.251687 0.031903 0.0296643
0 0.840177 0.237217 0.0590942 0.0589586
0 0.486911 0.408294 0.0741861 0.072869
0 0.405847 0.21362 0.166368 0.156603
0 0.586074 0.369707 0.0283779 0.0287063
0 0.329148 0.713898 0.0297541 0.0276278
0 0.0748452 0.900294 0.0286406 0.0272966
0 0.376512 0.39565 0.0341627 0.033935
0 0.305758 0.972224 0.0288819 0.0265823
0 0.0419935 0.923519 0.0396724 0.0368378
0 0.254548 0.126888 0.0762442 0.0732
0 0.837807 0.169334 0.06096 0.0588549
0 0.37176 0.632598 0.0296289 0.0280266
0 0.278275 0.500217 0.0602446 0.0577934
0 0.315711 0.795948 0.0957453 0.0903368
0 0.22586 0.765065 0.0296645 0.0273556
0 0.439823 0.270784 0.0795773 0.0739843
0 0.737558 0.507891 0.0722835 0.0718561
0 0.270201 0.0650279 0.0397812 0.0365732
0 0.051026 0.768991 0.099716 0.0988722
0 0.32345 0.456204 0.045856 0.0433386
0 0.847474 0.284769 0.0641291 0.0617382
0 0.223173 0.908699 0.033303 0.0316534
0 0.551272 0.0176744 0.0310056 0.031023
0 0.449179 0.345088 0.0725821 0.0668715
0 0.416235 0.508269 0.04836 0.0483658
0 0.718786 0.476363 0.0602596 0.0589307
0 0.555632 0.525878 0.0741682 0.0726316
0 0.231385 0.924384 0.0381689 0.0372538
0 0.0602149 0.132002 0.0468332 0.0436237
0 0.476364 0.342583 0.116845 0.114338
0 0.643149 0.323744 0.0276723 0.0260164
