0 0.495438 0.121562 0.196575 0.163924
0 0.904394 0.861885 0.182755 0.164378
0 0.688739 0.881753 0.0882144 0.0790012
0 0.260064 0.244678 0.0856018 0.0736023
0 0.304551 0.420921 0.103052 0.086449
0 0.622163 0.351198 0.0844757 0.0669776
0 0.471284 0.475671 0.0762606 0.0616803
0 0.882453 0.252897 0.0616003 0.0488215
0 0.503306 0.369923 0.0896002 0.0722393
0 0.158706 0.509703 0.13535 0.113987
0 0.0323153 0.640004 0.0475487 0.0411355
0 0.341882 0.977524 0.0737641 0.0449514
0 0.676476 0.75614 0.149729 0.120501
0 0.0320352 0.782791 0.0640703 0.0671289
0 0.0807795 0.557665 0.0476728 0.0410875
0 0.93933 0.226929 0.0886307 0.0713324
0 0.329738 0.472788 0.034403 0.0288532
0 0.760347 0.214869 0.0421092 0.033427
0 0.649671 0.0485038 0.0408651 0.032689
0 0.0292298 0.103524 0.0388054 0.032466
0 0.890453 0.621139 0.0366478 0.0300877
0 0.743061 0.132169 0.0476572 0.0386517
0 0.837641 0.382387 0.0435682 0.0341989
0 0.922447 0.340604 0.0611629 0.0458065
0 0.557923 0.684988 0.0988665 0.0819448
0 0.953329 0.650101 0.0666779 0.0518669
0 0.553311 0.777603 0.0921228 0.0799688
0 0.368598 0.598707 0.0414419 0.0357181
0 0.0138214 0.0770044 0.0276427 0.0335577
0 0.741609 0.26247 0.0347084 0.0279565
0 0.96193 0.430769 0.0402695 0.0314156
0 0.304924 0.782979 0.496842 0.426354
0 0.882142 0.594681 0.031245 0.0262968
0 0.407215 0.621478 0.0646501 0.0515812
0 0.864356 0.138988 0.0656868 0.0569495
0 0.718773 0.443907 0.032091 0.0265553
0 0.181007 0.964038 0.0314707 0.0266142
0 0.110595 0.467092 0.120533 0.106081
0 0.426335 0.948886 0.0624636 0.0509804
0 0.298876 0.117732 0.0656282 0.0519362
0 0.744242 0.183002 0.047275 0.0395617
0 0.602396 0.793369 0.0422279 0.0366238
0 0.318973 0.0585835 0.0370914 0.0305677
0 0.531306 0.8768 0.0527742 0.0474018
0 0.496587 0.653791 0.0498024 0.0422444
0 0.419631 0.587851 0.0270926 0.022426
0 0.483514 0.414978 0.0486792 0.038985
0 0.0342133 0.429863 0.0278021 0.0248251
0 0.781045 0.798616 0.0428801 0.0377419
0 0.930281 0.364786 0.0460148 0.0346053
0 0.733403 0.0166351 0.0524515 0.0332479
0 0.0768624 0.0444929 0.0637467 0.05681
0 0.768655 0.70795 0.10202 0.0855424
0 0.0161649 0.542133 0.0317429 0.0341179
0 0.988407 0.800715 0.0231855 0.0553997
