0 0.205136 0.58356 0.0928927 0.0922773
0 0.981686 0.22765 0.0322899 0.0329054
0 0.404245 0.560507 0.0333178 0.0321539
0 0.545505 0.300121 0.0446249 0.044274
0 0.153365 0.949052 0.0346287 0.0326996
0 0.944958 0.805429 0.0292919 0.0275833
0 0.405028 0.0142145 0.0371546 0.0280884
0 0.937004 0.908653 0.0704811 0.0686867
0 0.930478 0.204521 0.0282364 0.0269886
0 0.77021 0.949364 0.0955263 0.0934532
0 0.266899 0.965393 0.0555756 0.0544029
0 0.355978 0.988972 0.0318775 0.0220097
0 0.00858215 0.633644 0.0170192 0.0419161
0 0.253768 0.543268 0.0366333 0.0355916
0 0.493771 0.446613 0.0276067 0.0273335
0 0.113238 0.521082 0.0347877 0.0354101
0 0.286482 0.0365438 0.0378373 0.0370514
0 0.940501 0.225636 0.0257004 0.0252654
0 0.9323 0.774982 0.057506 0.0553535
0 0.256496 0.500947 0.0331378 0.0314289
0 0.465538 0.00997184 0.0398985 0.0199437
0 0.450588 0.0687818 0.0306307 0.030411
0 0.680666 0.776808 0.095471 0.0914479
0 0.223189 0.229826 0.0472955 0.0471585
0 0.096086 0.238275 0.0282776 0.0284296
0 0.687939 0.565217 0.0542604 0.0522766
0 0.0452927 0.0593403 0.0252545 0.0254994
0 0.952286 0.628514 0.0301849 0.0295012
