0 0.47449 0.430654 0.161208 0.123964
0 0.54839 0.51243 0.0453119 0.0352401
0 0.284973 0.930685 0.0750003 0.0555008
0 0.238011 0.0214404 0.0671019 0.0420249
0 0.498816 0.0135565 0.038068 0.0271041
0 0.35215 0.209558 0.0660777 0.0484599
0 0.878137 0.337294 0.0615755 0.0446176
0 0.33744 0.714948 0.0916876 0.0665804
0 0.810271 0.393041 0.081879 0.0657336
0 0.537715 0.796683 0.0424633 0.0296022
0 0.488326 0.106421 0.0368887 0.0269909
0 0.750047 0.397066 0.0604855 0.0489446
0 0.0585181 0.528412 0.0387017 0.0285196
0 0.874125 0.284171 0.155446 0.124324
0 0.881203 0.405646 0.107965 0.0909554
0 0.462411 0.238301 0.0761078 0.0557061
0 0.959612 0.563515 0.0342136 0.0274505
0 0.184705 0.589369 0.10952 0.0824184
0 0.564436 0.00881025 0.0545795 0.0175312
0 0.897819 0.435446 0.0721201 0.0515947
0 0.762691 0.753457 0.046867 0.0337433
0 0.857247 0.803584 0.0477566 0.0365664
0 0.969533 0.304903 0.0609333 0.0656677
0 0.636735 0.954396 0.0341238 0.0266289
0 0.986573 0.65828 0.0268448 0.0287882
0 0.774744 0.544962 0.0421545 0.0295755
0 0.904298 0.516723 0.0502573 0.0379345
0 0.990183 0.484448 0.0195532 0.0678343
0 0.281647 0.251721 0.109044 0.0829292
0 0.483776 0.933317 0.385875 0.133241
