0 0.328628 0.368308 0.110239 0.0870273
0 0.0551635 0.13287 0.0609892 0.0481031
0 0.0265502 0.944731 0.0501964 0.0402962
0 0.239689 0.551022 0.308659 0.225741
0 0.146438 0.234145 0.0393688 0.0303477
0 0.153926 0.624921 0.0747182 0.0552235
0 0.377369 0.507966 0.0380198 0.0316214
0 0.0398938 0.982765 0.0767588 0.0335211
0 0.78869 0.723949 0.0755631 0.0590323
0 0.742425 0.725769 0.183388 0.152262
0 0.277934 0.0280734 0.0865196 0.0521287
0 0.357253 0.483686 0.0368216 0.0275853
0 0.325338 0.67769 0.0675213 0.0533997
0 0.654764 0.27579 0.626559 0.515644
0 0.0697778 0.367958 0.0373495 0.0307517
0 0.456551 0.74805 0.0320429 0.0271716
0 0.0357239 0.448258 0.0289039 0.0248745
0 0.134083 0.790054 0.0393359 0.0294952
0 0.979959 0.736212 0.0392246 0.0952604
0 0.803961 0.385463 0.323301 0.27105
0 0.078289 0.845886 0.0473107 0.0337423
0 0.40201 0.0421155 0.0312769 0.0250062
0 0.196715 0.433194 0.0307533 0.0258774
0 0.0743198 0.568257 0.0294439 0.023618
0 0.08578 0.824977 0.0365705 0.0249392
0 0.340465 0.0849315 0.0474805 0.0370921
0 0.888799 0.643783 0.0522671 0.0399624
0 0.488014 0.0398832 0.191308 0.0797435
0 0.637385 0.306988 0.0522049 0.0409516
0 0.808721 0.591699 0.152446 0.121749
0 0.514421 0.52723 0.0600079 0.0468007
0 0.221578 0.23947 0.0330702 0.0273561
0 0.468413 0.616917 0.0753051 0.0596008
