0 0.602579 0.471017 0.0482197 0.0374499
0 0.3999 0.554855 0.0457995 0.0356622
0 0.0674254 0.741454 0.0712224 0.0539309
0 0.609404 0.496743 0.112749 0.0927633
0 0.950008 0.283804 0.052142 0.0385586
0 0.14715 0.619612 0.038263 0.0290146
0 0.381637 0.970653 0.037697 0.032724
0 0.10895 0.716278 0.0437895 0.0340115
0 0.88495 0.0430996 0.115375 0.0821834
0 0.733907 0.435233 0.0444763 0.0353331
0 0.0753096 0.289663 0.0802791 0.0651761
0 0.0125271 0.211831 0.024849 0.0388599
0 0.845334 0.306081 0.0657532 0.0507799
0 0.123097 0.150811 0.0412297 0.0320251
0 0.853142 0.65254 0.032497 0.0253056
0 0.907708 0.616576 0.0325584 0.0255954
0 0.358108 0.534216 0.0277557 0.0235422
0 0.317004 0.894653 0.0758711 0.0653019
0 0.170956 0.100754 0.0271911 0.0221774
