0 0.0746185 0.204195 0.138623 0.130613
0 0.572605 0.246047 0.0816175 0.0789949
0 0.161594 0.081175 0.0732593 0.0691702
0 0.861216 0.0299219 0.0790409 0.0597954
0 0.445337 0.673349 0.313017 0.310546
0 0.909617 0.792539 0.0491646 0.048818
0 0.421029 0.168909 0.0558538 0.0541208
0 0.186083 0.311411 0.115473 0.110451
0 0.618124 0.627524 0.091144 0.0867369
0 0.249948 0.309429 0.0531773 0.0509597
0 0.60048 0.0663629 0.0556373 0.0531825
0 0.583162 0.531193 0.0427317 0.0417617
0 0.350051 0.796433 0.0446041 0.0428755
0 0.440922 0.0374268 0.0869105 0.0747909
0 0.140922 0.361005 0.0456044 0.0416396
0 0.432446 0.834521 0.0388813 0.03657
0 0.618154 0.675163 0.0441526 0.0433691
0 0.152486 0.642348 0.0429461 0.0410888
0 0.954584 0.120238 0.0908318 0.114031
0 0.598286 0.438799 0.0456274 0.0438499
0 0.697722 0.639294 0.0399812 0.0394079
0 0.803769 0.772946 0.0690212 0.066685
0 0.729425 0.0169893 0.0423471 0.0339786
0 0.717915 0.791734 0.037962 0.0370413
0 0.853144 0.104968 0.0387726 0.0380983
0 0.210548 0.929965 0.0418924 0.0395157
0 0.566788 0.592539 0.0410608 0.0394628
0 0.777235 0.340036 0.0387236 0.0365924
0 0.635175 0.786516 0.0347411 0.033477
0 0.700015 0.157877 0.0319435 0.032336
0 0.272977 0.886833 0.0336298 0.0322083
0 0.278426 0.3652 0.102274 0.0941266
0 0.485455 0.0940033 0.0464237 0.0453408
0 0.436201 0.460979 0.0355761 0.0341553
0 0.871351 0.939693 0.233296 0.120613
0 0.477346 0.316737 0.0521329 0.0498349
0 0.792883 0.614004 0.0348761 0.0337177
0 0.182405 0.535747 0.0540421 0.0517807
0 0.941168 0.274322 0.0574718 0.0548401
0 0.794896 0.706943 0.0365592 0.0348186
0 0.741145 0.626405 0.031369 0.0299341
0 0.638651 0.856223 0.0270798 0.0266167
0 0.814705 0.957521 0.043018 0.0420525
0 0.323453 0.0114393 0.0298099 0.022656
0 0.477734 0.988861 0.0274198 0.0222775
0 0.760168 0.149293 0.0322007 0.0317502
0 0.846739 0.818335 0.0458628 0.0427151
0 0.289863 0.240847 0.0313582 0.0307129
0 0.958795 0.0555446 0.0339874 0.033276
0 0.986185 0.592784 0.0273605 0.029926
0 0.110577 0.900717 0.0285832 0.0277161
0 0.813796 0.0532254 0.0379962 0.0365094
0 0.576462 0.990017 0.0266287 0.019967
0 0.261502 0.222469 0.0372321 0.0356771
0 0.960138 0.813765 0.0789389 0.158429
0 0.714492 0.8965 0.0271641 0.026088
0 0.215074 0.424793 0.0375319 0.0362354
0 0.220518 0.886737 0.0416964 0.0406006
0 0.321858 0.0643452 0.0382563 0.0359336
0 0.586332 0.142871 0.0759892 0.0737485
0 0.675661 0.793688 0.0341423 0.0335312
0 0.714485 0.106811 0.0245811 0.0235351
0 0.498568 0.558767 0.0513291 0.048387
0 0.658512 0.416706 0.0481745 0.0465515
0 0.119538 0.771959 0.0359597 0.03484
0 0.141321 0.80048 0.0384528 0.0369658
0 0.729161 0.15464 0.0254766 0.0250525
0 0.715632 0.725912 0.0302794 0.0278406
0 0.0179081 0.88796 0.0311079 0.0296528
0 0.294996 0.193239 0.0271026 0.0254396
0 0.00460366 0.332151 0.00920731 0.0290694
0 0.248536 0.446948 0.0353172 0.0335866
0 0.692714 0.204442 0.0295008 0.0289026
0 0.813263 0.351791 0.0339331 0.0327634
0 0.154953 0.0368077 0.0547607 0.0507741
