0 0.786484 0.689297 0.27888 0.203506
0 0.25095 0.623867 0.361054 0.300593
0 0.812221 0.223904 0.0579853 0.0465473
0 0.718343 0.869508 0.0639204 0.0515591
0 0.729295 0.0918991 0.0510819 0.0412466
0 0.717277 0.408734 0.0542027 0.0420779
0 0.366005 0.0890437 0.0562364 0.045642
0 0.769845 0.184122 0.0617455 0.049802
0 0.44691 0.191803 0.0388462 0.0317417
0 0.503792 0.29597 0.0583294 0.050226
0 0.584489 0.148731 0.0522254 0.0414989
0 0.730732 0.300958 0.0353693 0.0301667
0 0.47931 0.46293 0.0534643 0.0418087
0 0.272803 0.224998 0.0619168 0.0497799
0 0.973452 0.432569 0.0529766 0.0506278
0 0.88279 0.297155 0.118344 0.0973052
0 0.669835 0.379399 0.0519169 0.0398109
0 0.073132 0.599295 0.0390195 0.0318089
0 0.536853 0.211345 0.0302835 0.0246772
0 0.718012 0.814089 0.0809135 0.0636179
0 0.829947 0.432073 0.0692882 0.0529932
0 0.0371416 0.856652 0.0742831 0.144456
0 0.944004 0.969955 0.111968 0.059399
0 0.539673 0.277676 0.0417443 0.0354627
0 0.986844 0.54742 0.0262352 0.052181
0 0.895432 0.642043 0.0520741 0.0425687
0 0.0921161 0.400743 0.0401717 0.0317992
0 0.0568878 0.328913 0.0879445 0.0700336
0 0.966758 0.329495 0.066227 0.0716377
0 0.254753 0.96921 0.0313045 0.0246483
0 0.877854 0.0719553 0.243053 0.143631
0 0.905131 0.139362 0.0340591 0.0285794
0 0.945907 0.220733 0.108186 0.233368
0 0.856002 0.990295 0.0523979 0.0187128
0 0.802241 0.994682 0.0343692 0.0106353
0 0.629335 0.329864 0.0321956 0.0248811
0 0.58437 0.558562 0.0294045 0.0245098
0 0.51648 0.990342 0.0366669 0.0192713
0 0.316196 0.825962 0.214971 0.166842
0 0.239669 0.370147 0.109578 0.0914819
0 0.987313 0.470339 0.0253734 0.0318671
0 0.832359 0.827689 0.151418 0.0997601
0 0.310534 0.0501832 0.0728086 0.058992
0 0.262501 0.837912 0.114958 0.101835
0 0.908694 0.384764 0.128395 0.1069
0 0.787258 0.691405 0.033983 0.0288692
0 0.793616 0.922718 0.0937779 0.0759787
0 0.825574 0.801113 0.0335503 0.0269772
