0 0.188607 0.081434 0.036197 0.030637
0 0.456366 0.488824 0.0333288 0.0290552
0 0.115832 0.130313 0.0388627 0.0309437
0 0.192971 0.18078 0.0542922 0.0440224
0 0.988813 0.850546 0.0221966 0.0410538
0 0.100139 0.309129 0.0324293 0.0270697
0 0.975718 0.981794 0.0485636 0.0364115
0 0.807042 0.923304 0.0347652 0.0300903
0 0.256763 0.197653 0.036549 0.0309381
0 0.143505 0.143686 0.0343394 0.0276383
0 0.878885 0.0335906 0.0307499 0.0263136
0 0.0725918 0.080646 0.0339714 0.0285382
0 0.109693 0.106118 0.0393793 0.0314264
0 0.939508 0.326755 0.0329098 0.0278499
0 0.0459271 0.986387 0.0578839 0.026825
0 0.0514379 0.377267 0.0315046 0.024611
0 0.894112 0.308075 0.039204 0.0315553
0 0.0150655 0.502937 0.0287154 0.0254433
0 0.72522 0.989973 0.0293541 0.0196835
0 0.462354 0.180226 0.02962 0.0253769
