0 0.813171 0.68368 0.122384 0.0890888
0 0.188548 0.740392 0.112768 0.0859039
0 0.553857 0.180438 0.568245 0.359878
0 0.920301 0.115635 0.0518501 0.0372727
0 0.118735 0.684598 0.042279 0.0291258
0 0.161063 0.929196 0.257181 0.141413
0 0.236357 0.253817 0.229977 0.15316
0 0.295502 0.37541 0.358864 0.249332
0 0.146072 0.117094 0.0590605 0.0433139
0 0.77148 0.442475 0.0696722 0.0514347
0 0.121133 0.498414 0.0482327 0.0325426
0 0.166338 0.648544 0.0496747 0.0356771
0 0.854429 0.199147 0.058794 0.0491377
0 0.329647 0.845145 0.067668 0.050296
0 0.102127 0.764961 0.11071 0.0774405
0 0.808183 0.530088 0.0653776 0.0486184
0 0.430627 0.646244 0.0373764 0.0283598
0 0.680245 0.918253 0.265578 0.163494
0 0.893004 0.272437 0.0361389 0.0277536
0 0.438774 0.517446 0.0915789 0.0640049
0 0.298516 0.0585528 0.0940239 0.0749073
0 0.209238 0.0292334 0.126707 0.0584669
0 0.934586 0.968101 0.0854519 0.0627958
0 0.0108373 0.438598 0.0216746 0.0456877
0 0.302047 0.885603 0.0736253 0.0581547
0 0.548141 0.640997 0.159194 0.123712
0 0.821149 0.931968 0.141928 0.116654
0 0.182984 0.0706887 0.0654435 0.0540891
0 0.678939 0.738877 0.185571 0.150039
0 0.398196 0.830838 0.0612597 0.043502
0 0.627948 0.235112 0.0313681 0.0234673
0 0.502258 0.717471 0.0319109 0.0257626
0 0.0812173 0.306439 0.084219 0.0622021
0 0.346697 0.763335 0.0706022 0.0547808
0 0.489038 0.488664 0.0433892 0.0330936
0 0.444592 0.794611 0.0702951 0.0577699
0 0.560769 0.771531 0.0938159 0.0713669
0 0.655803 0.81135 0.0333908 0.0264893
0 0.932942 0.780449 0.0819721 0.0673576
0 0.338704 0.627885 0.105477 0.0823002
0 0.453503 0.893896 0.127061 0.103849
0 0.0981428 0.228211 0.0871387 0.0695698
0 0.0777993 0.0788186 0.155489 0.157637
0 0.0188657 0.325462 0.0377314 0.0335402
0 0.489991 0.839055 0.0936502 0.0704426
0 0.812822 0.640314 0.0519279 0.0397347
0 0.28186 0.777268 0.0518555 0.0388841
