0 0.609719 0.215865 0.262072 0.241002
0 0.838088 0.217847 0.144942 0.143524
0 0.261259 0.802671 0.276271 0.275329
0 0.303914 0.334542 0.142954 0.133549
0 0.751947 0.706562 0.10259 0.100555
0 0.793108 0.327941 0.0341459 0.0334691
0 0.498943 0.729028 0.0408272 0.0390583
0 0.542203 0.985203 0.0406081 0.0295631
0 0.912427 0.273195 0.0343222 0.0341167
0 0.909812 0.477687 0.0404198 0.0397768
0 0.913467 0.569039 0.0332979 0.0329454
0 0.966019 0.744966 0.0319336 0.0302389
0 0.631775 0.0937151 0.0395765 0.0367292
0 0.409306 0.141394 0.0772624 0.0723708
0 0.646111 0.532845 0.0332643 0.0323284
0 0.0889434 0.458306 0.0282999 0.0280121
0 0.539888 0.382126 0.0418456 0.0397732
0 0.533111 0.946582 0.0306357 0.0299137
0 0.887158 0.631922 0.0261139 0.0254044
0 0.188594 0.89499 0.0283192 0.0280962
0 0.924918 0.120858 0.0267084 0.0258041
0 0.435623 0.0530655 0.300465 0.105992
0 0.819271 0.339558 0.027351 0.0259609
0 0.319908 0.329862 0.0316338 0.0290905
0 0.953951 0.131121 0.0273067 0.0254596
0 0.642438 0.24815 0.0362589 0.0345111
0 0.74018 0.0124575 0.0288777 0.0245826
0 0.355768 0.258294 0.0447928 0.0426551
0 0.978753 0.00932036 0.0344374 0.0185878
0 0.870372 0.322814 0.0290073 0.0286771
0 0.316281 0.240322 0.0377628 0.0357735
0 0.909942 0.0207671 0.027445 0.0260152
0 0.280479 0.951151 0.0271076 0.0263702
0 0.87063 0.483672 0.0307919 0.030402
0 0.125516 0.413667 0.0234434 0.0225903
0 0.51824 0.345715 0.0293816 0.0276847
0 0.172713 0.679136 0.164832 0.156874
0 0.869148 0.833591 0.0956692 0.0911623
0 0.704336 0.892924 0.0234781 0.0229473
0 0.860173 0.343829 0.0285759 0.0272451
0 0.30455 0.963504 0.0280149 0.0280384
0 0.814024 0.422894 0.120972 0.127435
0 0.859657 0.40241 0.0240662 0.0239791
0 0.655488 0.724874 0.100531 0.100668
0 0.339316 0.335899 0.0791634 0.0715775
0 0.655444 0.595816 0.0240263 0.0238388
0 0.798829 0.352437 0.0259071 0.0249362
0 0.0510269 0.588365 0.0226541 0.0218182
0 0.366123 0.411819 0.128382 0.117248
0 0.923266 0.899447 0.0497423 0.0452822
0 0.833126 0.37463 0.0238855 0.0227272
0 0.783751 0.589735 0.110089 0.106462
0 0.702068 0.443005 0.0242118 0.0227791
0 0.601752 0.893377 0.0434196 0.0406637
