0 0.748817 0.249703 0.291048 0.286258
0 0.141211 0.500724 0.0553504 0.0546059
0 0.557014 0.511349 0.0443081 0.043158
0 0.909593 0.683223 0.0541845 0.0515556
0 0.32393 0.120906 0.0412539 0.0393431
0 0.323175 0.581069 0.0329682 0.0325657
0 0.723115 0.918758 0.0383917 0.036783
0 0.8475 0.796611 0.0355799 0.0337989
0 0.628089 0.523342 0.0385767 0.0373081
0 0.424257 0.226166 0.0392677 0.0379568
0 0.126181 0.988339 0.0429488 0.0233223
0 0.0900437 0.975631 0.0469482 0.0448238
0 0.44529 0.477163 0.033222 0.0325727
0 0.426867 0.656084 0.0353468 0.0346481
0 0.842212 0.736152 0.0344545 0.0321932
0 0.392607 0.187145 0.0464445 0.0439296
0 0.334066 0.45319 0.0302159 0.0302519
0 0.765253 0.464282 0.0348372 0.0323335
0 0.0207762 0.0716399 0.0318544 0.0297167
0 0.767111 0.920548 0.0319363 0.0299671
0 0.283831 0.0395777 0.0315627 0.0298368
0 0.294277 0.970127 0.0330535 0.0320963
0 0.237674 0.632104 0.0324476 0.0309162
0 0.338835 0.241765 0.0318679 0.0308541
0 0.0417292 0.967787 0.0310866 0.0307178
0 0.340829 0.975305 0.0305362 0.0279133
0 0.180463 0.00887584 0.0335508 0.0177517
0 0.117724 0.648592 0.0286255 0.0270624
0 0.0206292 0.113094 0.0266414 0.0255264
0 0.143544 0.147069 0.0260009 0.0254692
