0 0.568311 0.668835 0.0815996 0.0705183
0 0.761854 0.296027 0.0536648 0.0477854
0 0.121453 0.341808 0.0486874 0.0407723
0 0.448541 0.0302191 0.0424814 0.0351205
0 0.865897 0.591591 0.0461601 0.0411098
0 0.702378 0.126846 0.041058 0.038008
0 0.662413 0.0330183 0.0347672 0.029791
0 0.948735 0.486789 0.0349939 0.0319153
0 0.179032 0.988119 0.0484989 0.0233429
0 0.551866 0.827445 0.0308849 0.0272381
0 0.672824 0.821532 0.0309445 0.0279358
0 0.538918 0.0249261 0.0294746 0.0268478
0 0.0515229 0.866606 0.0313927 0.0275166
0 0.661002 0.156194 0.0261446 0.0253496
0 0.587098 0.992465 0.0395322 0.0150387
