0 0.960081 0.905615 0.0518974 0.0453409
0 0.507072 0.0181633 0.0531995 0.0363265
0 0.12804 0.707155 0.058095 0.0464275
0 0.180009 0.378623 0.053576 0.0459793
0 0.144812 0.119555 0.04032 0.0336899
0 0.220909 0.298913 0.0505498 0.0406858
0 0.553562 0.0630796 0.0358179 0.030164
0 0.123829 0.31445 0.0448927 0.0360145
0 0.180328 0.494847 0.0402814 0.0318886
0 0.230217 0.10798 0.0362057 0.0288376
0 0.093421 0.618771 0.0380335 0.0310768
0 0.320268 0.665631 0.0335791 0.0295111
0 0.643325 0.00696747 0.0344664 0.0139349
0 0.114272 0.339531 0.0351096 0.0296437
0 0.0111379 0.844509 0.0222758 0.0262955
0 0.674388 0.90729 0.0505007 0.0428963
0 0.228561 0.331487 0.0353446 0.0303662
0 0.36592 0.126108 0.0323389 0.0273551
0 0.619377 0.364871 0.02676 0.0243916
0 0.871261 0.926825 0.0272116 0.0240459
0 0.0609085 0.43158 0.0773557 0.0614096
0 0.608051 0.958932 0.121642 0.0815027
0 0.957909 0.663915 0.0755512 0.0668483
0 0.861461 0.63701 0.061577 0.0523184
0 0.0252367 0.872932 0.0409457 0.0347931
