0 0.599048 0.771351 0.0454724 0.0443414
0 0.234002 0.480463 0.0484904 0.0461218
0 0.0221786 0.747121 0.0400954 0.0386698
0 0.349164 0.730863 0.0362926 0.0349245
0 0.414114 0.761774 0.038357 0.0370666
0 0.479333 0.968633 0.036705 0.03573
0 0.58382 0.288456 0.0372922 0.0365879
0 0.649007 0.399904 0.0319742 0.0312261
0 0.355841 0.944522 0.0312569 0.0297325
0 0.554592 0.441276 0.0320971 0.0302578
0 0.228062 0.640327 0.0326926 0.0303801
0 0.417216 0.545243 0.0314791 0.0302856
0 0.647954 0.457143 0.0285415 0.0276888
0 0.717334 0.827396 0.0325218 0.0302633
0 0.672468 0.698386 0.0357643 0.0342877
0 0.807093 0.641687 0.0342653 0.0335661
0 0.95049 0.917019 0.0283653 0.0278404
0 0.438575 0.0664976 0.0321882 0.0303909
0 0.468856 0.94109 0.0292685 0.0281796
0 0.415523 0.975673 0.0321876 0.0295738
0 0.674437 0.418845 0.028985 0.0279448
0 0.288296 0.0176952 0.0308071 0.0317399
0 0.267257 0.0963047 0.0352345 0.0343423
0 0.224842 0.987982 0.0511107 0.0238623
0 0.101453 0.788656 0.0487156 0.0460629
0 0.132258 0.863848 0.108804 0.102466
0 0.189862 0.453769 0.0549418 0.0517146
0 0.17537 0.342697 0.0310123 0.0306851
0 0.382594 0.602852 0.0277062 0.0263982
0 0.177699 0.96183 0.0311547 0.0294231
0 0.737847 0.657742 0.0450228 0.0426901
0 0.299442 0.522564 0.0285584 0.0269532
0 0.309453 0.542483 0.025861 0.0242952
0 0.722901 0.672405 0.0797103 0.0777161
0 0.0855022 0.855772 0.0281553 0.0283394
0 0.753047 0.576196 0.0259541 0.0246533
0 0.566895 0.655455 0.0438259 0.0415678
