0 0.0376462 0.876167 0.0521564 0.0508446
0 0.436834 0.4451 0.0333752 0.0308022
0 0.237602 0.672506 0.0383447 0.0349371
0 0.320083 0.0577528 0.0455183 0.037891
0 0.47624 0.809115 0.0448764 0.0422609
0 0.209909 0.229698 0.0349059 0.0301998
0 0.360085 0.589265 0.0319043 0.02915
0 0.318471 0.913499 0.0378317 0.0340405
0 0.178449 0.655412 0.0345066 0.0309131
0 0.0542995 0.71619 0.0383304 0.0335618
0 0.0563804 0.61819 0.0384706 0.0329782
0 0.378187 0.217449 0.0404017 0.0361152
0 0.17054 0.0678341 0.0352077 0.0307318
0 0.0319064 0.813754 0.0319159 0.0305515
0 0.10991 0.794396 0.0366672 0.03571
0 0.42132 0.549234 0.0363022 0.0333557
0 0.134155 0.849109 0.04261 0.0369719
0 0.0782906 0.661726 0.0331163 0.030076
0 0.13515 0.773283 0.0433706 0.0400391
0 0.0638648 0.351559 0.0431876 0.0371953
0 0.358766 0.0180081 0.0311177 0.0286969
0 0.518027 0.275067 0.0304811 0.0267686
0 0.563987 0.890508 0.0516411 0.0460518
0 0.228098 0.191214 0.0315152 0.0261703
0 0.558802 0.502148 0.0468188 0.036017
0 0.0591994 0.166251 0.0346563 0.02986
0 0.496082 0.159917 0.0999578 0.0906931
