0 0.599479 0.90204 0.176508 0.168746
0 0.558303 0.150321 0.096101 0.0955324
0 0.757691 0.711688 0.0460318 0.0440718
0 0.797141 0.430774 0.0509756 0.0496848
0 0.938446 0.778355 0.0360931 0.0353477
0 0.37972 0.271913 0.0467415 0.0456147
0 0.771398 0.272182 0.0380314 0.037611
0 0.121569 0.881615 0.0446736 0.042902
0 0.844744 0.546515 0.0393055 0.0380211
0 0.377512 0.615133 0.0738358 0.0699541
0 0.519133 0.352639 0.0301339 0.0300031
0 0.344846 0.0175898 0.0391953 0.0351796
0 0.985003 0.908316 0.0298531 0.0475075
0 0.569696 0.0821166 0.176736 0.157973
0 0.320734 0.732431 0.0313231 0.0306885
0 0.281584 0.954124 0.0588263 0.0561085
0 0.646404 0.479475 0.027711 0.0264881
0 0.47124 0.551825 0.0291876 0.0283773
0 0.183502 0.501657 0.367004 0.426416
0 0.141239 0.07128 0.0374413 0.0364635
0 0.649494 0.239018 0.0403292 0.0408067
0 0.156991 0.102429 0.0272014 0.0263845
0 0.111421 0.251507 0.0372978 0.037748
0 0.18693 0.752457 0.0300552 0.0277182
0 0.852329 0.920609 0.100345 0.0962662
0 0.228997 0.825227 0.0403604 0.040414
0 0.875912 0.861176 0.0298002 0.0275814
0 0.353846 0.0612766 0.050978 0.0502828
0 0.0667079 0.946598 0.133156 0.105716
0 0.65028 0.415505 0.024352 0.0235153
0 0.730537 0.803495 0.0252235 0.02391
0 0.985281 0.69092 0.029438 0.0656155
0 0.854809 0.370432 0.0422693 0.0404284
0 0.0323152 0.157557 0.0267878 0.0260095
0 0.670252 0.258471 0.0247158 0.0256852
0 0.826577 0.853706 0.0595413 0.0544561
0 0.39845 0.091412 0.0365474 0.0355711
0 0.600578 0.199199 0.0265407 0.0258018
0 0.854269 0.233141 0.0322159 0.031669
0 0.350772 0.319375 0.0306838 0.0302325
0 0.687805 0.735463 0.0370205 0.034993
0 0.48074 0.683615 0.0283747 0.0268208
0 0.696987 0.274806 0.028937 0.027604
0 0.384384 0.559035 0.0729754 0.0728102
0 0.357242 0.0945159 0.0269608 0.0270806
0 0.516943 0.617038 0.0292622 0.025285
0 0.837618 0.583359 0.0289612 0.0249178
0 0.894848 0.477533 0.0296154 0.0285896
0 0.800559 0.321822 0.0288937 0.0275166
