0 0.561937 0.626921 0.0431428 0.0425093
0 0.265616 0.894672 0.0494865 0.0436001
0 0.838288 0.830676 0.0415232 0.0397934
0 0.125451 0.770983 0.0408858 0.0363111
0 0.17848 0.276086 0.0317957 0.0265127
0 0.378769 0.193211 0.0343645 0.0306305
0 0.335113 0.607067 0.0374024 0.0352688
0 0.0557399 0.299271 0.0309067 0.0271811
0 0.187208 0.13141 0.0284966 0.026823
0 0.573602 0.679667 0.0370602 0.0344357
0 0.985194 0.606777 0.029612 0.0689016
0 0.906272 0.839622 0.042762 0.0373875
0 0.415524 0.842937 0.0268108 0.024865
0 0.794697 0.0985457 0.0335262 0.0322013
0 0.244643 0.665969 0.0278732 0.0256912
0 0.174255 0.796811 0.0470348 0.0423996
0 0.108961 0.0349685 0.0251262 0.0243975
0 0.780916 0.209092 0.0237236 0.0235303
