0 0.882946 0.982304 0.0574417 0.0345116
0 0.105621 0.840423 0.0446528 0.0329277
0 0.581477 0.918652 0.0398884 0.0290573
0 0.390791 0.989521 0.0397009 0.0208794
0 0.74569 0.783964 0.035905 0.028509
0 0.454504 0.231847 0.271856 0.211885
0 0.844155 0.519986 0.0324116 0.0245906
0 0.0675489 0.332683 0.135098 0.119986
0 0.0280618 0.0109289 0.030648 0.0214066
0 0.222944 0.00802407 0.0338987 0.0158197
0 0.974344 0.817225 0.029636 0.0238838
0 0.907103 0.474522 0.0350685 0.0264342
0 0.920755 0.581655 0.15849 0.259421
0 0.444785 0.243647 0.0305452 0.0242953
0 0.870706 0.123036 0.208668 0.161398
