0 0.965954 0.666782 0.0680912 0.0661709
0 0.0261724 0.796851 0.0495537 0.0421034
0 0.930345 0.754943 0.0480688 0.0395399
0 0.685032 0.639034 0.103721 0.0875059
0 0.756735 0.35158 0.0441591 0.0361754
0 0.430862 0.131845 0.0322377 0.0277801
0 0.354468 0.384104 0.0422366 0.0369463
0 0.282641 0.630166 0.0810829 0.0734375
0 0.61195 0.719869 0.070846 0.0639383
0 0.292235 0.275096 0.0312583 0.0271229
0 0.263113 0.10103 0.0758653 0.0636358
0 0.858292 0.716373 0.0409969 0.0327244
0 0.578767 0.495412 0.0442119 0.040671
0 0.6286 0.984188 0.0614069 0.0316057
0 0.728491 0.826027 0.041556 0.0365509
0 0.337701 0.316563 0.0733454 0.0655023
0 0.943751 0.833144 0.0561916 0.0479454
0 0.68228 0.569382 0.0770472 0.063937
0 0.639404 0.510016 0.0911871 0.0808462
0 0.942262 0.714793 0.0444736 0.0386393
0 0.464189 0.0852236 0.0453211 0.0377787
0 0.618577 0.0182365 0.0593302 0.0364731
0 0.0998705 0.381394 0.0480332 0.0410147
0 0.885316 0.22766 0.132581 0.101673
0 0.545384 0.0521425 0.0515938 0.044413
