0 0.544157 0.173936 0.159219 0.127763
0 0.835021 0.419194 0.140541 0.114954
0 0.515707 0.0880104 0.0666704 0.0540619
0 0.611203 0.81797 0.166122 0.137708
0 0.193894 0.909211 0.0669685 0.053307
0 0.526561 0.818016 0.145302 0.120026
0 0.244436 0.267608 0.170011 0.138772
0 0.377392 0.866774 0.0939119 0.075264
0 0.557896 0.456232 0.0628605 0.0498784
0 0.814085 0.28822 0.133742 0.118248
0 0.689757 0.754391 0.0507511 0.0409771
0 0.181523 0.850616 0.0571578 0.0443106
0 0.494167 0.272045 0.206328 0.154308
0 0.292062 0.703574 0.0405502 0.0325872
0 0.239311 0.959338 0.0745365 0.0623089
0 0.301735 0.371247 0.0441175 0.0337889
0 0.950998 0.96484 0.0980031 0.0703196
0 0.216151 0.82113 0.0639988 0.05149
0 0.319446 0.335924 0.0454367 0.035761
0 0.0745756 0.880839 0.149151 0.167306
0 0.669066 0.934141 0.201571 0.131718
0 0.59228 0.504144 0.0537359 0.0430978
0 0.0925238 0.204193 0.185031 0.389867
0 0.078525 0.817172 0.056818 0.0474445
0 0.504446 0.951169 0.12267 0.0958286
0 0.454707 0.989595 0.044165 0.0204933
0 0.124384 0.70479 0.056365 0.0448755
0 0.309245 0.876298 0.0330289 0.0276947
0 0.678006 0.492313 0.0738904 0.0632042
0 0.944639 0.348492 0.110723 0.232169
0 0.461602 0.0963188 0.0344793 0.0296481
0 0.735521 0.778169 0.241872 0.200023
0 0.38095 0.488819 0.032828 0.0261738
0 0.439583 0.159775 0.0567071 0.0484282
0 0.447223 0.536066 0.0661431 0.0561863
0 0.754496 0.817138 0.158984 0.12465
0 0.352804 0.908144 0.053404 0.0423424
0 0.169813 0.560235 0.0311471 0.0257864
0 0.399723 0.329386 0.054512 0.0412994
0 0.805552 0.24895 0.0613417 0.0483462
0 0.00874773 0.966129 0.0174955 0.0402321
0 0.0776357 0.628935 0.0320505 0.0257562
