0 0.805082 0.209934 0.0556137 0.0466341
0 0.241458 0.830671 0.0379836 0.0341526
0 0.779526 0.48353 0.0408216 0.0328497
0 0.704467 0.482592 0.0317217 0.0287569
0 0.571371 0.334601 0.0399234 0.0334039
0 0.0192472 0.0220735 0.0384944 0.0441471
0 0.0600595 0.230371 0.120119 0.243504
0 0.895537 0.208382 0.0347977 0.0308265
0 0.420167 0.0176436 0.0359109 0.0314958
0 0.60678 0.842323 0.228639 0.198386
0 0.673414 0.617069 0.0288986 0.0247131
0 0.861053 0.118941 0.0377478 0.0328948
0 0.254265 0.0511783 0.0313322 0.027267
0 0.900735 0.514034 0.0440334 0.0340332
0 0.298146 0.353532 0.0327637 0.0288115
0 0.460456 0.0802601 0.109308 0.0939748
0 0.947722 0.939996 0.0333321 0.0287399
0 0.431573 0.358907 0.0307899 0.0286364
0 0.313797 0.576413 0.0359392 0.0310313
