0 0.873556 0.127029 0.108087 0.106732
0 0.288695 0.183044 0.106013 0.10243
0 0.479452 0.177953 0.30722 0.306082
0 0.368152 0.540731 0.269602 0.26992
0 0.650569 0.225485 0.056583 0.0562867
0 0.0353589 0.0925165 0.0333379 0.0318082
0 0.67242 0.509627 0.0343906 0.0336042
0 0.828914 0.0229479 0.0340847 0.0329656
0 0.853869 0.689937 0.0376249 0.0366852
0 0.300463 0.0369035 0.0371722 0.0347196
0 0.105255 0.0639551 0.0727024 0.0709504
0 0.133067 0.290873 0.0633971 0.060068
0 0.258239 0.211836 0.0361423 0.0338205
0 0.520142 0.191071 0.0540371 0.0529354
0 0.456687 0.396217 0.0305522 0.0293038
0 0.278353 0.519645 0.0480266 0.0467122
0 0.207212 0.150336 0.0286774 0.0260528
0 0.540347 0.538345 0.0275579 0.0266098
0 0.216088 0.7498 0.0868997 0.0861097
0 0.514707 0.560748 0.0302351 0.0302304
0 0.377482 0.835091 0.311911 0.319413
0 0.603322 0.454308 0.0530772 0.0491254
0 0.867843 0.982055 0.0387476 0.0339645
0 0.950025 0.530446 0.0284931 0.0277891
0 0.568872 0.575435 0.0360725 0.0353649
0 0.501288 0.401441 0.14746 0.137962
0 0.272783 0.0139222 0.0249214 0.0235514
0 0.711416 0.210042 0.0442359 0.0425476
