0 0.395709 0.162491 0.0381589 0.0356422
0 0.375071 0.436781 0.0517765 0.0502052
0 0.486686 0.0982014 0.126577 0.118737
0 0.890504 0.313497 0.0345757 0.0328937
0 0.618767 0.775769 0.0596972 0.0565211
0 0.271633 0.238425 0.0370073 0.0342566
0 0.466008 0.520539 0.0389978 0.0380384
0 0.343298 0.69985 0.0312236 0.0292963
0 0.647215 0.198099 0.121002 0.111789
0 0.614555 0.670553 0.0323801 0.0313004
0 0.739895 0.822303 0.0311722 0.0283085
0 0.705518 0.973689 0.0305353 0.0277496
0 0.427428 0.582369 0.0379488 0.0369349
0 0.424183 0.652034 0.0286657 0.0280674
0 0.200684 0.890264 0.0284289 0.0277298
0 0.0956897 0.990608 0.0453908 0.0187841
0 0.595638 0.486746 0.0393717 0.036816
0 0.851492 0.590324 0.0432571 0.0406078
0 0.752796 0.559926 0.0272367 0.0263572
0 0.112199 0.368519 0.0292288 0.0276513
0 0.546493 0.663422 0.0293617 0.0283894
