0 0.961537 0.104072 0.0709957 0.0540982
0 0.68044 0.270467 0.0513177 0.0414688
0 0.0406745 0.813526 0.0782959 0.0609474
0 0.77454 0.176789 0.177249 0.139972
0 0.66449 0.359982 0.0715449 0.0579041
0 0.488895 0.353595 0.0723871 0.0602689
0 0.0263528 0.659138 0.0524376 0.0549829
0 0.323138 0.0380473 0.0463072 0.0391314
0 0.459944 0.0692327 0.0395905 0.0329814
0 0.599412 0.443711 0.0857451 0.0678432
0 0.829766 0.270016 0.121921 0.0851537
0 0.0539697 0.874094 0.0317456 0.0275635
0 0.765248 0.00821108 0.035251 0.0164222
0 0.677409 0.428542 0.0763784 0.0563746
0 0.181319 0.686398 0.0860566 0.0726708
0 0.607797 0.296776 0.0343218 0.0285182
0 0.175786 0.0149183 0.0830176 0.0298365
0 0.990958 0.212853 0.0180833 0.0540891
0 0.544141 0.615296 0.0534496 0.0444134
0 0.485404 0.813296 0.611563 0.373407
0 0.384414 0.72933 0.0670143 0.0510035
0 0.358469 0.696388 0.0537567 0.0462946
0 0.453598 0.660381 0.0400073 0.0340258
0 0.423882 0.172793 0.050478 0.0422829
0 0.590454 0.641708 0.0605322 0.0513826
0 0.546389 0.0447096 0.0342909 0.0292123
