0 0.666001 0.333509 0.181108 0.164855
0 0.257241 0.618653 0.0762686 0.0644268
0 0.314661 0.472008 0.0693639 0.0609514
0 0.577694 0.756321 0.0379156 0.0345894
0 0.733383 0.196676 0.0846218 0.0769839
0 0.895273 0.849666 0.0343941 0.0317684
0 0.828086 0.80817 0.0515591 0.0453793
0 0.666664 0.674195 0.0411964 0.0364185
0 0.395681 0.907014 0.309209 0.183894
0 0.192746 0.75141 0.0306508 0.0277511
0 0.102063 0.217685 0.0356183 0.0335505
0 0.210687 0.0334908 0.0400578 0.0367946
0 0.433046 0.74486 0.0332306 0.030439
0 0.465622 0.393451 0.247912 0.213009
0 0.966417 0.740454 0.0515591 0.046859
0 0.861552 0.059158 0.0372993 0.0336574
0 0.401205 0.690379 0.0270666 0.0259897
0 0.0754174 0.248401 0.0371032 0.0343366
0 0.134701 0.441236 0.0352601 0.0314306
0 0.112251 0.818275 0.0368108 0.0343746
0 0.377707 0.986157 0.0390181 0.0274027
0 0.742175 0.105122 0.0384806 0.0331143
0 0.50993 0.587421 0.0395461 0.0365879
0 0.864461 0.393341 0.0470036 0.0396153
0 0.221907 0.736934 0.0416476 0.037775
0 0.226119 0.151081 0.0383303 0.036565
0 0.61583 0.665191 0.0407547 0.0354294
0 0.355399 0.574728 0.027635 0.0256481
0 0.82637 0.256867 0.141449 0.122411
0 0.0196681 0.808918 0.0389662 0.0788527
0 0.185496 0.0499476 0.028294 0.0277898
0 0.183192 0.463189 0.0312634 0.0271762
0 0.869456 0.518662 0.0283098 0.0265198
0 0.203136 0.432788 0.0273942 0.024682
0 0.283109 0.0811413 0.0341024 0.0322461
0 0.174567 0.376195 0.0289444 0.0266801
0 0.927169 0.949783 0.0420753 0.0346565
0 0.71613 0.945807 0.0287683 0.0264881
0 0.901682 0.698257 0.031834 0.0277204
0 0.145215 0.763548 0.0897672 0.082065
0 0.0192317 0.616415 0.038221 0.0554657
0 0.135391 0.529986 0.0639255 0.0560635
0 0.692268 0.33854 0.0495235 0.047176
0 0.237625 0.710799 0.0330069 0.0299751
0 0.62959 0.965183 0.210557 0.0696344
0 0.261211 0.104731 0.0322757 0.0319145
0 0.269314 0.678613 0.0385548 0.0333652
0 0.981778 0.843147 0.0293621 0.0246998
0 0.0538959 0.753438 0.0271628 0.0251482
0 0.775552 0.0386829 0.033444 0.0295285
0 0.732689 0.668799 0.0336401 0.031035
0 0.302141 0.0563462 0.034389 0.0322814
0 0.0181755 0.926395 0.0308762 0.0274136
0 0.816786 0.547288 0.0271667 0.0234493
0 0.639231 0.941817 0.0454307 0.0398865
0 0.842068 0.733337 0.0560457 0.0477454
0 0.0251384 0.511951 0.0501147 0.0904297
0 0.119276 0.115956 0.0440848 0.0411691
0 0.109422 0.688768 0.0400786 0.0360296
0 0.869424 0.0175762 0.0295742 0.0264467
0 0.0632848 0.716102 0.0355186 0.0320854
0 0.089734 0.485651 0.0252711 0.0234522
0 0.154367 0.0814898 0.0262652 0.0249038
0 0.880226 0.981669 0.0316191 0.026379
0 0.922908 0.323333 0.131557 0.117819
0 0.745678 0.465883 0.261921 0.223964
0 0.49086 0.290184 0.0284267 0.0262129
