0 0.432751 0.034027 0.0902287 0.0680541
0 0.649557 0.274429 0.182048 0.152196
0 0.735602 0.71725 0.183053 0.157244
0 0.95683 0.577943 0.052924 0.0451221
0 0.417161 0.448444 0.127483 0.11104
0 0.361316 0.520356 0.106719 0.093092
0 0.147212 0.669357 0.0905097 0.077704
0 0.354073 0.836455 0.0472304 0.0401821
0 0.276112 0.961491 0.0497702 0.0413692
0 0.118293 0.935721 0.0384114 0.0312332
0 0.103765 0.384331 0.0920285 0.0783782
0 0.197717 0.844476 0.0643314 0.0563858
0 0.050272 0.349506 0.0360286 0.0312688
0 0.568231 0.846215 0.0420671 0.0373003
0 0.213365 0.63546 0.0674191 0.0550085
0 0.267716 0.882052 0.138324 0.109148
0 0.8106 0.396982 0.0480549 0.0387239
0 0.297862 0.795248 0.0367439 0.0306532
0 0.953089 0.974717 0.0655178 0.050494
0 0.884588 0.284823 0.0895035 0.0755607
0 0.589024 0.716862 0.038069 0.0325033
0 0.737394 0.779118 0.0455942 0.0381952
0 0.235876 0.199768 0.0466033 0.0408656
0 0.90714 0.639384 0.183264 0.168227
0 0.710531 0.947146 0.0362515 0.031403
0 0.403424 0.973036 0.103083 0.0539281
0 0.945898 0.0879562 0.0994751 0.0872093
0 0.818243 0.303439 0.0786175 0.0716959
0 0.489966 0.250379 0.13609 0.115384
0 0.169225 0.563472 0.078549 0.069239
0 0.0530653 0.619418 0.105564 0.091432
0 0.0309667 0.281629 0.0619334 0.0636138
0 0.0315397 0.21947 0.0442439 0.0419343
0 0.971089 0.280954 0.0578214 0.0933703
0 0.327901 0.109642 0.0419427 0.0369616
0 0.577414 0.14932 0.173049 0.156818
0 0.897292 0.590433 0.0318974 0.0276262
0 0.301341 0.0607995 0.174183 0.121471
0 0.318585 0.349344 0.0297336 0.026204
0 0.042031 0.185582 0.0302027 0.0289695
0 0.586987 0.596861 0.105579 0.0885105
0 0.031982 0.576869 0.0488044 0.0449284
0 0.140136 0.610468 0.0701337 0.0636336
0 0.4074 0.282572 0.0983453 0.0890916
0 0.320626 0.607775 0.0562922 0.0503738
0 0.487678 0.19935 0.0311348 0.0257944
0 0.424917 0.664985 0.13966 0.125516
0 0.495772 0.991674 0.0345808 0.0165226
0 0.154685 0.506775 0.0727725 0.0619905
0 0.0577831 0.0969649 0.115508 0.19393
0 0.970114 0.251511 0.05481 0.047147
0 0.870609 0.247599 0.0413898 0.0350926
0 0.866034 0.33715 0.0305393 0.0269617
0 0.569827 0.770235 0.0306204 0.0271226
0 0.765308 0.108133 0.26252 0.210715
0 0.779297 0.561804 0.116644 0.0967545
0 0.209126 0.531603 0.0324938 0.0292152
