0 0.941368 0.527754 0.0999908 0.0981607
0 0.887905 0.591101 0.037982 0.0371712
0 0.893789 0.108034 0.0406963 0.040712
0 0.30993 0.938391 0.0367963 0.0360229
0 0.138296 0.111414 0.0312259 0.0308661
0 0.899024 0.894973 0.0401421 0.0382397
0 0.887646 0.955676 0.0778418 0.0785007
0 0.821399 0.369499 0.035886 0.035006
0 0.547677 0.236473 0.45303 0.467746
0 0.855225 0.337959 0.0497057 0.0487732
0 0.800988 0.594001 0.0283415 0.0276839
0 0.00908818 0.380681 0.0180487 0.0321703
0 0.829993 0.232366 0.0312687 0.0313232
0 0.418519 0.891214 0.0299316 0.0293045
0 0.510076 0.0924144 0.0344854 0.0332125
0 0.863321 0.557517 0.0308966 0.0309462
0 0.768227 0.937326 0.200749 0.124638
0 0.0357816 0.124628 0.0351028 0.0346521
0 0.473263 0.133799 0.0315991 0.0304699
0 0.271517 0.0386591 0.0346866 0.0338378
0 0.830113 0.784078 0.0260223 0.0255672
