0 0.201986 0.499877 0.401242 0.368002
0 0.870941 0.515193 0.238092 0.215142
0 0.145632 0.279764 0.143467 0.128529
0 0.725055 0.942553 0.0418961 0.0387821
0 0.180254 0.695489 0.336384 0.293161
0 0.884077 0.913934 0.0347229 0.0322655
0 0.662054 0.559414 0.0571062 0.0505899
0 0.0820012 0.184133 0.11594 0.107039
0 0.676358 0.868556 0.0496535 0.0462896
0 0.406381 0.451834 0.0611353 0.0555469
0 0.0142479 0.893335 0.0282667 0.0476038
0 0.578485 0.0167026 0.0372206 0.0334053
0 0.925074 0.092795 0.0301716 0.0274569
0 0.0193167 0.345414 0.0360342 0.0333628
0 0.965065 0.298411 0.0692448 0.134532
0 0.653161 0.752934 0.039244 0.0353691
0 0.81495 0.412901 0.0474465 0.0417071
0 0.708498 0.602717 0.0765444 0.0697577
0 0.833286 0.379617 0.0432339 0.037751
0 0.456505 0.609473 0.0993753 0.0837482
0 0.59777 0.315025 0.0337378 0.0318876
0 0.522537 0.493519 0.030352 0.026458
0 0.74213 0.665745 0.0490376 0.0447662
0 0.650041 0.594165 0.0293907 0.0279914
0 0.802083 0.713397 0.0659918 0.0609292
0 0.817034 0.490047 0.0324017 0.0291548
0 0.941909 0.165566 0.116181 0.142146
0 0.973823 0.384959 0.0451387 0.0410481
0 0.896897 0.765946 0.0935867 0.0838234
0 0.51254 0.952441 0.0708298 0.0651333
0 0.619129 0.56771 0.0321569 0.028634
0 0.729518 0.611919 0.0805283 0.0689741
0 0.649621 0.264001 0.041692 0.0373892
0 0.675703 0.787232 0.0307024 0.028969
0 0.628964 0.894581 0.0389996 0.0347321
0 0.0228906 0.252585 0.0452818 0.0413458
0 0.615787 0.115823 0.204861 0.198338
0 0.660504 0.0440797 0.0265921 0.0238987
0 0.778509 0.366394 0.0282698 0.0252608
0 0.583057 0.692684 0.0373184 0.0338465
0 0.575317 0.585762 0.0277736 0.0263077
0 0.586875 0.989967 0.0294479 0.0200052
