0 0.352784 0.91575 0.0930164 0.0924282
0 0.371355 0.652769 0.129682 0.122123
0 0.295363 0.283266 0.0576798 0.0567245
0 0.709231 0.502984 0.0598654 0.0580177
0 0.58763 0.437549 0.0820011 0.0800736
0 0.937827 0.419328 0.0591686 0.0586986
0 0.255324 0.934131 0.0583121 0.0582577
0 0.534121 0.936814 0.0349863 0.0337238
0 0.599258 0.360979 0.0412261 0.039551
0 0.379431 0.0422397 0.0447807 0.0444239
0 0.0461201 0.681549 0.0651123 0.0636887
0 0.498158 0.525053 0.0449696 0.0435713
0 0.356453 0.389197 0.0532503 0.05163
0 0.612612 0.848759 0.0378687 0.0379866
0 0.35755 0.340027 0.0471662 0.0454796
0 0.515081 0.651153 0.0495951 0.0486218
0 0.764238 0.0510373 0.0396394 0.0389895
0 0.322342 0.570158 0.0476234 0.0451774
0 0.148457 0.334419 0.0463424 0.0464396
0 0.356196 0.139368 0.0502696 0.0483256
0 0.566485 0.765862 0.050028 0.0494076
0 0.260473 0.357669 0.0400055 0.0385227
0 0.128498 0.611328 0.0368616 0.0353375
0 0.391166 0.120745 0.0325039 0.0317631
0 0.599184 0.720286 0.0893169 0.0897598
0 0.981987 0.436633 0.0290339 0.028326
0 0.655355 0.47335 0.0542747 0.0530638
0 0.678144 0.341186 0.0343079 0.0332839
0 0.122729 0.124409 0.0619138 0.059586
0 0.527921 0.760389 0.0564783 0.0544023
0 0.42477 0.222542 0.0507644 0.0497404
0 0.732709 0.367866 0.0379138 0.0366965
0 0.864372 0.447442 0.0770332 0.0771246
0 0.481721 0.0159082 0.0605798 0.0318165
0 0.227117 0.628935 0.0301615 0.0295785
0 0.567903 0.907815 0.0359785 0.0355907
0 0.633939 0.386826 0.0415021 0.0409761
0 0.812431 0.292972 0.0436655 0.0413481
0 0.126331 0.384924 0.0677486 0.0661486
0 0.406814 0.251906 0.0292302 0.0275035
0 0.570365 0.0775522 0.0317032 0.0307597
0 0.653094 0.811019 0.134778 0.133528
0 0.500224 0.349964 0.0314117 0.0291252
0 0.505318 0.1072 0.0806279 0.0784376
0 0.354442 0.529407 0.0587516 0.0577254
0 0.68478 0.914522 0.0267912 0.0255604
0 0.222511 0.370693 0.0290377 0.0290309
0 0.655447 0.811599 0.0290623 0.0281704
0 0.129413 0.437853 0.0418683 0.040901
0 0.0126904 0.613641 0.0253808 0.0330811
0 0.970596 0.819315 0.0505945 0.0492102
0 0.491259 0.256067 0.0385805 0.0388381
0 0.328092 0.0768318 0.0256834 0.0243545
0 0.445426 0.844015 0.056101 0.0540115
0 0.700637 0.315993 0.0716011 0.0709001
0 0.663304 0.665275 0.0317236 0.0303526
0 0.773558 0.828647 0.0252527 0.0245022
0 0.735829 0.851992 0.0260815 0.025106
0 0.548564 0.640864 0.028786 0.0288565
0 0.945939 0.989446 0.0265604 0.020903
0 0.511308 0.722441 0.028536 0.0277431
0 0.746536 0.515215 0.0215424 0.0228277
0 0.553111 0.675293 0.038919 0.0378679
0 0.602822 0.637551 0.0355234 0.0321829
0 0.829082 0.705893 0.0250561 0.0247976
0 0.592813 0.0124364 0.027544 0.0241396
0 0.042638 0.751745 0.080233 0.0796083
0 0.21005 0.385632 0.0276776 0.0257807
0 0.532003 0.152892 0.0264618 0.025865
0 0.192679 0.365455 0.0305913 0.0327381
0 0.550481 0.725373 0.0476189 0.0464127
0 0.415127 0.305452 0.0290819 0.0283654
0 0.727109 0.0916149 0.0304056 0.0298226
0 0.21571 0.312501 0.0419391 0.0397944
0 0.735361 0.883129 0.0250373 0.0242067
0 0.635119 0.632887 0.0316527 0.0303824
