0 0.161625 0.410892 0.128892 0.121284
0 0.469393 0.61876 0.0540134 0.0465072
0 0.80694 0.76596 0.0400408 0.0365705
0 0.524645 0.883796 0.0351242 0.0306843
0 0.248982 0.172992 0.0352183 0.0317394
0 0.217766 0.852056 0.0501516 0.0442915
0 0.0897439 0.117819 0.0354311 0.0316815
0 0.09783 0.0456595 0.0338053 0.028995
0 0.552828 0.84195 0.0574923 0.0518633
0 0.212939 0.13263 0.0289237 0.0273864
0 0.604669 0.890685 0.0310003 0.027459
0 0.845881 0.878886 0.0368235 0.0319355
0 0.170743 0.763104 0.0306219 0.0269987
0 0.890502 0.499759 0.036871 0.0323543
0 0.798623 0.660672 0.0284819 0.0259962
0 0.546158 0.928715 0.0366955 0.0320536
0 0.911905 0.721358 0.060092 0.0553963
