0 0.902946 0.40859 0.138086 0.111955
0 0.818137 0.11015 0.0830448 0.0640306
0 0.846622 0.292834 0.0581589 0.0450674
0 0.923353 0.523911 0.0349546 0.0281052
0 0.13153 0.602803 0.0512368 0.0409666
0 0.543897 0.309631 0.0403072 0.0310791
0 0.16469 0.32116 0.134298 0.102241
0 0.765125 0.388959 0.0696634 0.0519151
0 0.245967 0.971129 0.0412017 0.0321964
0 0.0916573 0.866099 0.0338405 0.0272728
0 0.849642 0.745489 0.208441 0.172181
0 0.0310558 0.405905 0.0359898 0.0292774
0 0.291666 0.575368 0.0406433 0.0325253
0 0.494913 0.105407 0.0376543 0.0303643
0 0.822779 0.029679 0.0665603 0.0537795
0 0.13634 0.990363 0.0640392 0.0192732
0 0.320505 0.959206 0.0748025 0.0595839
0 0.593489 0.787843 0.0299418 0.0244966
0 0.201649 0.976239 0.0865638 0.0471369
0 0.389014 0.960721 0.0634314 0.0479885
0 0.964739 0.708116 0.0705229 0.109302
0 0.459346 0.63018 0.132257 0.0951295
0 0.771813 0.220491 0.0346809 0.027466
0 0.62965 0.938204 0.0542318 0.043965
