0 0.750588 0.804159 0.476266 0.372528
0 0.0728672 0.157884 0.0816379 0.064915
0 0.279407 0.200833 0.0485068 0.038254
0 0.0928453 0.581344 0.0436575 0.0352836
0 0.868517 0.383586 0.0593033 0.0476662
0 0.985408 0.4022 0.0287403 0.0364073
0 0.158754 0.771492 0.0380419 0.0300227
0 0.33696 0.164896 0.0505353 0.0401912
0 0.516362 0.708231 0.037478 0.0308727
0 0.307302 0.709923 0.0533255 0.0422817
0 0.279633 0.634113 0.0336619 0.0278514
0 0.100613 0.681751 0.0306093 0.025898
0 0.631749 0.501494 0.0350498 0.0282179
0 0.876859 0.113639 0.0351982 0.0291295
0 0.348366 0.970896 0.0572481 0.0451553
0 0.666064 0.559973 0.166807 0.125038
0 0.86109 0.662903 0.0349258 0.0276814
0 0.00758299 0.293438 0.0150804 0.0340813
0 0.485318 0.230996 0.0326109 0.0273682
0 0.978018 0.24008 0.0424606 0.0371425
0 0.0282138 0.0134781 0.0564277 0.0269562
0 0.517624 0.827263 0.0474503 0.0366718
0 0.328384 0.888585 0.0370013 0.0303104
0 0.586969 0.60761 0.0649349 0.0515896
0 0.137904 0.110851 0.0295125 0.0250304
0 0.429486 0.972053 0.0302403 0.0259079
0 0.528719 0.751737 0.0438166 0.037058
0 0.300745 0.00615496 0.045584 0.0123099
