0 0.857375 0.525685 0.285249 0.276451
0 0.882343 0.737778 0.0850941 0.0728809
0 0.775049 0.883578 0.320193 0.232635
0 0.488753 0.845165 0.197562 0.174846
0 0.41103 0.362721 0.203343 0.183225
0 0.0695745 0.895079 0.0658116 0.0586979
0 0.961258 0.246835 0.0397402 0.0371773
0 0.690437 0.41246 0.148891 0.131784
0 0.407029 0.93509 0.0529383 0.0469587
0 0.796915 0.0803454 0.048975 0.0452078
0 0.571611 0.962642 0.066762 0.0568871
0 0.127721 0.875454 0.0504075 0.0450264
0 0.398863 0.787746 0.0403073 0.0352798
0 0.61303 0.413512 0.0354312 0.0329451
0 0.505108 0.571867 0.0493915 0.0431606
0 0.163192 0.774646 0.035545 0.0327678
0 0.276266 0.80781 0.104096 0.0867028
0 0.978366 0.853837 0.0418566 0.0393995
0 0.792722 0.393292 0.0338615 0.0309362
0 0.0620115 0.766137 0.0541915 0.049533
0 0.352819 0.828858 0.0912284 0.0784855
0 0.701292 0.495517 0.0411597 0.0364664
0 0.202696 0.417007 0.0447113 0.0389551
0 0.36181 0.255163 0.0456731 0.0401326
0 0.222034 0.29531 0.0372682 0.0334969
0 0.182229 0.851519 0.0329224 0.0303358
0 0.142285 0.0916608 0.0314453 0.0282116
0 0.740677 0.622252 0.0362473 0.0303474
0 0.424334 0.634311 0.139724 0.119943
0 0.615125 0.988828 0.0506031 0.0223436
0 0.981783 0.713678 0.0351858 0.0317726
0 0.232506 0.983248 0.0432712 0.0335047
0 0.0568774 0.230549 0.0844958 0.0736445
0 0.150272 0.211558 0.0305144 0.0264375
0 0.515341 0.123215 0.154799 0.144941
0 0.786967 0.0552944 0.0304485 0.0295895
0 0.11749 0.509047 0.0377078 0.0345409
0 0.264006 0.351389 0.168909 0.137246
0 0.14094 0.596529 0.133112 0.124795
0 0.581621 0.667172 0.0845753 0.0719537
0 0.561977 0.29762 0.189125 0.184466
0 0.0724587 0.352345 0.0314014 0.0281535
0 0.0830133 0.525723 0.0338156 0.0306106
0 0.791035 0.635569 0.0314798 0.0280186
0 0.681967 0.721581 0.0301863 0.0258709
0 0.00846714 0.713547 0.0169343 0.0281662
0 0.987658 0.66653 0.0245583 0.0508988
0 0.0333693 0.299381 0.0296645 0.0269488
0 0.0377958 0.83413 0.03196 0.0291632
0 0.13064 0.304376 0.0294722 0.0275675
