0 0.300882 0.411537 0.223915 0.182231
0 0.858088 0.748731 0.188407 0.157067
0 0.660588 0.693435 0.053459 0.0430079
0 0.747215 0.362659 0.0553864 0.044229
0 0.94796 0.422196 0.0493938 0.0396767
0 0.438581 0.856975 0.506652 0.285856
0 0.317388 0.379252 0.0404173 0.0339431
0 0.653722 0.0619646 0.217359 0.12362
0 0.895093 0.606184 0.0390661 0.0328175
0 0.769872 0.599436 0.0360773 0.0300659
0 0.888812 0.472826 0.03843 0.0298914
0 0.328882 0.521346 0.0381456 0.0309666
0 0.846723 0.399767 0.0468525 0.0356365
0 0.830765 0.531018 0.0336857 0.0262741
0 0.805675 0.548052 0.0374502 0.0296653
0 0.736903 0.83607 0.0352573 0.0298388
0 0.826995 0.146409 0.0520569 0.0410022
0 0.888462 0.158106 0.0474182 0.0404394
0 0.856235 0.0179737 0.0584103 0.0358369
0 0.777272 0.0753942 0.0381498 0.0326509
0 0.632994 0.544818 0.0358889 0.0312826
0 0.692298 0.989518 0.0661654 0.0209633
0 0.926047 0.125542 0.0442192 0.0383729
0 0.162171 0.86987 0.0637363 0.0528858
0 0.985856 0.189676 0.0276623 0.028844
0 0.860107 0.364412 0.0320164 0.0286574
0 0.716304 0.466 0.03508 0.0281559
0 0.34863 0.389497 0.0286818 0.0231784
0 0.371504 0.404809 0.0298991 0.0244726
0 0.861714 0.545013 0.0327423 0.0270367
0 0.746312 0.405695 0.0518817 0.046342
0 0.986684 0.660054 0.0266314 0.0298779
0 0.240199 0.407102 0.0300232 0.0247015
0 0.992734 0.701356 0.0145317 0.0274284
0 0.785917 0.400453 0.0312813 0.026888
