0 0.428632 0.345241 0.242865 0.220379
0 0.0773819 0.828959 0.140943 0.125306
0 0.518483 0.558793 0.0779951 0.0659311
0 0.438535 0.529524 0.148128 0.127075
0 0.571423 0.676911 0.0690619 0.0595631
0 0.305016 0.591742 0.0774806 0.0650875
0 0.382876 0.0864393 0.0586452 0.0553741
0 0.704193 0.428833 0.0730053 0.0644277
0 0.480568 0.733018 0.075095 0.064884
0 0.360254 0.556902 0.0632203 0.0554467
0 0.417173 0.233782 0.072903 0.0645837
0 0.276429 0.531565 0.065991 0.0576254
0 0.078771 0.626932 0.0849198 0.0735308
0 0.22332 0.577867 0.0807074 0.069565
0 0.405374 0.822556 0.06679 0.057891
0 0.0205224 0.5426 0.0406803 0.0677425
0 0.173257 0.472026 0.0969824 0.0870331
0 0.209223 0.723862 0.0389948 0.035207
0 0.761457 0.906419 0.0432158 0.036063
0 0.336469 0.837484 0.058923 0.0498932
0 0.702566 0.157855 0.0358362 0.0306306
0 0.843497 0.857752 0.0756149 0.0651176
0 0.606709 0.711288 0.0420818 0.0377862
0 0.895264 0.921463 0.0848669 0.0717222
0 0.936958 0.014797 0.0369545 0.0294829
0 0.20172 0.139306 0.0641143 0.0581489
0 0.21294 0.378827 0.0568633 0.0484484
0 0.441212 0.709806 0.0623381 0.0552927
0 0.0145512 0.47883 0.0281616 0.028927
0 0.120614 0.165134 0.112973 0.103036
0 0.935722 0.377295 0.12802 0.118217
0 0.791603 0.743585 0.113667 0.101461
0 0.205081 0.425161 0.10991 0.101817
0 0.0528529 0.114731 0.100071 0.0916245
0 0.15956 0.634496 0.0866451 0.0760845
0 0.840369 0.960173 0.0734909 0.057695
0 0.487659 0.863546 0.0523474 0.0468674
0 0.626066 0.286014 0.0455607 0.0409715
0 0.317012 0.366921 0.051778 0.0491488
0 0.50665 0.648299 0.039257 0.0338613
0 0.822687 0.913994 0.0580905 0.0453468
0 0.591293 0.82876 0.246697 0.217685
0 0.473881 0.119514 0.067982 0.0608699
0 0.660904 0.492689 0.0343573 0.0299259
0 0.908746 0.493368 0.0335339 0.0304159
0 0.0320984 0.210321 0.0641969 0.0960164
0 0.488672 0.429809 0.0358919 0.0328297
0 0.844371 0.989767 0.0721039 0.0204651
0 0.528414 0.269091 0.0504568 0.0445024
0 0.611629 0.834033 0.0391718 0.0336914
0 0.404969 0.168333 0.105004 0.0995008
0 0.122916 0.420071 0.0529893 0.0486582
0 0.75736 0.852284 0.0908873 0.077623
0 0.6355 0.242666 0.0553313 0.0473901
0 0.0576439 0.334233 0.0369306 0.0308575
0 0.442156 0.615691 0.038616 0.0352223
0 0.267693 0.721602 0.0341334 0.0303919
0 0.653563 0.838318 0.129248 0.113602
0 0.145874 0.166394 0.0669547 0.0598141
0 0.0997633 0.299151 0.115217 0.0890547
