0 0.77139 0.553464 0.0480406 0.0405891
0 0.224309 0.630639 0.0399134 0.03353
0 0.580189 0.845886 0.0441793 0.0363625
0 0.765894 0.946216 0.0372093 0.0335403
0 0.965249 0.352322 0.0363243 0.0305735
0 0.878402 0.307804 0.0419212 0.0340575
0 0.510008 0.60995 0.0370121 0.0308395
0 0.718127 0.185463 0.0354956 0.0288269
0 0.610349 0.450437 0.0328495 0.0282375
0 0.879813 0.335448 0.0357016 0.0279581
0 0.63868 0.044798 0.042155 0.0350652
0 0.826618 0.539747 0.0779001 0.0658802
0 0.838696 0.344612 0.0382111 0.0279021
0 0.507894 0.886634 0.0342625 0.0295513
0 0.677956 0.711587 0.0296555 0.0267887
0 0.542937 0.443121 0.0389536 0.0330564
0 0.431058 0.647338 0.0300501 0.0264005
0 0.153671 0.0678886 0.0305105 0.0259607
0 0.53604 0.547079 0.0311686 0.0270016
0 0.489227 0.0245753 0.0350632 0.0293402
0 0.529615 0.822279 0.0324831 0.0259785
0 0.533957 0.580599 0.0287755 0.0250496
0 0.288489 0.433584 0.0364423 0.0314945
