0 0.831684 0.0568717 0.175598 0.113743
0 0.616075 0.90952 0.251499 0.180201
0 0.367202 0.461784 0.0412391 0.0315911
0 0.787669 0.205811 0.0611788 0.0506479
0 0.757507 0.336072 0.051765 0.0413958
0 0.897144 0.814108 0.057399 0.0429852
0 0.152874 0.140559 0.0463037 0.0352651
0 0.22187 0.0100953 0.0574879 0.0201889
0 0.913023 0.445424 0.0373016 0.0294584
0 0.274477 0.22444 0.0927237 0.0708967
0 0.272383 0.596193 0.0380688 0.0295799
0 0.214305 0.244687 0.0675516 0.0517849
0 0.688511 0.777644 0.170414 0.130433
0 0.0296777 0.843945 0.0368122 0.0278902
0 0.70366 0.317192 0.0325821 0.0274544
0 0.625855 0.778041 0.0494773 0.0373031
0 0.345716 0.194326 0.166916 0.129194
