0 0.151428 0.574773 0.0668707 0.0669703
0 0.42374 0.100589 0.0536252 0.0532332
0 0.430937 0.675375 0.0381399 0.0372105
0 0.530103 0.0344544 0.0499358 0.048831
0 0.144043 0.295581 0.0399639 0.0389692
0 0.259115 0.61512 0.0419534 0.040567
0 0.640848 0.859344 0.0375509 0.0357559
0 0.616697 0.566062 0.0346184 0.0337563
0 0.0656651 0.120651 0.0309932 0.030031
0 0.275911 0.480288 0.0521849 0.0529301
0 0.104901 0.13052 0.0316615 0.0312176
0 0.141951 0.0356046 0.0279175 0.0272524
0 0.622241 0.438709 0.0310921 0.0305477
0 0.114057 0.639848 0.0280237 0.0274942
0 0.0932594 0.00720014 0.033548 0.0144003
0 0.213527 0.153297 0.027844 0.0269212
0 0.850232 0.170128 0.0285908 0.0283078
0 0.0921841 0.513763 0.0360995 0.0342983
0 0.0885583 0.659841 0.0295505 0.0290051
0 0.0493744 0.390157 0.0434231 0.0418306
0 0.367247 0.493866 0.025938 0.0258285
0 0.919631 0.974153 0.0648909 0.0511868
0 0.605449 0.00841805 0.0370036 0.0168361
0 0.0702807 0.422623 0.026211 0.0253883
0 0.630043 0.944342 0.25739 0.111315
0 0.308317 0.729246 0.0651194 0.0639763
0 0.152423 0.758409 0.0253432 0.0251495
0 0.15396 0.404194 0.0336726 0.031933
0 0.245408 0.0960807 0.0286724 0.0276424
0 0.505512 0.103211 0.0277042 0.0263109
0 0.714873 0.572906 0.03279 0.0318222
0 0.947779 0.902377 0.051585 0.0509708
0 0.813172 0.109111 0.0364563 0.0363638
0 0.217161 0.621345 0.0432808 0.0433854
0 0.840428 0.58765 0.0459074 0.0456358
0 0.922912 0.425243 0.027586 0.0270832
0 0.107351 0.905826 0.0419476 0.0432854
0 0.62349 0.140065 0.0690543 0.0702805
0 0.038466 0.508871 0.0251127 0.0245825
0 0.791087 0.697856 0.0813884 0.0808765
0 0.0650622 0.628273 0.0284675 0.0260949
0 0.290019 0.0552558 0.023857 0.0231734
0 0.876641 0.115046 0.0281376 0.0277497
0 0.911991 0.347786 0.0264366 0.0265368
0 0.803516 0.011586 0.038213 0.0230781
0 0.785803 0.596399 0.0795425 0.0825722
0 0.883085 0.23625 0.0273174 0.0270416
0 0.0193675 0.338703 0.0385446 0.0392653
0 0.76439 0.0602634 0.0893601 0.0857825
0 0.49503 0.0740484 0.0247919 0.023099
