0 0.29752 0.694688 0.0717955 0.0617332
0 0.40503 0.833153 0.0555548 0.0471294
0 0.382003 0.585018 0.0340983 0.0307845
0 0.539448 0.437985 0.0571552 0.051307
0 0.299533 0.197925 0.0448827 0.0421129
0 0.0316017 0.787364 0.037118 0.0309443
0 0.53313 0.991113 0.0410659 0.0177732
0 0.0605285 0.31502 0.0315194 0.0283977
0 0.659674 0.363619 0.0320312 0.029164
0 0.469549 0.502071 0.0485806 0.0422298
0 0.984019 0.416966 0.0317146 0.0365465
0 0.958972 0.904028 0.0397419 0.0344252
0 0.183274 0.0486351 0.0302224 0.0294215
0 0.314849 0.370128 0.029526 0.027695
0 0.578813 0.0195637 0.0502986 0.0391274
0 0.611738 0.30243 0.0392609 0.03583
0 0.0531854 0.292203 0.0258504 0.0252704
0 0.483878 0.0572546 0.0411174 0.0392742
0 0.519217 0.467735 0.0351058 0.0311392
0 0.91326 0.419596 0.0458221 0.0431097
0 0.754938 0.117305 0.0366748 0.0359276
