0 0.215644 0.973415 0.0612212 0.053171
0 0.884919 0.519475 0.0351421 0.0338814
0 0.0726164 0.885017 0.0351645 0.032341
0 0.396523 0.55522 0.0436205 0.0403384
0 0.0648325 0.955623 0.0281585 0.0266066
0 0.953844 0.3993 0.0500431 0.0478261
0 0.271681 0.854515 0.0308283 0.029565
0 0.341396 0.692364 0.0301897 0.0288708
0 0.533427 0.918436 0.036712 0.0352795
0 0.593615 0.764259 0.0303643 0.0288281
0 0.353056 0.709853 0.0341237 0.0324945
0 0.873164 0.831264 0.0422874 0.0401983
0 0.317979 0.820644 0.0389659 0.0385422
0 0.6109 0.948466 0.0271944 0.0259396
0 0.965477 0.0762313 0.0498259 0.0477503
0 0.585868 0.908266 0.0263638 0.0260059
0 0.228259 0.13977 0.033906 0.0320678
0 0.0837169 0.97291 0.0280651 0.0252937
