0 0.850614 0.795047 0.15059 0.125289
0 0.351629 0.735053 0.135208 0.110878
0 0.216795 0.157891 0.11517 0.0954072
0 0.521315 0.660187 0.0523252 0.0411953
0 0.251393 0.855884 0.0532536 0.0424812
0 0.829009 0.369368 0.0458067 0.0363739
0 0.854218 0.630746 0.0427559 0.0353024
0 0.636777 0.489995 0.0536296 0.0465393
0 0.115319 0.6686 0.0382687 0.0303122
0 0.181945 0.694585 0.0399193 0.0336592
0 0.378365 0.805974 0.0483394 0.0383303
0 0.290298 0.778757 0.0304262 0.0250219
0 0.844612 0.177677 0.0341927 0.0288493
0 0.831404 0.153463 0.0339829 0.0274986
0 0.120224 0.983113 0.0302785 0.0264048
0 0.217644 0.598559 0.0333358 0.0277726
0 0.0182092 0.43362 0.0356775 0.0303535
0 0.32646 0.882116 0.0452193 0.0369404
0 0.56908 0.802129 0.0525797 0.0414265
0 0.296867 0.966557 0.0287081 0.0251682
0 0.434063 0.989633 0.0336175 0.0204067
0 0.366132 0.850574 0.0511392 0.0425312
0 0.311676 0.477482 0.0323495 0.0265705
0 0.458444 0.308443 0.0692747 0.0589747
0 0.991271 0.205509 0.0174575 0.0316399
0 0.179399 0.830899 0.0381168 0.029323
0 0.700113 0.990688 0.0664287 0.0186237
0 0.112015 0.29557 0.0373757 0.0292941
0 0.246135 0.305812 0.037664 0.030135
0 0.399217 0.265698 0.104079 0.0876098
0 0.547393 0.85961 0.157997 0.127672
0 0.0635899 0.725829 0.12718 0.233963
0 0.472944 0.0280374 0.0337893 0.0302003
0 0.649214 0.741388 0.0287727 0.0248201
0 0.100265 0.922906 0.0287834 0.0238749
