0 0.330758 0.154224 0.218414 0.194307
0 0.105443 0.129772 0.210453 0.257236
0 0.720764 0.225791 0.0624161 0.057266
0 0.303523 0.541284 0.13921 0.123047
0 0.534689 0.795993 0.0777557 0.0665482
0 0.814385 0.766698 0.0923317 0.0786591
0 0.122237 0.385575 0.0835309 0.0743209
0 0.562078 0.866007 0.0823263 0.0704052
0 0.654676 0.708073 0.0576242 0.0476584
0 0.468586 0.237393 0.0415386 0.0369916
0 0.19568 0.757667 0.390054 0.395848
0 0.350871 0.947171 0.180719 0.105315
0 0.132358 0.859783 0.0494826 0.0447491
0 0.461688 0.42291 0.0359272 0.031986
0 0.777055 0.506673 0.0471457 0.0420761
0 0.800046 0.977417 0.0721251 0.0451651
0 0.615383 0.834586 0.0680306 0.0576145
0 0.766046 0.434575 0.0370062 0.0324578
0 0.890766 0.950919 0.0563992 0.0480381
0 0.526149 0.450131 0.0453333 0.0382469
0 0.746699 0.615603 0.0547438 0.0471832
0 0.0116426 0.336134 0.0232851 0.0519012
0 0.890385 0.855685 0.0343407 0.0277838
0 0.623361 0.390078 0.0488861 0.0428566
0 0.927312 0.817164 0.069393 0.0558704
0 0.807178 0.19015 0.0435802 0.0394612
0 0.6831 0.653826 0.0798505 0.071163
0 0.0220445 0.439511 0.0438858 0.0819906
0 0.904772 0.518583 0.0602953 0.0557751
0 0.951759 0.569621 0.091254 0.0820266
0 0.671605 0.93657 0.056711 0.0498951
0 0.347964 0.0368705 0.0266795 0.0245617
0 0.702479 0.489188 0.0555004 0.047379
0 0.488344 0.605608 0.0282513 0.0257324
0 0.677848 0.560806 0.0506182 0.0454191
0 0.803473 0.134428 0.0326928 0.0298713
0 0.988361 0.424589 0.0232782 0.0330687
0 0.720892 0.945187 0.0553457 0.0484695
0 0.426719 0.646482 0.0451714 0.0352851
0 0.315017 0.380156 0.11635 0.106008
0 0.762225 0.247228 0.0364296 0.0326262
0 0.586753 0.367779 0.0353373 0.0325605
0 0.778775 0.386345 0.0261208 0.0247441
0 0.477363 0.921682 0.0994911 0.087752
0 0.74586 0.927636 0.106302 0.0962952
0 0.631688 0.557889 0.0342833 0.0289557
0 0.203995 0.37455 0.075001 0.0687457
0 0.0236298 0.990954 0.0246588 0.0180925
0 0.970641 0.809259 0.0397347 0.0365338
