0 0.134811 0.214865 0.0347585 0.035003
0 0.717676 0.403786 0.0356777 0.0333307
0 0.190046 0.813607 0.105096 0.102662
0 0.319408 0.637367 0.0320204 0.031596
0 0.805757 0.597132 0.0278862 0.026935
0 0.972834 0.0296165 0.0537045 0.059233
0 0.19657 0.719525 0.0320142 0.0317509
0 0.338294 0.659463 0.0283339 0.0271002
0 0.879359 0.447715 0.0269121 0.0258579
0 0.352852 0.10091 0.0370226 0.0337783
0 0.0285418 0.79654 0.0250514 0.0247168
0 0.820558 0.501028 0.0293383 0.0281224
0 0.0657312 0.153597 0.0330314 0.0319893
