0 0.888602 0.20012 0.0558723 0.050021
0 0.858952 0.367699 0.0556711 0.0521259
0 0.982688 0.181485 0.0341904 0.0359659
0 0.763838 0.918588 0.0427668 0.0389683
0 0.125109 0.575795 0.0328951 0.0314759
0 0.0613909 0.0883212 0.0342665 0.0318595
0 0.737271 0.596732 0.334278 0.290796
0 0.101125 0.296818 0.0415985 0.0390971
0 0.0323885 0.116262 0.0351716 0.0329722
0 0.982363 0.661377 0.0351097 0.0345839
0 0.433163 0.114955 0.0405974 0.0376592
0 0.202443 0.491029 0.0335157 0.0324169
0 0.886549 0.8528 0.0517658 0.0480978
0 0.649916 0.701406 0.0402924 0.0359401
0 0.258048 0.190691 0.0285422 0.0277778
0 0.036204 0.748322 0.0312878 0.0291364
0 0.551106 0.917588 0.137744 0.132119
0 0.0514522 0.574619 0.0469918 0.0451975
0 0.167042 0.378998 0.333944 0.433711
0 0.776773 0.876005 0.038566 0.0341772
0 0.0510273 0.973887 0.0615458 0.0506359
0 0.928073 0.968884 0.0340328 0.0309374
0 0.239653 0.248365 0.0327532 0.0309691
