0 0.807395 0.296202 0.0596108 0.0564604
0 0.791514 0.482499 0.0393215 0.0375978
0 0.379044 0.61292 0.0338201 0.0318357
0 0.954279 0.701805 0.0317333 0.0294403
0 0.568955 0.367566 0.0296546 0.0284992
0 0.440513 0.31249 0.0394362 0.0391335
0 0.582746 0.809161 0.0337111 0.0312195
0 0.0896722 0.519902 0.0321677 0.0313077
0 0.178294 0.379637 0.0324984 0.0300859
0 0.956234 0.343968 0.0325142 0.0320538
0 0.984865 0.342879 0.0302698 0.0346914
0 0.430417 0.169182 0.032559 0.03119
0 0.0826931 0.47767 0.0270494 0.0268354
0 0.215305 0.239722 0.0272666 0.0269095
0 0.0590738 0.523181 0.0275066 0.026483
0 0.242751 0.974274 0.0317089 0.0301674
0 0.990301 0.120682 0.0193977 0.031115
