0 0.483142 0.226507 0.107572 0.0816814
0 0.119641 0.186935 0.0797349 0.0589354
0 0.917795 0.118345 0.0900551 0.0673886
0 0.665236 0.654328 0.064139 0.0493216
0 0.0465234 0.129229 0.0486746 0.0385436
0 0.791064 0.0594601 0.0542812 0.0388932
0 0.191564 0.105284 0.0417196 0.0317755
0 0.580048 0.579187 0.0404034 0.0313944
0 0.872079 0.508752 0.0490234 0.0357819
0 0.638977 0.53585 0.0659984 0.0496119
0 0.620619 0.628937 0.046513 0.0359877
0 0.462645 0.938636 0.0407424 0.0320641
0 0.624188 0.216492 0.0402443 0.0333844
0 0.627566 0.150337 0.036193 0.0275991
0 0.810939 0.470209 0.0385071 0.0290113
0 0.835813 0.422612 0.0481834 0.0337505
0 0.481558 0.375705 0.196325 0.152384
0 0.293271 0.633116 0.586541 0.657525
0 0.176854 0.933251 0.353707 0.133498
0 0.67747 0.177843 0.0369247 0.0294564
0 0.600355 0.887591 0.135984 0.111427
0 0.295555 0.640794 0.0355217 0.0281043
0 0.705918 0.088816 0.220264 0.15983
0 0.0078995 0.289222 0.015799 0.0403033
0 0.8269 0.435969 0.0509521 0.0350442
