0 0.0677417 0.239732 0.135443 0.148426
0 0.461829 0.861358 0.438527 0.276701
0 0.760774 0.967609 0.0366517 0.0355259
0 0.757731 0.247622 0.484538 0.48705
0 0.234023 0.204732 0.0398644 0.0398741
0 0.921334 0.511061 0.0278145 0.0264812
0 0.0494622 0.501221 0.0325147 0.0329208
0 0.361263 0.574708 0.0370126 0.0379955
0 0.0114318 0.812333 0.0228636 0.0433451
0 0.929672 0.456084 0.039513 0.0383716
0 0.376577 0.679507 0.0377996 0.037187
0 0.19565 0.806386 0.0398434 0.0384678
0 0.0937302 0.77762 0.056972 0.0506351
0 0.27771 0.301506 0.0336637 0.0340571
0 0.816289 0.46174 0.035709 0.0336586
0 0.721904 0.771748 0.185077 0.178701
0 0.0107699 0.859051 0.0215398 0.0506714
0 0.247458 0.167624 0.0469491 0.0456416
0 0.509303 0.521317 0.0322672 0.0312576
0 0.19015 0.87207 0.0272332 0.0277252
0 0.0382223 0.793809 0.0488087 0.0499921
0 0.133422 0.354908 0.0282118 0.0282558
0 0.24826 0.553497 0.0368677 0.0358067
0 0.967074 0.663837 0.0276201 0.0279583
0 0.684903 0.572848 0.0304745 0.0292572
0 0.265741 0.122285 0.0324303 0.0312402
0 0.511449 0.304526 0.0328423 0.031708
0 0.142448 0.135144 0.0267847 0.0263713
0 0.100956 0.364964 0.0394609 0.037981
0 0.301931 0.326091 0.0358064 0.0344559
0 0.00824888 0.526714 0.0164348 0.0297573
