0 0.576405 0.10746 0.0451565 0.0436295
0 0.752083 0.277158 0.0436236 0.0417104
0 0.858083 0.0626666 0.0449959 0.0433234
0 0.0239769 0.924798 0.0479538 0.0512447
0 0.492911 0.937984 0.039079 0.0385227
0 0.277575 0.0299195 0.0569418 0.0559699
0 0.586743 0.56329 0.0519722 0.0498648
0 0.490099 0.0812459 0.0299994 0.0300826
0 0.195763 0.561938 0.036213 0.0352146
0 0.543561 0.887254 0.0358277 0.0343267
0 0.648922 0.492202 0.0329597 0.032743
0 0.694051 0.307466 0.0354595 0.0338898
0 0.299835 0.797325 0.0358262 0.0348569
0 0.0797993 0.215762 0.034331 0.0332918
0 0.502661 0.58154 0.0292776 0.0290087
0 0.990608 0.893055 0.0187405 0.0497211
0 0.759813 0.0355159 0.0340031 0.03101
0 0.721341 0.232464 0.0300267 0.0301439
0 0.990524 0.526378 0.0189528 0.0534521
0 0.353543 0.653307 0.0323305 0.0311347
0 0.635325 0.0760408 0.0343678 0.0322321
0 0.616863 0.600568 0.0406973 0.0391659
0 0.0337072 0.57288 0.036015 0.035734
0 0.304077 0.0137986 0.0324069 0.0275573
0 0.628695 0.969602 0.0293804 0.0280472
0 0.845836 0.841256 0.0276749 0.026894
0 0.729891 0.0455297 0.0475532 0.0487045
0 0.155587 0.0293196 0.0288707 0.0282769
0 0.149405 0.954976 0.0308593 0.0305185
0 0.0688625 0.165401 0.0255623 0.0252239
0 0.669561 0.700272 0.0276594 0.0264157
0 0.470317 0.925181 0.0278021 0.0267336
0 0.747843 0.827787 0.0289507 0.0263332
0 0.345735 0.0566093 0.0337502 0.0344845
