0 0.182113 0.878505 0.290489 0.24295
0 0.745415 0.494208 0.0552963 0.0477297
0 0.225918 0.649177 0.063829 0.0544745
0 0.954847 0.458111 0.0670036 0.054508
0 0.418362 0.483044 0.0500443 0.0413813
0 0.606305 0.881605 0.0453431 0.0373617
0 0.59217 0.421585 0.0747749 0.0627167
0 0.63496 0.450696 0.0371349 0.0324287
0 0.602147 0.642171 0.0334451 0.0276561
0 0.141062 0.21387 0.282125 0.390742
0 0.810392 0.17021 0.0354967 0.0287433
0 0.533295 0.538276 0.0465855 0.0399263
0 0.677409 0.135616 0.0374023 0.0309571
0 0.544657 0.707792 0.0294387 0.0254601
0 0.56438 0.839504 0.0354887 0.0299425
0 0.288017 0.491832 0.0355401 0.0315541
0 0.23705 0.00835201 0.0532781 0.016704
0 0.393231 0.899337 0.0340694 0.0271549
0 0.643446 0.513661 0.0561167 0.0504126
0 0.151251 0.376688 0.0734324 0.0648924
0 0.868121 0.934913 0.0832518 0.0746197
0 0.899144 0.306798 0.176695 0.142381
0 0.428341 0.910367 0.0398834 0.0328524
0 0.663604 0.0212076 0.0453131 0.0391806
0 0.243052 0.399001 0.0300175 0.0257202
0 0.102678 0.537874 0.205356 0.38604
0 0.617234 0.698967 0.0305383 0.0266232
0 0.806526 0.0515956 0.361251 0.103122
0 0.959521 0.216472 0.0809582 0.165053
0 0.834582 0.642746 0.0349829 0.0320562
0 0.603902 0.32317 0.0631184 0.0519602
