0 0.790993 0.695701 0.418014 0.33689
0 0.188502 0.157444 0.0776306 0.0633707
0 0.231035 0.639122 0.0468227 0.0358015
0 0.835301 0.0938266 0.0444391 0.0329458
0 0.320284 0.696039 0.0397197 0.0291744
0 0.025036 0.708952 0.0386946 0.0297825
0 0.160125 0.432038 0.0398139 0.0316633
0 0.254977 0.929498 0.0385385 0.0303082
0 0.0606602 0.240387 0.0371724 0.0285228
0 0.0847922 0.783764 0.0405241 0.0302412
0 0.478155 0.193612 0.21534 0.178058
0 0.740977 0.199469 0.0485622 0.0387797
0 0.687413 0.426565 0.0360457 0.0286926
0 0.154696 0.355514 0.0355909 0.0280332
0 0.813689 0.683131 0.0343351 0.0262854
0 0.094695 0.898656 0.0345355 0.0273251
0 0.54038 0.47067 0.0363531 0.0271032
0 0.260655 0.261526 0.0326198 0.026984
0 0.200102 0.0748841 0.0440902 0.0360545
0 0.418416 0.981167 0.0467621 0.0362358
0 0.205013 0.537057 0.086603 0.0677313
0 0.30056 0.520766 0.0973763 0.0748562
0 0.546839 0.179707 0.0321745 0.0268517
0 0.443166 0.212333 0.0331553 0.0274866
0 0.229604 0.478249 0.0541295 0.0426756
0 0.307984 0.104584 0.0304235 0.0248386
0 0.540001 0.905299 0.0404991 0.0300465
0 0.125705 0.0220723 0.0707605 0.0441446
0 0.313694 0.441505 0.0605957 0.0469426
0 0.180406 0.494763 0.0456871 0.0328342
0 0.205515 0.918102 0.0333065 0.0247673
0 0.637203 0.277355 0.0399335 0.0316266
0 0.347238 0.10667 0.0336972 0.0250927
