0 0.261512 0.404567 0.0936406 0.0899691
0 0.156785 0.375011 0.0541258 0.0502563
0 0.159453 0.533271 0.0504382 0.0473141
0 0.532812 0.74316 0.0460833 0.0436753
0 0.924109 0.0820347 0.041732 0.0380447
0 0.705762 0.296792 0.029958 0.0281193
0 0.486036 0.101692 0.033411 0.0319032
0 0.941954 0.819581 0.0296116 0.028632
0 0.545507 0.0684165 0.0275099 0.0266377
0 0.441713 0.889001 0.0459435 0.0426847
0 0.993604 0.393661 0.0127921 0.041289
0 0.461073 0.493849 0.0324644 0.032715
0 0.72435 0.0122705 0.0285437 0.0245411
0 0.100071 0.106526 0.0355723 0.0327096
0 0.197967 0.348113 0.0257955 0.024717
0 0.395557 0.255087 0.0255587 0.0239646
0 0.938585 0.790232 0.0347569 0.0336369
0 0.092709 0.678086 0.0368936 0.0329417
0 0.17766 0.309908 0.0336688 0.0313329
0 0.126229 0.220849 0.0719938 0.0681162
0 0.875525 0.27949 0.0266766 0.0247701
0 0.35303 0.77883 0.0268109 0.025038
0 0.255094 0.0476719 0.0543475 0.0548845
0 0.274369 0.220538 0.0588537 0.0557694
