0 0.219319 0.773034 0.129486 0.0949242
0 0.456899 0.682065 0.27206 0.197244
0 0.870682 0.755725 0.0762241 0.0579234
0 0.612132 0.422399 0.0635017 0.0464918
0 0.342174 0.51252 0.0422732 0.0327583
0 0.483328 0.818736 0.105588 0.0833223
0 0.78351 0.789504 0.432981 0.371588
0 0.0210745 0.814348 0.0417328 0.0377628
0 0.780558 0.631154 0.0955439 0.0682316
0 0.121624 0.944709 0.24289 0.110582
0 0.536842 0.953189 0.0422852 0.0319809
0 0.347899 0.352869 0.156832 0.124992
0 0.189356 0.860773 0.114675 0.0841139
0 0.232662 0.628977 0.0330407 0.0261775
0 0.798938 0.662925 0.0408091 0.0293394
0 0.92812 0.85604 0.0384968 0.0286327
0 0.924195 0.267833 0.114126 0.0874781
0 0.55783 0.348787 0.0332594 0.0271633
0 0.699986 0.690357 0.0458161 0.0352965
0 0.349003 0.240786 0.0618446 0.0485885
0 0.66046 0.712518 0.0384418 0.0307604
0 0.0981533 0.350738 0.196202 0.419905
0 0.744921 0.329895 0.0396087 0.0315161
0 0.589459 0.178367 0.628944 0.356734
0 0.376738 0.858515 0.0542581 0.0433575
0 0.614217 0.168096 0.0366772 0.0276954
0 0.919539 0.599701 0.101409 0.0834613
0 0.624591 0.617143 0.0368555 0.0299567
0 0.14902 0.55386 0.0296003 0.0254555
