0 0.225683 0.840771 0.0658599 0.0633635
0 0.0203402 0.490488 0.0401679 0.0698742
0 0.302666 0.614783 0.0620426 0.0598762
0 0.975573 0.551699 0.0348269 0.0323818
0 0.622428 0.364747 0.0336446 0.0321118
0 0.546635 0.838103 0.0844678 0.0810508
0 0.488688 0.645502 0.0749073 0.0719612
0 0.499784 0.906875 0.0441536 0.0416533
0 0.368966 0.0111469 0.0437816 0.0222938
0 0.376583 0.838772 0.0350945 0.0326149
0 0.751517 0.566878 0.0483648 0.0462475
0 0.267911 0.10949 0.0308625 0.0296495
0 0.841458 0.826042 0.0294081 0.0283915
0 0.700722 0.986715 0.0410733 0.0265698
0 0.227893 0.184842 0.0348771 0.034317
0 0.800882 0.885107 0.0296854 0.0273319
0 0.362247 0.872377 0.0425493 0.0401861
0 0.239857 0.270867 0.0517523 0.04911
0 0.267544 0.551833 0.0515936 0.050631
0 0.131273 0.63258 0.0318689 0.0298159
0 0.223371 0.389132 0.029359 0.0285061
0 0.709821 0.804866 0.0293763 0.0282972
0 0.11608 0.175569 0.0422381 0.0409609
0 0.877614 0.0991535 0.0246727 0.02393
0 0.236388 0.734805 0.0457534 0.0441445
0 0.0657238 0.823036 0.0285559 0.0273445
0 0.917161 0.0859836 0.0475891 0.0458907
0 0.148422 0.0940633 0.0394751 0.0372306
0 0.526975 0.70224 0.0292444 0.0281916
0 0.969499 0.869347 0.0271448 0.0254223
0 0.326977 0.919378 0.0475274 0.0445885
0 0.688313 0.712142 0.043859 0.0408032
0 0.131581 0.670616 0.0291273 0.0267723
0 0.846766 0.742572 0.0247911 0.0244692
0 0.672894 0.738217 0.0424236 0.0423826
0 0.653987 0.761155 0.0383415 0.0360563
0 0.31034 0.148661 0.0287538 0.0272224
