0 0.747433 0.292088 0.106602 0.100035
0 0.102181 0.212694 0.0545956 0.0525788
0 0.807995 0.668634 0.0602446 0.0588711
0 0.962797 0.0697941 0.0450747 0.0426018
0 0.482088 0.58461 0.0641908 0.0626265
0 0.873078 0.958997 0.0490952 0.0479601
0 0.777414 0.969766 0.0565163 0.0561985
0 0.950329 0.800498 0.0498238 0.0501831
0 0.371221 0.439936 0.0408535 0.0397346
0 0.960922 0.89105 0.0466183 0.0456726
0 0.490982 0.247875 0.229849 0.216442
0 0.55543 0.581842 0.044753 0.0432312
0 0.396111 0.567083 0.0362234 0.0355514
0 0.434183 0.141606 0.0394908 0.0382508
0 0.891189 0.539232 0.0306679 0.0300835
0 0.784122 0.565168 0.035243 0.0332462
0 0.0815381 0.493328 0.0423569 0.0417919
0 0.652352 0.583572 0.0440889 0.0428587
0 0.0938166 0.522456 0.0299229 0.0280825
0 0.728729 0.746228 0.0518073 0.0496728
0 0.813989 0.954846 0.0297945 0.0293247
0 0.506111 0.839165 0.0361507 0.0345329
0 0.473916 0.507535 0.0389996 0.0373068
0 0.861042 0.665259 0.0511707 0.0506013
0 0.737203 0.789078 0.0533504 0.0517597
0 0.713102 0.558554 0.027495 0.0270992
0 0.925028 0.392829 0.0290733 0.0293414
0 0.640936 0.705503 0.0643734 0.0630482
0 0.337904 0.282182 0.0888877 0.0863373
0 0.912343 0.519327 0.0302382 0.0317831
0 0.357805 0.0581838 0.0333288 0.0318705
0 0.99477 0.901362 0.0104593 0.0388748
0 0.985377 0.683814 0.0292461 0.0400494
0 0.181739 0.253744 0.0268611 0.0255188
0 0.796559 0.352585 0.0579548 0.0559929
0 0.508525 0.117246 0.0639385 0.0628317
0 0.826203 0.923824 0.0281952 0.0286575
0 0.205059 0.658704 0.0320351 0.0313158
0 0.931153 0.748157 0.0472656 0.0459824
0 0.278579 0.350883 0.0274986 0.0268697
0 0.718972 0.582976 0.034402 0.0336438
0 0.926924 0.709718 0.0383274 0.0370124
0 0.153296 0.723968 0.0469986 0.045755
0 0.679094 0.680861 0.0280484 0.0269157
0 0.442463 0.65842 0.0450518 0.0428125
0 0.350205 0.0944948 0.0349071 0.0344373
0 0.23003 0.0202413 0.0572845 0.0404827
0 0.304829 0.53627 0.0434617 0.0408188
0 0.673255 0.516899 0.0342614 0.0343031
0 0.704204 0.651317 0.0341158 0.0358123
0 0.478112 0.266584 0.0337967 0.0329965
0 0.250682 0.615092 0.0261395 0.0261044
0 0.0493146 0.33472 0.0986292 0.219004
0 0.501602 0.710366 0.0483768 0.0453311
0 0.787068 0.923188 0.0421932 0.0421299
