0 0.666903 0.115166 0.0685854 0.0559973
0 0.911869 0.939307 0.044471 0.0363451
0 0.948141 0.494683 0.0640953 0.0523275
0 0.40665 0.686425 0.0401535 0.0330252
0 0.187149 0.421189 0.0483591 0.0397009
0 0.253829 0.940743 0.0389211 0.0324345
0 0.9029 0.633173 0.035585 0.0300212
0 0.622171 0.337583 0.0349468 0.030357
0 0.0208513 0.338775 0.0413932 0.0511292
0 0.449455 0.371332 0.0365713 0.0310149
0 0.877943 0.286375 0.0370003 0.0303513
0 0.98323 0.709744 0.032748 0.0412285
0 0.864855 0.209564 0.0369152 0.0301552
0 0.89852 0.550655 0.0349817 0.0301149
0 0.950826 0.659609 0.0363028 0.030641
0 0.974042 0.292184 0.0347029 0.0297589
0 0.749134 0.944049 0.0294325 0.0267262
0 0.289134 0.00973056 0.0396612 0.0193597
0 0.621364 0.696119 0.118586 0.0978523
0 0.530682 0.78644 0.0450851 0.0353035
0 0.893301 0.989503 0.0452089 0.0209932
0 0.475141 0.495469 0.0287314 0.025362
0 0.473341 0.942236 0.0511135 0.0445621
0 0.764107 0.492658 0.0797375 0.0649853
0 0.0659134 0.0170665 0.0350841 0.0330991
0 0.0433404 0.418195 0.055649 0.049099
0 0.470047 0.267522 0.0381006 0.0311752
0 0.271977 0.161467 0.0320236 0.0289223
0 0.816184 0.908639 0.0310057 0.0273388
