0 0.532915 0.0663543 0.146807 0.122358
0 0.811554 0.321324 0.147519 0.136064
0 0.202966 0.498449 0.2657 0.256784
0 0.216695 0.190529 0.0383681 0.035549
0 0.373548 0.345082 0.0632617 0.0594877
0 0.848986 0.045891 0.0542 0.0465264
0 0.950396 0.194676 0.0366997 0.0327624
0 0.0107443 0.121073 0.0214885 0.0308052
0 0.160677 0.583956 0.0749815 0.0744361
0 0.389841 0.831096 0.0291743 0.0292953
0 0.913159 0.460257 0.0411329 0.036161
0 0.376481 0.577356 0.0299821 0.0295832
0 0.786204 0.46709 0.0358198 0.0346325
0 0.799033 0.174815 0.0492245 0.0434077
0 0.851565 0.419315 0.030653 0.0293268
0 0.0956319 0.860105 0.0481157 0.0471409
0 0.484084 0.619549 0.0338158 0.0328247
0 0.585332 0.920518 0.03922 0.0384489
0 0.728445 0.828098 0.0383221 0.0380459
0 0.229609 0.632028 0.0332634 0.0328175
