0 0.297594 0.828292 0.03363 0.0331123
0 0.727366 0.786359 0.0387371 0.0384039
0 0.263707 0.966603 0.0343904 0.0329895
0 0.0822982 0.15794 0.0331541 0.0311455
0 0.0811981 0.740326 0.161986 0.310236
0 0.233958 0.868065 0.0281396 0.0281816
0 0.422455 0.134532 0.0360672 0.0340716
0 0.682514 0.920809 0.0712781 0.0696526
0 0.199719 0.861769 0.0396019 0.0383982
0 0.670638 0.872632 0.0401289 0.0383902
0 0.986671 0.0742427 0.0266578 0.0496867
0 0.203084 0.0465262 0.0501258 0.0469968
0 0.127612 0.956441 0.0521934 0.0494717
0 0.45388 0.785549 0.0495197 0.0472597
0 0.785358 0.742285 0.0514414 0.0499328
0 0.718432 0.863939 0.0471831 0.0471809
0 0.81485 0.6129 0.0404188 0.0396595
0 0.795976 0.0852447 0.0661713 0.0642539
0 0.464571 0.740647 0.0254591 0.0251586
0 0.989912 0.0373432 0.0200789 0.0482627
0 0.776583 0.685101 0.051969 0.0480637
0 0.357185 0.220174 0.054382 0.0510225
0 0.472993 0.884808 0.0538048 0.0533821
0 0.7246 0.746097 0.0270592 0.0259239
0 0.0783418 0.977597 0.0579371 0.0448063
0 0.673051 0.682513 0.0381629 0.0368042
0 0.516908 0.727733 0.0254894 0.0242405
0 0.656255 0.895423 0.0337238 0.0335567
0 0.00885797 0.951823 0.0176296 0.0329565
