0 0.795243 0.041634 0.0467275 0.0464808
0 0.787381 0.697294 0.0764103 0.0773086
0 0.553698 0.615277 0.294212 0.288519
0 0.924792 0.387424 0.0837257 0.0811611
0 0.347548 0.545961 0.0382798 0.0380825
0 0.76011 0.446277 0.0417427 0.0414656
0 0.970261 0.267808 0.0503401 0.0474415
0 0.0852219 0.55507 0.0473719 0.0459944
0 0.0686339 0.203383 0.0899691 0.0893194
0 0.523459 0.85544 0.0459939 0.0439566
0 0.784932 0.339606 0.042762 0.0431346
0 0.835789 0.964006 0.0352623 0.0351597
0 0.949422 0.0700005 0.0468452 0.0465609
0 0.226001 0.297984 0.0329629 0.0328957
0 0.895559 0.663137 0.0484043 0.048321
0 0.179005 0.651302 0.0385555 0.0376256
0 0.624362 0.246864 0.23674 0.224758
0 0.857945 0.472325 0.0303753 0.0293129
0 0.401529 0.645448 0.0371441 0.0365894
0 0.0321817 0.141635 0.056663 0.0559776
0 0.183897 0.4343 0.0424309 0.0420974
0 0.158667 0.318812 0.0384985 0.0380194
0 0.618884 0.806464 0.0718455 0.0698455
0 0.037743 0.516544 0.0325755 0.0321495
0 0.316051 0.477901 0.036516 0.0364125
0 0.146497 0.586024 0.0376039 0.0375423
0 0.04447 0.698736 0.0322753 0.0315082
0 0.766616 0.298797 0.0322077 0.0320337
0 0.764799 0.777795 0.0361881 0.0354612
0 0.0822112 0.614235 0.0320957 0.0316263
0 0.165151 0.708269 0.0341273 0.034041
0 0.0371353 0.79414 0.032416 0.0325834
0 0.179137 0.18768 0.0295265 0.0290248
0 0.164046 0.0544812 0.0336054 0.0337524
0 0.967433 0.644403 0.064492 0.146094
0 0.104155 0.530604 0.0299839 0.0292879
0 0.17303 0.2398 0.0398669 0.0387189
0 0.51965 0.890406 0.0337046 0.0329494
0 0.677181 0.0693651 0.064914 0.0658103
0 0.173964 0.282961 0.0301986 0.0296972
0 0.701505 0.580686 0.03304 0.0320157
0 0.0881112 0.150925 0.0476677 0.0461348
0 0.681281 0.558879 0.0304546 0.0295824
0 0.876719 0.515783 0.031562 0.0306023
0 0.716878 0.993991 0.036463 0.0120171
0 0.576966 0.986788 0.0358227 0.0264244
0 0.514306 0.162633 0.0637662 0.0618722
0 0.87548 0.547821 0.0585701 0.0596859
0 0.909966 0.0914992 0.0378208 0.0355253
0 0.100745 0.103289 0.0279683 0.0278751
0 0.250215 0.55354 0.0304385 0.0300085
0 0.367828 0.685032 0.0285987 0.0264972
0 0.244176 0.983338 0.0719876 0.0331583
0 0.132727 0.128035 0.0403477 0.0404745
0 0.38113 0.60942 0.0464789 0.0447044
0 0.488694 0.562998 0.0294579 0.0289397
0 0.310148 0.451003 0.0436412 0.0421531
0 0.946477 0.769353 0.023777 0.0231253
0 0.912422 0.264517 0.0307552 0.0302945
0 0.329103 0.583124 0.0408393 0.0396429
0 0.09111 0.790017 0.05211 0.0514596
0 0.0976302 0.235647 0.028448 0.0276965
0 0.0549496 0.897083 0.0302713 0.0294065
0 0.0314347 0.583878 0.0628262 0.0673209
0 0.0804106 0.289648 0.0463169 0.0445291
0 0.189553 0.0299212 0.0435994 0.0437632
0 0.87788 0.333839 0.0271778 0.0271077
0 0.00801475 0.0289631 0.0160295 0.04398
0 0.148395 0.16254 0.0309626 0.0305536
0 0.924299 0.0211092 0.0321352 0.0324651
0 0.18711 0.725664 0.0267244 0.0269464
0 0.336542 0.774656 0.0303528 0.029405
0 0.296347 0.027295 0.0282618 0.0287827
0 0.551095 0.122633 0.0691574 0.0655282
0 0.689021 0.292192 0.0545551 0.0520639
0 0.0457579 0.0305456 0.0279416 0.0278906
0 0.463236 0.302086 0.0277587 0.0270863
