0 0.924047 0.265525 0.0715733 0.0664175
0 0.620678 0.4317 0.0648923 0.060615
0 0.698078 0.0277847 0.103351 0.0554652
0 0.952535 0.605947 0.0358223 0.0338264
0 0.833891 0.14103 0.039094 0.03822
0 0.623079 0.51077 0.0314396 0.029539
0 0.0487638 0.0459872 0.0547315 0.0532007
0 0.252335 0.517351 0.0351831 0.0343596
0 0.0166322 0.0171938 0.0327503 0.0343877
0 0.275169 0.0754775 0.0813159 0.0764574
0 0.0667415 0.393657 0.0356788 0.0341069
0 0.137816 0.415629 0.0531258 0.0517613
0 0.305619 0.89223 0.0295954 0.0268097
0 0.685998 0.595195 0.0283545 0.0271999
0 0.823883 0.0538812 0.0446327 0.0424799
0 0.409394 0.77996 0.21342 0.204053
0 0.717449 0.155338 0.0924366 0.085825
0 0.912672 0.146449 0.173904 0.239342
0 0.429865 0.625086 0.0263027 0.0256329
0 0.933264 0.519964 0.0277996 0.0271684
