0 0.361865 0.736728 0.0728938 0.070858
0 0.974891 0.340684 0.045319 0.0411842
0 0.749071 0.0456911 0.0341807 0.0318766
0 0.465734 0.260213 0.0305304 0.0292109
0 0.80836 0.0682483 0.0317817 0.0289721
0 0.531397 0.0835637 0.0301208 0.0284554
0 0.676837 0.558615 0.0362734 0.0341475
0 0.452386 0.621317 0.0290008 0.0280937
0 0.0649907 0.390417 0.0348614 0.0334518
0 0.248993 0.356015 0.0315282 0.0304103
0 0.0622344 0.492994 0.0315789 0.0315069
0 0.07757 0.919791 0.0286402 0.026408
0 0.391592 0.0515612 0.0337692 0.0320877
0 0.71543 0.552752 0.0418722 0.03879
0 0.197563 0.593899 0.030359 0.029749
0 0.158992 0.607284 0.0280149 0.0259521
0 0.474318 0.880608 0.0303881 0.0290783
0 0.0517017 0.411004 0.0329057 0.0320167
0 0.0637355 0.199009 0.0271196 0.0262079
0 0.469841 0.414732 0.0255917 0.0235956
0 0.447145 0.580159 0.0270054 0.0260386
0 0.240182 0.442031 0.0545536 0.0529568
0 0.164499 0.0971835 0.0957417 0.0932414
0 0.153704 0.987014 0.0387109 0.0252409
0 0.0142212 0.231633 0.028268 0.0355969
0 0.00840467 0.46297 0.0166829 0.0275778
0 0.501199 0.805422 0.04027 0.0383759
