0 0.589807 0.885935 0.062958 0.0606476
0 0.939929 0.321645 0.0734482 0.0733398
0 0.404809 0.624885 0.0506799 0.0490328
0 0.385924 0.736035 0.0467345 0.0457082
0 0.332978 0.960641 0.0489255 0.0461605
0 0.48052 0.822723 0.0448737 0.0449867
0 0.407543 0.456557 0.0298466 0.0289879
0 0.0520474 0.109772 0.0322647 0.0313177
0 0.410057 0.666694 0.0345423 0.0335488
0 0.597059 0.547659 0.0377201 0.0369292
0 0.842822 0.166425 0.0414562 0.0403308
0 0.23882 0.742192 0.0353359 0.0352451
0 0.0201916 0.227023 0.0353528 0.0369406
0 0.984364 0.299894 0.0312723 0.0366591
0 0.418295 0.26655 0.0349601 0.0345773
0 0.959824 0.215016 0.0297775 0.0294966
0 0.373053 0.218238 0.0255366 0.0256207
0 0.156587 0.82881 0.0291466 0.0285997
0 0.352803 0.649714 0.0255434 0.0251626
0 0.0149505 0.489705 0.0294981 0.031465
0 0.743232 0.759607 0.0295897 0.0277395
0 0.187977 0.607698 0.0274855 0.02738
0 0.470399 0.907942 0.0407181 0.0391632
0 0.0543501 0.0820207 0.0263366 0.0251161
0 0.315999 0.760777 0.0263931 0.0253337
0 0.32212 0.292246 0.0240497 0.0239041
0 0.486002 0.0634862 0.0260679 0.0258004
0 0.903164 0.0713714 0.193559 0.142578
0 0.80934 0.176783 0.0329697 0.0319038
0 0.96866 0.243112 0.0248802 0.0236762
0 0.117675 0.50989 0.0367379 0.0336063
0 0.635257 0.0714058 0.0302317 0.0283764
0 0.707213 0.833396 0.0268105 0.0259674
