0 0.713917 0.529861 0.241778 0.23223
0 0.232891 0.789497 0.077947 0.0743947
0 0.553956 0.929531 0.190115 0.140894
0 0.188116 0.399587 0.0504037 0.0482352
0 0.350253 0.969629 0.0718795 0.0607426
0 0.655052 0.355402 0.053026 0.0496699
0 0.0608551 0.440555 0.0722646 0.0707089
0 0.27994 0.0994703 0.0419965 0.0363748
0 0.875897 0.557851 0.0756645 0.0707285
0 0.235162 0.558151 0.0527442 0.0525297
0 0.672012 0.721724 0.0368324 0.0345207
0 0.820093 0.287152 0.0370125 0.0351212
0 0.0728182 0.617761 0.0507123 0.0488438
0 0.12085 0.593922 0.0594289 0.0584393
0 0.971241 0.979574 0.0487093 0.040789
0 0.192901 0.269808 0.0348536 0.0327311
0 0.335815 0.533445 0.0436907 0.0431227
0 0.183375 0.843461 0.0744982 0.0698637
0 0.254382 0.901931 0.050724 0.0487804
0 0.693873 0.770775 0.062052 0.0588817
0 0.310857 0.771517 0.0354724 0.0348253
0 0.284357 0.560526 0.0813134 0.0796222
0 0.456433 0.371041 0.0400646 0.0381312
0 0.115601 0.440364 0.0366923 0.0354168
0 0.587762 0.357165 0.0329451 0.0315212
0 0.154143 0.51101 0.0515013 0.0499685
0 0.759067 0.842903 0.045125 0.0429024
0 0.945166 0.611841 0.0742134 0.0707407
0 0.979988 0.653487 0.0321831 0.0305334
0 0.116142 0.482714 0.0301691 0.029598
0 0.21104 0.604283 0.0853068 0.0838361
0 0.429173 0.833036 0.0694161 0.0672131
0 0.922012 0.740062 0.129629 0.122638
0 0.662216 0.83453 0.0564863 0.055298
0 0.173727 0.98247 0.0334981 0.0309677
0 0.0879578 0.283972 0.0566156 0.0544741
0 0.282281 0.359139 0.0391588 0.0378554
0 0.651891 0.928333 0.0317439 0.0313156
0 0.111027 0.921991 0.148548 0.139789
0 0.490738 0.165243 0.0475662 0.0459655
0 0.852942 0.423001 0.0295321 0.0282057
0 0.298041 0.92091 0.107791 0.101917
0 0.297362 0.821431 0.0850317 0.0833811
0 0.703769 0.90859 0.0389771 0.0368198
0 0.445102 0.495061 0.0441318 0.0421489
0 0.268858 0.00634256 0.0378763 0.0126851
0 0.0129662 0.574173 0.0256072 0.0513983
0 0.0432327 0.650362 0.0518523 0.0490124
0 0.389485 0.552852 0.0337345 0.0318619
0 0.847125 0.878513 0.0499676 0.045627
0 0.441252 0.288986 0.0299954 0.0276588
0 0.431718 0.620031 0.0433762 0.0414568
0 0.840882 0.829119 0.051829 0.046806
0 0.176736 0.74382 0.0466699 0.0432335
0 0.55874 0.420184 0.0358788 0.0332525
0 0.261261 0.252977 0.0452063 0.041855
0 0.726275 0.806061 0.0395865 0.0387737
0 0.963171 0.504536 0.0306015 0.0299793
0 0.328813 0.71202 0.0302156 0.0291005
0 0.148634 0.552319 0.0820138 0.0812967
0 0.243969 0.856332 0.0400145 0.0369926
0 0.454206 0.421574 0.0491982 0.0450128
0 0.720129 0.387599 0.036572 0.0341713
0 0.443135 0.0876153 0.167589 0.155009
0 0.540931 0.654006 0.0325916 0.0306948
0 0.447005 0.826556 0.0355738 0.0460281
0 0.432405 0.795989 0.0313221 0.0292135
0 0.301634 0.483648 0.0343156 0.0335728
0 0.592487 0.595087 0.0302261 0.0276724
0 0.883836 0.682858 0.120121 0.109695
0 0.20462 0.527951 0.035595 0.0349863
0 0.394065 0.794507 0.0341135 0.0327034
0 0.100775 0.14355 0.201278 0.203189
0 0.603355 0.708122 0.0278792 0.0267373
0 0.756664 0.19521 0.482296 0.39042
0 0.28344 0.744878 0.0406155 0.0373026
0 0.23602 0.522961 0.031407 0.0305819
0 0.96532 0.676288 0.0394268 0.0365734
0 0.535259 0.867258 0.0382036 0.0360809
0 0.55567 0.939785 0.0398159 0.038496
0 0.437479 0.609962 0.0377412 0.0361021
0 0.203377 0.324223 0.0449091 0.0420085
0 0.459241 0.167625 0.0270224 0.0251039
