0 0.298981 0.311985 0.10069 0.0977108
0 0.802171 0.0836816 0.0707294 0.0705515
0 0.178771 0.846883 0.0582554 0.0570477
0 0.875175 0.651862 0.0515442 0.0510947
0 0.386239 0.300067 0.0362995 0.0346518
0 0.135078 0.983349 0.0862066 0.0331028
0 0.505096 0.673319 0.0317381 0.0309399
0 0.57967 0.35281 0.039064 0.0384225
0 0.797576 0.784832 0.0642587 0.0645355
0 0.587429 0.725617 0.045879 0.0474709
0 0.391878 0.253417 0.0310071 0.0298443
0 0.676538 0.795539 0.0303474 0.0303695
0 0.736871 0.785107 0.0291653 0.0281321
0 0.256535 0.489736 0.0422931 0.040946
0 0.807536 0.24221 0.056464 0.0566267
0 0.14924 0.648515 0.0318547 0.0315031
0 0.0650852 0.572932 0.0378704 0.037332
0 0.0111589 0.0686806 0.0223179 0.0329121
0 0.170054 0.331003 0.0486467 0.0473167
0 0.960723 0.0751779 0.0277676 0.0266452
0 0.0981575 0.435556 0.0358718 0.0346058
0 0.0331453 0.615422 0.0655686 0.0728862
0 0.533595 0.312248 0.0501569 0.0491549
0 0.462713 0.537027 0.0944663 0.0911692
0 0.0140918 0.210443 0.0277677 0.0666155
0 0.738781 0.00650149 0.0303686 0.0128843
0 0.513858 0.416334 0.0441962 0.042082
0 0.173333 0.731742 0.029158 0.0280686
0 0.542898 0.930325 0.0335646 0.0322453
0 0.0852597 0.668054 0.0448285 0.0417308
0 0.676889 0.404439 0.0437057 0.0428633
0 0.398193 0.558787 0.055502 0.0534684
0 0.761059 0.890984 0.0249598 0.025259
0 0.93465 0.785189 0.0755276 0.0716222
0 0.470196 0.719401 0.0434027 0.0400106
0 0.908164 0.109947 0.048613 0.0472303
