0 0.548392 0.766964 0.196356 0.175799
0 0.147017 0.474628 0.287486 0.284155
0 0.536213 0.462132 0.262037 0.235337
0 0.196073 0.718944 0.0432115 0.0411469
0 0.279804 0.926462 0.0544515 0.0505743
0 0.629421 0.29686 0.050617 0.0459691
0 0.878917 0.81239 0.0522095 0.0478585
0 0.402829 0.400679 0.0427337 0.0385492
0 0.610098 0.897564 0.0402149 0.0358496
0 0.613469 0.544929 0.052118 0.0452931
0 0.205565 0.23484 0.0408096 0.0351731
0 0.93217 0.598486 0.0328129 0.0300103
0 0.981768 0.184143 0.036464 0.0612221
0 0.750155 0.161949 0.0378057 0.0360396
0 0.252376 0.788802 0.0325605 0.0296686
0 0.865547 0.42405 0.093792 0.0822202
0 0.282536 0.690144 0.0316444 0.0292645
0 0.777983 0.742448 0.0335531 0.0305689
0 0.650977 0.161469 0.0325924 0.030901
0 0.39934 0.179802 0.0323181 0.0309577
0 0.17375 0.90599 0.0284904 0.0278858
0 0.243061 0.604986 0.0343969 0.0306947
0 0.872636 0.345639 0.0285179 0.0263247
0 0.487347 0.0588088 0.0549108 0.0462989
0 0.581579 0.00653795 0.0380772 0.0130615
0 0.832078 0.0736606 0.0312609 0.0295425
0 0.872459 0.858439 0.0284391 0.0259937
0 0.379756 0.804886 0.217875 0.185862
0 0.848522 0.181881 0.0294045 0.0266874
0 0.791227 0.366162 0.0279974 0.0261954
0 0.045729 0.0666156 0.0275407 0.024996
0 0.461142 0.36304 0.0294855 0.0273191
0 0.590972 0.288683 0.0442123 0.0436777
0 0.525646 0.940362 0.0703599 0.0633711
0 0.0485387 0.176111 0.028758 0.0264509
0 0.656154 0.193426 0.027847 0.0264912
0 0.423899 0.299606 0.0302608 0.0262733
0 0.0985735 0.232615 0.032388 0.0287188
0 0.723905 0.218538 0.0312691 0.0303981
0 0.87842 0.403596 0.047517 0.0400198
0 0.558268 0.371556 0.0293469 0.027501
0 0.855749 0.838956 0.0272888 0.0248669
0 0.956679 0.453792 0.085783 0.094679
0 0.820171 0.0988299 0.0303185 0.0284829
