0 0.306338 0.279877 0.0831483 0.0824461
0 0.0782009 0.725468 0.0556028 0.054668
0 0.484496 0.891587 0.0438284 0.042705
0 0.510522 0.281834 0.0401031 0.0391599
0 0.357188 0.496138 0.0305556 0.0295168
0 0.7596 0.0716095 0.03552 0.0344291
0 0.413918 0.230959 0.0378159 0.0370842
0 0.769168 0.0203414 0.0338533 0.0332548
0 0.687897 0.578728 0.0386316 0.0364807
0 0.686687 0.177574 0.0331171 0.0324722
0 0.76624 0.801911 0.0335056 0.0314743
0 0.04623 0.986937 0.0630566 0.0261082
0 0.159032 0.982212 0.0353533 0.0340782
0 0.680986 0.033207 0.0294882 0.0290072
0 0.0954441 0.622615 0.0275353 0.0268868
0 0.312387 0.330864 0.0283827 0.0280729
0 0.872872 0.967848 0.0300678 0.0303411
0 0.640994 0.628533 0.0600859 0.0593885
0 0.671824 0.118691 0.0274945 0.0270422
0 0.809391 0.0115061 0.0365755 0.0230121
0 0.872382 0.42903 0.101836 0.0971843
0 0.431566 0.422465 0.0261097 0.0252357
0 0.702421 0.641381 0.0700161 0.0686283
0 0.390961 0.50585 0.0485267 0.0460631
0 0.464719 0.278007 0.0302225 0.0288264
0 0.265487 0.624205 0.121584 0.122624
0 0.543591 0.91737 0.0714504 0.0702105
0 0.400788 0.76958 0.0413456 0.0404243
0 0.874544 0.0180666 0.0557751 0.0359771
