0 0.912417 0.236242 0.12562 0.09735
0 0.86552 0.293029 0.100874 0.0851336
0 0.596522 0.270735 0.0607176 0.0451019
0 0.36881 0.462427 0.0382939 0.0289568
0 0.363236 0.243359 0.0645706 0.046233
0 0.0524548 0.178034 0.0594892 0.0451782
0 0.550424 0.193641 0.0380568 0.0306985
0 0.414597 0.197433 0.044154 0.0341285
0 0.0726357 0.75082 0.058568 0.0439529
0 0.357736 0.556054 0.031947 0.0244625
0 0.93633 0.329526 0.0809372 0.0632401
0 0.170401 0.229799 0.0607586 0.0453357
0 0.226333 0.0865352 0.0899494 0.0731573
0 0.227926 0.491304 0.0348352 0.0276552
0 0.243766 0.0310194 0.0845727 0.0609424
0 0.827819 0.269196 0.0279524 0.0261913
0 0.319408 0.317164 0.0789267 0.0627469
0 0.968857 0.0237909 0.0576363 0.0472102
0 0.273138 0.39678 0.0719534 0.055852
0 0.961235 0.848869 0.0774288 0.0792503
0 0.283322 0.120658 0.0715636 0.0543163
0 0.649232 0.158626 0.0321046 0.0262598
0 0.727617 0.70058 0.0291628 0.0233847
0 0.106473 0.0856954 0.0807974 0.0664987
0 0.281059 0.877058 0.553176 0.243752
0 0.149542 0.638062 0.0344917 0.0246108
0 0.306328 0.245636 0.0503421 0.0405525
0 0.0245078 0.780446 0.0490155 0.0557686
0 0.307675 0.544222 0.615327 0.506165
0 0.696408 0.77794 0.506092 0.440713
