0 0.654339 0.150309 0.192334 0.157048
0 0.853363 0.361602 0.0870701 0.0693358
0 0.352604 0.366746 0.0570155 0.045214
0 0.0238505 0.28209 0.0476216 0.0497867
0 0.681539 0.764976 0.0627552 0.0496992
0 0.426756 0.0522256 0.0522732 0.0391537
0 0.447971 0.103893 0.037402 0.0325962
0 0.349225 0.768785 0.220121 0.161262
0 0.0544352 0.447869 0.10887 0.158113
0 0.91262 0.26031 0.117999 0.0910917
0 0.878329 0.874502 0.24206 0.232437
0 0.740847 0.0294709 0.0397732 0.0328403
0 0.782207 0.746646 0.192776 0.158295
0 0.139653 0.521975 0.179605 0.149706
0 0.421263 0.275726 0.0364717 0.0287223
0 0.515773 0.347464 0.050909 0.0395674
0 0.142322 0.211785 0.0313925 0.0255322
0 0.933801 0.385295 0.132399 0.133629
0 0.745903 0.857116 0.0661372 0.0546618
0 0.736874 0.742624 0.051996 0.0422002
0 0.0434148 0.921195 0.0862797 0.107736
0 0.468146 0.829577 0.0645231 0.0506275
0 0.934911 0.474643 0.130179 0.201201
0 0.529518 0.743558 0.141132 0.109099
0 0.70577 0.410794 0.136571 0.12256
0 0.902276 0.885961 0.0352531 0.0271994
0 0.446232 0.188916 0.0524609 0.043214
0 0.0929822 0.800101 0.0593707 0.0469173
0 0.779742 0.186468 0.0331179 0.0265152
