0 0.832197 0.56808 0.0411118 0.038246
0 0.504311 0.0394801 0.042528 0.0407419
0 0.915262 0.490751 0.0402021 0.0374298
0 0.872487 0.571757 0.0487865 0.0466832
0 0.43062 0.990764 0.0415041 0.0184719
0 0.58802 0.112271 0.0277255 0.0269714
0 0.994496 0.497217 0.0110087 0.0355389
0 0.456159 0.207076 0.0395294 0.039192
0 0.662061 0.123664 0.0304556 0.0287787
0 0.551631 0.150594 0.0260115 0.0251062
0 0.413488 0.20276 0.0283937 0.0262407
0 0.742535 0.675166 0.0293999 0.02757
0 0.598122 0.023092 0.0510626 0.0460993
0 0.854817 0.312309 0.0258648 0.024625
0 0.572678 0.0627071 0.0436462 0.0414503
