0 0.0958882 0.544442 0.0635582 0.0456761
0 0.343561 0.784537 0.0896934 0.0700457
0 0.454204 0.747829 0.0527521 0.0422203
0 0.894721 0.937584 0.040337 0.0325026
0 0.846593 0.805654 0.0624107 0.0482395
0 0.0974177 0.297091 0.0609328 0.0454125
0 0.198798 0.471145 0.0396244 0.0296892
0 0.273698 0.417604 0.0396894 0.0312563
0 0.974257 0.514268 0.0513077 0.0634211
0 0.371839 0.97851 0.0846111 0.0425411
0 0.18362 0.551817 0.0382995 0.0295767
0 0.139082 0.190409 0.0379956 0.0294785
0 0.731988 0.0129769 0.0361792 0.025457
0 0.906926 0.819005 0.0660881 0.0514204
0 0.736227 0.672001 0.0372793 0.02719
0 0.577623 0.401903 0.0452234 0.0334846
0 0.28181 0.829271 0.0417886 0.0320402
0 0.611178 0.775725 0.0344093 0.0273748
0 0.946036 0.953319 0.0544155 0.0378632
0 0.804482 0.466068 0.0487003 0.0366232
0 0.742371 0.546107 0.0687639 0.0502838
0 0.895989 0.50376 0.0335894 0.0277422
0 0.615443 0.810339 0.0419656 0.0321775
0 0.367603 0.963633 0.0306217 0.0242315
0 0.89463 0.96724 0.044463 0.0335829
0 0.859383 0.947671 0.0389053 0.0307308
0 0.0146208 0.964667 0.0291062 0.0313519
0 0.751797 0.125162 0.0370827 0.0279266
0 0.898467 0.330526 0.0707914 0.0520216
