0 0.970161 0.777006 0.0504063 0.0473156
0 0.439987 0.589396 0.0431189 0.0401495
0 0.977584 0.271787 0.0448317 0.0490882
0 0.890571 0.292965 0.0359985 0.0333946
0 0.54856 0.386089 0.0327289 0.0311219
0 0.68891 0.768233 0.0398642 0.036176
0 0.529337 0.931362 0.038047 0.0362885
0 0.119158 0.626847 0.0308365 0.0293835
0 0.933301 0.344628 0.0332308 0.0306799
0 0.458875 0.686527 0.0349062 0.0314314
0 0.708551 0.342729 0.0294361 0.0283022
0 0.598244 0.0205234 0.0439442 0.039792
0 0.829492 0.568345 0.0305593 0.0287714
0 0.380974 0.256413 0.0295229 0.0277559
0 0.460063 0.459678 0.0331585 0.0316315
0 0.767539 0.989808 0.0309057 0.0199894
0 0.43237 0.439618 0.0317154 0.0293318
0 0.154529 0.577349 0.0308141 0.0280649
0 0.673271 0.1003 0.0285635 0.0269574
0 0.0563619 0.85415 0.0283915 0.0259102
0 0.729354 0.822785 0.0292141 0.025721
0 0.265022 0.908277 0.0264391 0.0256088
0 0.640299 0.457367 0.0271898 0.0259571
