0 0.631012 0.325879 0.0704853 0.0560881
0 0.475695 0.389404 0.081765 0.0627006
0 0.70565 0.693881 0.119344 0.0942449
0 0.473921 0.225743 0.0879756 0.0691502
0 0.0735188 0.0614613 0.0498875 0.0396224
0 0.167912 0.610968 0.0493492 0.0388772
0 0.530684 0.127631 0.0601419 0.0481298
0 0.421762 0.206598 0.0446614 0.0369409
0 0.453161 0.0412548 0.0653259 0.0506424
0 0.193688 0.0159267 0.0743533 0.0315423
0 0.787627 0.801564 0.043523 0.0344204
0 0.81957 0.449371 0.252747 0.215958
0 0.573259 0.417131 0.0592014 0.0466973
0 0.458891 0.510704 0.0355337 0.0301273
0 0.731798 0.294843 0.0466261 0.0360986
0 0.714406 0.0210373 0.04084 0.0319158
0 0.487491 0.143153 0.050523 0.0380854
0 0.84554 0.906254 0.0452 0.0368114
0 0.395157 0.0950019 0.0499984 0.0374805
0 0.56656 0.890278 0.0390768 0.0329742
0 0.760091 0.883921 0.0557781 0.0436413
0 0.362378 0.179527 0.0358988 0.0286834
0 0.268712 0.544238 0.034081 0.0293055
0 0.636248 0.261888 0.040086 0.0305437
0 0.936214 0.613044 0.0477137 0.0394259
0 0.899964 0.463985 0.0865713 0.0659388
0 0.0576879 0.830378 0.0785278 0.0671335
0 0.164934 0.511532 0.0355586 0.0277596
0 0.496222 0.105509 0.0361073 0.0281487
0 0.481916 0.0814164 0.0410207 0.031383
0 0.737806 0.842957 0.0352707 0.0304707
0 0.986121 0.111967 0.0277586 0.0641866
0 0.940499 0.386729 0.118841 0.125119
0 0.329399 0.197984 0.0336261 0.0265986
0 0.797861 0.405149 0.189267 0.126373
0 0.387704 0.483907 0.0291095 0.0253454
0 0.399872 0.0418705 0.0535134 0.0429207
0 0.141459 0.775509 0.0374135 0.0298595
0 0.366247 0.909453 0.0366622 0.03146
0 0.53639 0.898205 0.0394062 0.03344
0 0.150794 0.127033 0.0318237 0.0257561
0 0.310766 0.582433 0.0336545 0.0284786
0 0.639983 0.730749 0.030891 0.0260621
0 0.83132 0.781992 0.0416416 0.033252
0 0.529566 0.587444 0.0341579 0.0286413
0 0.47723 0.843469 0.0364896 0.0309277
0 0.906222 0.0454271 0.0348534 0.0291556
0 0.709829 0.184217 0.0773893 0.0589765
0 0.696869 0.50106 0.0410521 0.0357397
0 0.267885 0.725951 0.0314807 0.0245349
0 0.819203 0.601857 0.0305094 0.0258307
0 0.508386 0.607168 0.0895698 0.072447
0 0.81154 0.53708 0.0798727 0.0578894
0 0.0579518 0.106002 0.0292629 0.0252642
0 0.948374 0.246075 0.0365707 0.029645
0 0.775696 0.00765793 0.0412007 0.0153159
0 0.370023 0.643407 0.0309501 0.0256947
0 0.703971 0.233004 0.0652617 0.0504044
0 0.824814 0.805799 0.0267998 0.0237976
0 0.10712 0.682544 0.0372319 0.0300196
