0 0.493317 0.794502 0.0699461 0.0543307
0 0.281669 0.762119 0.0513582 0.0412098
0 0.345698 0.322044 0.06403 0.048433
0 0.136577 0.319197 0.0723157 0.0596801
0 0.160048 0.838339 0.077806 0.056226
0 0.649858 0.678652 0.0590513 0.0464882
0 0.412381 0.703837 0.0429805 0.0352892
0 0.0873733 0.534508 0.0890785 0.0730544
0 0.678663 0.163284 0.050848 0.0398752
0 0.456981 0.697036 0.0639154 0.0531683
0 0.16272 0.414165 0.0582511 0.0450897
0 0.225238 0.24541 0.0696441 0.0520584
0 0.725975 0.39077 0.0525033 0.0394711
0 0.826426 0.939558 0.0432098 0.0354385
0 0.515843 0.326608 0.112465 0.0898797
0 0.232991 0.730753 0.0403168 0.0313847
0 0.278638 0.98051 0.0448337 0.0355354
0 0.0794058 0.0171514 0.0474454 0.0342221
0 0.920854 0.751143 0.0736458 0.0488214
0 0.577822 0.0753491 0.0376163 0.0281795
0 0.0577047 0.0644097 0.0435967 0.0328315
0 0.49566 0.959534 0.0489477 0.0390865
0 0.404071 0.666971 0.03905 0.0320476
0 0.114473 0.47967 0.0941556 0.0723564
0 0.491274 0.243344 0.0332066 0.0267569
0 0.363447 0.283076 0.0431614 0.0329789
0 0.540608 0.513384 0.10101 0.0804382
0 0.626521 0.50016 0.0610748 0.0472982
0 0.826267 0.519068 0.0745897 0.061874
0 0.743845 0.0197559 0.0631638 0.0394736
0 0.896828 0.228042 0.035277 0.0282359
0 0.705326 0.430256 0.0690136 0.0532304
0 0.590179 0.29764 0.0386957 0.0313061
0 0.778035 0.5615 0.0799697 0.066332
0 0.911628 0.796253 0.0425892 0.0316877
0 0.981839 0.332018 0.0343609 0.0297335
0 0.238999 0.478399 0.0362654 0.027272
0 0.871263 0.801592 0.0334759 0.0279274
0 0.888694 0.565554 0.0701229 0.0582596
0 0.0797719 0.953454 0.159457 0.0930922
0 0.640011 0.739576 0.0805272 0.0647232
0 0.880633 0.829395 0.0437267 0.0340004
0 0.527796 0.659637 0.072446 0.0594603
