0 0.31908 0.268811 0.284755 0.244462
0 0.074854 0.388062 0.117939 0.0969969
0 0.761472 0.717614 0.130647 0.107428
0 0.603782 0.341257 0.2971 0.269752
0 0.0873792 0.49257 0.0757777 0.0635399
0 0.248101 0.772495 0.0785968 0.0688431
0 0.756945 0.445972 0.0579529 0.0504519
0 0.0329675 0.675973 0.0480888 0.0421408
0 0.236542 0.526838 0.0763413 0.0623258
0 0.298096 0.912211 0.208251 0.175578
0 0.122792 0.889947 0.236334 0.206987
0 0.7574 0.176679 0.0849685 0.0622093
0 0.464597 0.380053 0.0367178 0.0315134
0 0.77152 0.289236 0.0354818 0.02858
0 0.956075 0.883419 0.0477364 0.0391008
0 0.387725 0.536312 0.0605184 0.049333
0 0.546503 0.938077 0.0504023 0.0436743
0 0.275695 0.462461 0.0510652 0.0436859
0 0.131227 0.289696 0.0867277 0.0667916
0 0.366513 0.496059 0.0459146 0.0395288
0 0.602633 0.8172 0.049098 0.0403902
0 0.421643 0.0118383 0.0284749 0.0236536
0 0.909586 0.866538 0.042831 0.0334656
0 0.858954 0.985919 0.0412088 0.0280378
0 0.0125205 0.519324 0.0248626 0.0496706
0 0.253957 0.0509978 0.0663852 0.0570472
0 0.929675 0.273011 0.0533241 0.0424866
0 0.320588 0.0137181 0.0330542 0.0265259
0 0.145367 0.706892 0.161514 0.142079
0 0.058827 0.0501758 0.030979 0.0258744
0 0.988862 0.932236 0.0222755 0.0271458
0 0.686247 0.182547 0.0587637 0.0487968
