0 0.251596 0.944873 0.107378 0.103018
0 0.393658 0.274664 0.0591207 0.0574607
0 0.424217 0.12601 0.0505586 0.0493785
0 0.0262859 0.0623754 0.035573 0.0337738
0 0.812649 0.417185 0.0379648 0.0370703
0 0.0709135 0.506128 0.0329028 0.0327976
0 0.074407 0.927171 0.0327724 0.0320625
0 0.288458 0.7532 0.0412979 0.0398256
0 0.858536 0.723805 0.0346222 0.0335043
0 0.566778 0.446497 0.0356306 0.0354968
0 0.298872 0.473333 0.0482881 0.0476726
0 0.541261 0.497901 0.039769 0.0386801
0 0.262363 0.437208 0.0534933 0.0510353
0 0.647077 0.987652 0.0665302 0.0246965
0 0.0200993 0.203193 0.0401987 0.103253
0 0.800957 0.853458 0.196438 0.193055
0 0.287347 0.841486 0.0973012 0.0960911
0 0.399985 0.708713 0.0395863 0.0375754
0 0.100863 0.461098 0.0389359 0.0385249
0 0.0207486 0.907107 0.0282946 0.0284286
0 0.679212 0.90597 0.0305598 0.0298506
0 0.384118 0.389641 0.0256173 0.0258314
0 0.134758 0.240603 0.206767 0.214501
0 0.170764 0.573676 0.160242 0.155611
0 0.114075 0.0209971 0.156013 0.0419942
0 0.0628887 0.445828 0.0419786 0.0408722
0 0.140489 0.108815 0.0259712 0.0261337
0 0.35578 0.871179 0.0320708 0.0309145
0 0.446792 0.426654 0.0373749 0.0363766
0 0.30763 0.248417 0.0370116 0.0354879
0 0.305531 0.988087 0.0614439 0.0238267
0 0.44069 0.986976 0.0358438 0.0259575
0 0.366583 0.837339 0.0679008 0.0647591
0 0.706431 0.523573 0.0307634 0.0288878
0 0.302221 0.417333 0.274903 0.280227
0 0.0972125 0.518795 0.150019 0.145278
0 0.415734 0.512074 0.0266943 0.0268267
0 0.633874 0.88165 0.041181 0.039822
0 0.0575974 0.641007 0.0312351 0.0303399
0 0.385984 0.14549 0.0377204 0.0373802
0 0.356681 0.250688 0.0286463 0.0269294
0 0.670622 0.953145 0.0257967 0.0251095
