0 0.254079 0.775153 0.152026 0.130055
0 0.518745 0.769847 0.318717 0.266996
0 0.327409 0.294583 0.0723264 0.0601437
0 0.817014 0.335242 0.0619663 0.0507887
0 0.201507 0.913298 0.147784 0.117429
0 0.430457 0.908682 0.0914942 0.0749493
0 0.507907 0.159903 0.0332365 0.0272251
0 0.330652 0.050541 0.0326717 0.027432
0 0.164605 0.0101519 0.0387887 0.0203038
0 0.0968486 0.183523 0.0337784 0.026753
0 0.29796 0.479027 0.0307836 0.0256595
0 0.268073 0.758201 0.0329885 0.0290356
0 0.312873 0.919232 0.0939499 0.0758211
0 0.985315 0.831023 0.0263428 0.0257732
0 0.9782 0.57624 0.0377495 0.0329506
0 0.732994 0.577103 0.052842 0.0422794
0 0.785048 0.964203 0.0847458 0.0704464
