0 0.084954 0.418914 0.0479963 0.0470799
0 0.309613 0.228813 0.0485681 0.0475059
0 0.113421 0.0298879 0.0414834 0.0401464
0 0.539994 0.56637 0.0346635 0.0338255
0 0.843509 0.93008 0.0468723 0.046139
0 0.401224 0.274429 0.0338493 0.0326884
0 0.630011 0.576144 0.0305105 0.0297371
0 0.192007 0.116717 0.0336683 0.0330344
0 0.612036 0.656719 0.0344714 0.0341181
0 0.137417 0.462288 0.0366825 0.0355696
0 0.618123 0.725657 0.0374075 0.036007
0 0.646231 0.465517 0.0291698 0.0287679
0 0.359427 0.246008 0.0480753 0.0466572
0 0.799427 0.0165377 0.0313805 0.0308164
0 0.355179 0.200383 0.0377476 0.0367515
0 0.542468 0.747213 0.0444418 0.0448507
0 0.42516 0.0713647 0.0309933 0.030917
0 0.661135 0.513438 0.0335148 0.0332851
0 0.806937 0.802613 0.0337353 0.0330923
0 0.13448 0.153729 0.0336286 0.0332181
0 0.555303 0.682357 0.0316298 0.0307716
0 0.681039 0.612752 0.0295781 0.0288338
0 0.543627 0.77652 0.028113 0.0268255
0 0.0158138 0.171887 0.0307949 0.0588702
0 0.0102492 0.0984791 0.0203998 0.0358412
0 0.244901 0.84657 0.0317582 0.0292519
0 0.882971 0.270559 0.0325275 0.0321548
0 0.183429 0.414708 0.0294599 0.027972
0 0.289157 0.00752833 0.0415432 0.0150567
0 0.577085 0.8316 0.0296852 0.0297998
0 0.306119 0.0586346 0.0288762 0.0284206
0 0.128877 0.0814142 0.0284762 0.0282742
0 0.742417 0.0464398 0.0296471 0.0289882
0 0.610552 0.791055 0.0289264 0.0285318
0 0.609948 0.542949 0.0273946 0.0263929
0 0.584354 0.36036 0.0429755 0.0435556
0 0.723242 0.841051 0.0308529 0.0306278
0 0.523204 0.860746 0.0286009 0.0282951
0 0.785702 0.220358 0.0275778 0.027913
0 0.212174 0.186756 0.0286294 0.0288295
0 0.0617428 0.881026 0.030683 0.0300772
0 0.424445 0.763779 0.0275998 0.0266848
0 0.790132 0.46903 0.0343268 0.0329365
0 0.787334 0.538149 0.0274338 0.026799
0 0.795082 0.28202 0.0256535 0.0254256
0 0.730277 0.479287 0.0261932 0.0250319
0 0.114941 0.851036 0.0632057 0.0599438
0 0.219915 0.641826 0.0441876 0.0437946
0 0.0984726 0.134214 0.0252274 0.0241047
