0 0.926303 0.77878 0.0884619 0.083585
0 0.592219 0.438782 0.1505 0.146014
0 0.794349 0.225715 0.140112 0.132936
0 0.27999 0.502893 0.443271 0.469943
0 0.146281 0.0963976 0.060349 0.0565331
0 0.439391 0.917187 0.105267 0.10262
0 0.512761 0.978641 0.0489662 0.0427181
0 0.660322 0.97315 0.085061 0.0536409
0 0.677856 0.763824 0.194889 0.188403
0 0.432428 0.38172 0.0534697 0.0498222
0 0.272777 0.197936 0.111829 0.104147
0 0.859361 0.591903 0.0372234 0.0359267
0 0.836599 0.0590104 0.0328831 0.0315754
0 0.940764 0.280396 0.0400147 0.0377517
0 0.888218 0.1885 0.0424538 0.0411178
0 0.221801 0.926345 0.0317904 0.0310303
0 0.676872 0.30579 0.0536432 0.0495666
0 0.229929 0.14595 0.0913888 0.0833053
0 0.452783 0.839944 0.0463827 0.0431091
0 0.618119 0.283445 0.0786459 0.0759957
0 0.477533 0.731653 0.05697 0.0557671
0 0.138106 0.0236973 0.0586501 0.0473946
0 0.645553 0.154825 0.0302298 0.0280963
0 0.740632 0.128967 0.0364485 0.033059
0 0.430228 0.57451 0.107496 0.104977
0 0.271086 0.0285426 0.105276 0.0566158
0 0.560501 0.982238 0.0502649 0.0355236
0 0.574072 0.657093 0.0285452 0.0271906
0 0.0877231 0.0607302 0.0303761 0.027998
0 0.0698475 0.171171 0.0353736 0.0332473
0 0.886862 0.369885 0.0587643 0.0569221
0 0.917769 0.499357 0.0710938 0.0686125
0 0.75848 0.869041 0.0652433 0.0631798
0 0.56122 0.732604 0.0290881 0.0279194
0 0.818718 0.930996 0.030035 0.0266577
0 0.113851 0.454101 0.0517225 0.0483721
0 0.859399 0.562536 0.0254585 0.0247053
0 0.249141 0.910483 0.0279806 0.027673
0 0.933727 0.371 0.0353441 0.033646
0 0.0451944 0.955613 0.0270295 0.0278578
0 0.29429 0.766972 0.0285926 0.0280781
0 0.589679 0.0164065 0.0272582 0.0255547
0 0.9466 0.685401 0.103241 0.0976063
0 0.814275 0.421301 0.0283527 0.0283438
