0 0.622827 0.439435 0.109498 0.0914664
0 0.377751 0.212244 0.0634705 0.0558253
0 0.889726 0.348554 0.0470167 0.0396905
0 0.384893 0.324041 0.0536632 0.0462284
0 0.895641 0.634223 0.208718 0.202236
0 0.501268 0.6555 0.080465 0.0675818
0 0.396112 0.696068 0.175965 0.152694
0 0.734606 0.564556 0.0402605 0.0343639
0 0.859198 0.398764 0.145251 0.123518
0 0.665102 0.579349 0.0419996 0.0344707
0 0.705495 0.225642 0.039289 0.0316651
0 0.453822 0.78103 0.088973 0.0768698
0 0.204774 0.549771 0.0492254 0.0431076
0 0.433468 0.206038 0.0488489 0.0434724
0 0.810105 0.0369044 0.0574901 0.0465037
0 0.576173 0.887799 0.146114 0.124854
0 0.87911 0.960422 0.0346405 0.0297392
0 0.892422 0.985621 0.0349289 0.0287588
0 0.813231 0.734882 0.163503 0.144031
0 0.305559 0.596622 0.0490869 0.0383663
0 0.279596 0.282382 0.047812 0.0424448
0 0.104412 0.366748 0.208824 0.437668
0 0.543262 0.556997 0.194057 0.165006
0 0.134264 0.983373 0.0380653 0.0316696
0 0.478153 0.944487 0.0337403 0.0281029
0 0.719745 0.160594 0.15281 0.126897
0 0.257693 0.569689 0.0674655 0.0615236
0 0.233671 0.23151 0.0321027 0.0276693
0 0.730994 0.35679 0.12843 0.105622
0 0.593917 0.771563 0.0440354 0.037524
0 0.112075 0.542548 0.0306444 0.0280804
0 0.293667 0.330949 0.0308494 0.026988
0 0.319547 0.119215 0.0299199 0.0263957
0 0.00684668 0.601402 0.0136934 0.0358749
0 0.643707 0.758045 0.0303246 0.0258053
0 0.00739745 0.832726 0.0147949 0.0357391
