0 0.231771 0.664935 0.079587 0.0736507
0 0.370663 0.522835 0.0664766 0.0619417
0 0.243817 0.356765 0.118898 0.110289
0 0.350816 0.391428 0.10347 0.0979504
0 0.956442 0.0899727 0.0489212 0.0480625
0 0.702513 0.5045 0.0707911 0.0671336
0 0.859356 0.850686 0.150083 0.141908
0 0.664509 0.538749 0.0517346 0.048807
0 0.558138 0.120612 0.0389785 0.036857
0 0.760684 0.639433 0.0361897 0.0335374
0 0.931904 0.936206 0.135221 0.127588
0 0.624024 0.862434 0.0377564 0.0348454
0 0.430632 0.902693 0.045646 0.0411787
0 0.915069 0.0979927 0.0420006 0.0416239
0 0.614274 0.537615 0.0399959 0.0377441
0 0.742008 0.692205 0.0310461 0.0290856
0 0.803587 0.557064 0.0591455 0.0546402
0 0.550151 0.203523 0.0712488 0.0636206
0 0.697977 0.174991 0.0296909 0.0274024
0 0.863007 0.106052 0.0367348 0.0377195
0 0.526769 0.672774 0.392065 0.336678
0 0.561884 0.0585794 0.0265381 0.0252531
0 0.788178 0.67713 0.0578054 0.0534613
0 0.953647 0.148191 0.0348167 0.031987
0 0.448795 0.679577 0.0287726 0.0259666
0 0.0316941 0.246719 0.0319967 0.0311691
0 0.919004 0.576835 0.0632313 0.0608215
0 0.948074 0.140168 0.0473368 0.0489319
0 0.496729 0.0475236 0.0776419 0.0736347
0 0.304293 0.806462 0.0289842 0.0271433
0 0.923666 0.715332 0.0481113 0.0450283
0 0.26675 0.5019 0.0248529 0.0237932
0 0.993596 0.241362 0.0128084 0.0288591
0 0.753859 0.463163 0.0339838 0.0322882
0 0.748089 0.0168922 0.0559366 0.0337844
0 0.953247 0.530432 0.0276619 0.0268881
0 0.626616 0.67948 0.0672155 0.0596523
0 0.235823 0.823151 0.471647 0.352945
0 0.815096 0.015244 0.0828713 0.030488
0 0.714831 0.785796 0.0292465 0.0277282
0 0.992691 0.529196 0.0146173 0.0485852
0 0.905337 0.359591 0.0437393 0.0408414
