0 0.113195 0.187149 0.0520711 0.0487813
0 0.860824 0.922722 0.0373524 0.034029
0 0.18155 0.118241 0.0383262 0.03536
0 0.644429 0.416864 0.0432892 0.0414087
0 0.353942 0.250471 0.0489934 0.0475875
0 0.313287 0.262587 0.0426388 0.0401248
0 0.840052 0.793301 0.034313 0.0336811
0 0.895079 0.140358 0.0305006 0.0281587
0 0.435569 0.470651 0.047856 0.0459427
0 0.355026 0.474496 0.0474772 0.0465969
0 0.785387 0.975858 0.0537025 0.0464247
0 0.609462 0.392946 0.0380165 0.0358821
0 0.419026 0.759855 0.0320555 0.0310144
0 0.300483 0.0311182 0.0491282 0.0458387
0 0.27786 0.721589 0.040908 0.0399877
0 0.25199 0.616152 0.0586334 0.0565287
0 0.993803 0.954922 0.0123943 0.0382563
0 0.638237 0.21683 0.0409927 0.0400719
0 0.657972 0.248629 0.0344507 0.0319537
0 0.615571 0.457535 0.0334936 0.0321555
0 0.672181 0.581792 0.0344336 0.032408
0 0.642451 0.370932 0.0327146 0.0313726
0 0.41335 0.40818 0.0442608 0.0413076
0 0.751484 0.464595 0.0344936 0.0330245
0 0.254005 0.0621952 0.0375209 0.0365353
0 0.910373 0.78384 0.0308695 0.0289078
0 0.398264 0.495654 0.0450494 0.0430605
0 0.710977 0.501762 0.0367156 0.0337555
0 0.807539 0.663419 0.0335672 0.032109
0 0.783026 0.639707 0.0319809 0.031126
0 0.0569441 0.222441 0.0375474 0.0350905
0 0.0993799 0.150084 0.032439 0.0303118
0 0.116059 0.7711 0.0312508 0.0297127
0 0.0190237 0.349422 0.0378473 0.045943
0 0.716956 0.530127 0.0444013 0.0431391
0 0.494171 0.421615 0.0332768 0.0322797
0 0.407809 0.251329 0.0326043 0.0313632
0 0.391838 0.469556 0.0318245 0.0312418
0 0.087514 0.421017 0.0371395 0.0334259
0 0.313151 0.487949 0.0311684 0.0297134
0 0.0377602 0.381763 0.0345579 0.0347379
0 0.674995 0.606647 0.0346893 0.0349111
0 0.257691 0.561892 0.0294511 0.0280018
0 0.934344 0.0125273 0.0459251 0.0250273
0 0.50967 0.712545 0.0256989 0.0256627
0 0.153848 0.850119 0.0291815 0.0280109
0 0.601902 0.00786105 0.0373854 0.0157221
0 0.307288 0.811478 0.0337482 0.030266
