0 0.848845 0.846484 0.071973 0.071516
0 0.577759 0.714367 0.0503588 0.0498109
0 0.668756 0.720457 0.0635748 0.0636988
0 0.610305 0.179367 0.0387405 0.0394226
0 0.197831 0.600439 0.0377015 0.0370302
0 0.811831 0.708991 0.0489639 0.048465
0 0.639642 0.344144 0.0410035 0.040453
0 0.362049 0.702756 0.0499198 0.0496828
0 0.200128 0.495574 0.0297584 0.0300704
0 0.632773 0.275205 0.058683 0.0568107
0 0.167711 0.626357 0.0275431 0.0266579
0 0.988618 0.846039 0.0220194 0.063221
0 0.661179 0.69914 0.0282672 0.0274564
0 0.729438 0.704936 0.0458708 0.043784
0 0.970836 0.946709 0.026786 0.0262941
0 0.776994 0.887647 0.098547 0.0962826
0 0.501034 0.891389 0.0267641 0.0261536
0 0.637926 0.566726 0.0257406 0.025252
