0 0.448414 0.356713 0.110534 0.10097
0 0.595693 0.29167 0.0646027 0.0602387
0 0.741951 0.44952 0.0424792 0.0398752
0 0.550023 0.97897 0.0434736 0.0407368
0 0.366768 0.698265 0.0474105 0.0445604
0 0.748563 0.33246 0.0403315 0.0377491
0 0.134615 0.0955563 0.0474261 0.0422704
0 0.351839 0.244489 0.0422904 0.038711
0 0.818445 0.511386 0.0646204 0.0583334
0 0.0458284 0.59666 0.0773488 0.0729883
0 0.0397657 0.139486 0.0753812 0.0720862
0 0.855775 0.200111 0.0523178 0.0477069
0 0.645585 0.930637 0.0786163 0.072189
0 0.7002 0.257336 0.0615626 0.0558979
0 0.51954 0.445642 0.03242 0.0291471
0 0.92634 0.499653 0.0716541 0.067476
0 0.647253 0.116463 0.0306155 0.0285531
0 0.126121 0.394858 0.0409947 0.0384979
0 0.952507 0.110756 0.0328854 0.0303077
0 0.636714 0.861474 0.0453498 0.0431219
0 0.42379 0.290882 0.0371985 0.0351744
0 0.866915 0.0142532 0.0510845 0.0285064
0 0.381504 0.0295173 0.0328092 0.0298861
0 0.64061 0.0149068 0.0908309 0.0297869
0 0.0933013 0.30388 0.0371961 0.0336772
0 0.723151 0.127633 0.0305481 0.0277133
0 0.763331 0.0901404 0.0726737 0.0660289
0 0.926396 0.229908 0.0280956 0.0246537
0 0.44335 0.196323 0.0298334 0.0260903
0 0.032445 0.279291 0.06489 0.0676003
0 0.277655 0.0150284 0.0518852 0.0300569
0 0.300968 0.917608 0.407229 0.164712
0 0.614532 0.0672112 0.0383568 0.0366835
0 0.695555 0.87832 0.0469141 0.0466017
0 0.96944 0.542187 0.040258 0.038429
0 0.0158442 0.558974 0.0315549 0.0443645
0 0.680547 0.842885 0.0329515 0.0320221
0 0.337811 0.00814427 0.0313081 0.0160226
0 0.406803 0.480626 0.0308485 0.0295372
0 0.421213 0.464049 0.0309656 0.0292598
0 0.56594 0.128412 0.0416012 0.0371475
0 0.72113 0.428146 0.0261818 0.0242434
0 0.81671 0.791129 0.0285299 0.0262627
