0 0.543441 0.376244 0.347445 0.314064
0 0.0214379 0.618129 0.036964 0.0332872
0 0.341593 0.630717 0.035245 0.031101
0 0.205628 0.788764 0.0340003 0.0300055
0 0.93658 0.215431 0.126331 0.130188
0 0.292315 0.144352 0.457912 0.288704
0 0.826153 0.805941 0.0311045 0.0278019
0 0.86612 0.0970716 0.0453331 0.0345775
0 0.47755 0.967623 0.0305353 0.0267908
0 0.815461 0.987798 0.0660294 0.0244039
0 0.0113432 0.584905 0.0226865 0.0289093
0 0.0506141 0.590595 0.0289582 0.0265956
0 0.758927 0.628717 0.0301957 0.0281404
0 0.250219 0.750588 0.029559 0.0259171
0 0.938776 0.59959 0.0458923 0.034807
0 0.759569 0.711216 0.0295023 0.0266336
0 0.898887 0.141149 0.0395189 0.0347807
0 0.896161 0.8667 0.0632755 0.0486908
