0 0.435113 0.0903066 0.0883744 0.0743763
0 0.439575 0.624776 0.114813 0.0984915
0 0.669729 0.642514 0.0814034 0.0675466
0 0.0231802 0.432646 0.0461236 0.0416945
0 0.50349 0.221762 0.0496771 0.0394394
0 0.257956 0.305055 0.0510297 0.0411867
0 0.393496 0.0411039 0.0682405 0.054889
0 0.977919 0.0283559 0.0386917 0.0356819
0 0.439146 0.0176092 0.0551577 0.0352183
0 0.146812 0.0451586 0.0483288 0.0386056
0 0.857953 0.753928 0.0364857 0.0304067
0 0.297953 0.289459 0.0482177 0.0396502
0 0.848219 0.0707632 0.134827 0.116666
0 0.705527 0.889676 0.0419973 0.0364771
0 0.185476 0.193509 0.0356969 0.0310066
0 0.0147145 0.542891 0.0294291 0.0325309
0 0.572946 0.765044 0.0358256 0.0299019
0 0.129988 0.304975 0.0394157 0.0363126
0 0.663152 0.251658 0.0389833 0.0302107
0 0.986282 0.597936 0.0274353 0.0312666
0 0.667186 0.122201 0.0328644 0.0284822
0 0.52941 0.723624 0.0336676 0.0291991
0 0.0555851 0.295491 0.0339844 0.0309431
0 0.503765 0.156561 0.030448 0.024445
0 0.47616 0.56347 0.0347703 0.0299714
0 0.567779 0.225253 0.0311049 0.0252669
0 0.239875 0.568207 0.0408219 0.0375319
0 0.0986912 0.431517 0.0301276 0.0278009
0 0.880902 0.666714 0.0387978 0.0339117
0 0.00969329 0.468245 0.0193866 0.0333477
0 0.829704 0.549891 0.109439 0.0915558
0 0.0797976 0.549135 0.031088 0.0283689
0 0.803904 0.204784 0.298013 0.248316
0 0.883504 0.844573 0.030814 0.0267706
0 0.49279 0.977701 0.0728985 0.0445983
0 0.50516 0.0193554 0.0844835 0.0386897
