0 0.684805 0.56976 0.317682 0.252558
0 0.369307 0.630853 0.0665787 0.052174
0 0.960274 0.924631 0.0701618 0.0513958
0 0.53774 0.895096 0.0355958 0.0277332
0 0.503215 0.677817 0.234401 0.19573
0 0.733418 0.773801 0.0448457 0.0309002
0 0.980952 0.458708 0.0380955 0.035733
0 0.518915 0.318185 0.0402754 0.0314072
0 0.845565 0.812244 0.0418976 0.0302485
0 0.969583 0.742089 0.0349487 0.028405
0 0.92507 0.356302 0.063298 0.0448647
0 0.60727 0.305516 0.0317008 0.0253102
0 0.955753 0.561813 0.0395855 0.0321362
0 0.763928 0.991499 0.0416701 0.0170016
0 0.618133 0.253796 0.0424988 0.0312739
0 0.514513 0.26792 0.0361587 0.0290732
0 0.874653 0.973852 0.0472061 0.0343016
0 0.721486 0.96031 0.027498 0.0233063
0 0.319962 0.588278 0.0357911 0.0305745
0 0.547279 0.691363 0.0478182 0.035923
0 0.431171 0.297546 0.0331281 0.0262324
0 0.244901 0.568912 0.0807559 0.066647
0 0.853261 0.238412 0.0557442 0.0392617
0 0.153417 0.516867 0.0379044 0.0327609
0 0.31632 0.633321 0.0508014 0.0464237
0 0.826297 0.647703 0.053125 0.0384669
