0 0.300051 0.767332 0.0739968 0.0737999
0 0.977193 0.848108 0.036858 0.035412
0 0.190601 0.599095 0.0406927 0.0396197
0 0.973676 0.90252 0.0519129 0.0604446
0 0.583153 0.85553 0.0410779 0.040395
0 0.391476 0.559241 0.0348716 0.0333721
0 0.456182 0.0807316 0.0371656 0.0367628
0 0.0149021 0.217342 0.0296261 0.0412338
0 0.0481663 0.969807 0.0352948 0.034079
0 0.230765 0.84386 0.0476973 0.048848
0 0.448607 0.0249614 0.0461929 0.0462229
0 0.38944 0.608425 0.0271938 0.0272072
0 0.220405 0.968005 0.0416171 0.0401382
0 0.171001 0.651853 0.0387501 0.0378856
0 0.194355 0.681809 0.0383947 0.0372698
0 0.0632123 0.538476 0.0529884 0.0525387
0 0.338834 0.816489 0.0447503 0.0424793
0 0.396814 0.864793 0.104315 0.0993877
0 0.588231 0.808598 0.048522 0.0476688
0 0.588792 0.683746 0.0316034 0.0313105
0 0.312752 0.833964 0.0324563 0.031776
0 0.16257 0.920549 0.0456944 0.0447144
0 0.670604 0.245282 0.0240931 0.0237547
0 0.578405 0.896902 0.0303604 0.0296883
0 0.349891 0.989976 0.0359384 0.0199558
0 0.487497 0.890837 0.0473012 0.0463081
0 0.162747 0.618569 0.031455 0.0312529
0 0.515579 0.0431465 0.0267944 0.0255379
0 0.740495 0.776832 0.0272017 0.0261089
0 0.22098 0.897085 0.059238 0.057682
0 0.4961 0.984272 0.0721983 0.031419
0 0.129163 0.626164 0.0451251 0.0460075
0 0.262716 0.726272 0.0465295 0.0444761
0 0.25105 0.700191 0.0456364 0.0453974
0 0.332554 0.137982 0.0286392 0.0255688
0 0.627112 0.555211 0.0240566 0.02356
0 0.0396773 0.188868 0.0374624 0.03921
0 0.994539 0.866156 0.0109216 0.0326519
0 0.0233874 0.988017 0.0285885 0.0233013
0 0.0127952 0.612011 0.0253932 0.0404507
0 0.0164265 0.542906 0.032585 0.032612
0 0.420346 0.412987 0.0270042 0.026594
