0 0.531307 0.340722 0.550944 0.441591
0 0.553045 0.79654 0.131887 0.0992809
0 0.113315 0.733271 0.131809 0.0974083
0 0.110946 0.634634 0.152964 0.119175
0 0.853678 0.534059 0.06521 0.0500047
0 0.945096 0.302719 0.109809 0.104876
0 0.424988 0.0442345 0.0661665 0.0503143
0 0.623879 0.0860066 0.0587485 0.0435625
0 0.977131 0.373773 0.0407414 0.032949
0 0.852476 0.767681 0.053355 0.0397089
0 0.704984 0.538344 0.0580729 0.0433825
0 0.456809 0.103514 0.0533054 0.0422575
0 0.500884 0.0557852 0.0493309 0.0369581
0 0.222282 0.929437 0.0520324 0.0379257
0 0.858775 0.89962 0.0451923 0.0338779
0 0.0621689 0.0414661 0.0523144 0.038094
0 0.164834 0.141952 0.107908 0.0850903
0 0.942842 0.889136 0.0397112 0.0289921
0 0.155936 0.226452 0.0478566 0.0353388
0 0.790854 0.0131405 0.0412045 0.026281
0 0.819292 0.906465 0.0408966 0.0319748
0 0.281768 0.154641 0.124637 0.101343
0 0.767339 0.138442 0.0748146 0.0551381
0 0.225145 0.842955 0.0685978 0.0571041
0 0.956423 0.951005 0.040192 0.0308163
0 0.964803 0.827764 0.0399515 0.0298323
0 0.0739022 0.556024 0.0487295 0.0386557
0 0.932071 0.930376 0.0413872 0.0317863
0 0.728845 0.782353 0.04237 0.0321041
0 0.79984 0.950352 0.036786 0.0281879
0 0.919005 0.48663 0.16199 0.148274
0 0.0335463 0.510449 0.0670926 0.0705625
0 0.693918 0.975077 0.0361598 0.0289566
0 0.631475 0.130871 0.0357119 0.0283941
0 0.385801 0.761142 0.0762116 0.0573002
0 0.892995 0.735833 0.034116 0.0275558
0 0.709437 0.119067 0.033662 0.0252984
0 0.967798 0.101178 0.0349257 0.0288994
0 0.897781 0.198055 0.0392399 0.0295409
0 0.956829 0.596092 0.0452595 0.0364237
0 0.108694 0.692608 0.0330373 0.0260002
0 0.263123 0.0287178 0.0567624 0.0447023
0 0.941894 0.380617 0.029953 0.0235394
0 0.51774 0.263874 0.0482151 0.0367363
0 0.628533 0.738556 0.0358875 0.027677
0 0.503712 0.744621 0.0419016 0.0328527
0 0.113966 0.807326 0.0551411 0.0431767
0 0.894854 0.957714 0.0443989 0.0349911
0 0.339242 0.0402936 0.0331304 0.0278377
0 0.315919 0.694071 0.0397082 0.030122
0 0.821344 0.30917 0.0365307 0.0297682
0 0.103546 0.897637 0.206358 0.197499
0 0.222017 0.99024 0.0445752 0.0195198
0 0.835047 0.959353 0.0309059 0.0239012
0 0.959038 0.767543 0.0335844 0.0276758
0 0.580049 0.632945 0.0339395 0.02709
0 0.152592 0.976213 0.0894624 0.0474514
0 0.930548 0.232376 0.0451756 0.0367037
0 0.25519 0.39553 0.0316865 0.0270174
0 0.721328 0.825485 0.0310044 0.0224545
