0 0.420308 0.762741 0.2966 0.266848
0 0.227928 0.655593 0.149485 0.143432
0 0.445494 0.0457583 0.0535963 0.0509974
0 0.464744 0.153113 0.0445044 0.0424911
0 0.587083 0.0411146 0.0417593 0.0402911
0 0.19791 0.0700914 0.0311633 0.0302635
0 0.305996 0.220375 0.0302797 0.0285448
0 0.0515683 0.0170182 0.0412801 0.0338923
0 0.821018 0.342057 0.0407192 0.0385797
0 0.564682 0.846544 0.0423004 0.0394436
0 0.0571405 0.557928 0.0319778 0.0301399
0 0.190307 0.272068 0.0778191 0.0765647
0 0.881569 0.722716 0.0311275 0.0294746
0 0.535708 0.887019 0.0638876 0.0578587
0 0.518211 0.974527 0.0408472 0.039772
0 0.134614 0.814575 0.0457862 0.0421494
0 0.406068 0.0416731 0.0267735 0.0254805
0 0.443544 0.00684208 0.0316678 0.0136842
0 0.790989 0.92525 0.0881082 0.0833462
0 0.381909 0.614427 0.0579774 0.0536259
0 0.115138 0.516962 0.0293624 0.0295927
0 0.786243 0.633619 0.0457653 0.0431541
0 0.779828 0.787754 0.221756 0.198805
0 0.94668 0.967232 0.106641 0.0655138
0 0.885839 0.881122 0.120291 0.114707
0 0.288145 0.887933 0.168611 0.141516
0 0.954777 0.393285 0.0326828 0.031256
0 0.0677607 0.778132 0.135521 0.142168
0 0.398435 0.388421 0.0326501 0.0320912
0 0.515881 0.053988 0.0336056 0.031798
0 0.966469 0.432801 0.0661106 0.0756548
0 0.47328 0.88526 0.0449738 0.041724
0 0.385664 0.279163 0.0261974 0.0251869
0 0.712953 0.233968 0.065886 0.0635333
0 0.0634653 0.655545 0.0265865 0.0246512
0 0.791231 0.127727 0.416615 0.254973
0 0.842515 0.106415 0.0258617 0.0250449
0 0.742192 0.752977 0.136184 0.122317
0 0.2564 0.959074 0.21626 0.0816349
0 0.982432 0.910497 0.0336386 0.0329239
0 0.755332 0.828088 0.145055 0.12502
0 0.731391 0.980472 0.0461542 0.038085
