0 0.640898 0.431866 0.114828 0.0916037
0 0.32508 0.649737 0.0406198 0.0339762
0 0.392086 0.743079 0.0471634 0.0376207
0 0.923052 0.262928 0.0800669 0.066153
0 0.606392 0.0582787 0.0949575 0.084038
0 0.261391 0.733146 0.0569862 0.0476129
0 0.287922 0.0667724 0.0441464 0.0396138
0 0.0162129 0.984601 0.032425 0.0286476
0 0.0276857 0.838893 0.0424735 0.0351683
0 0.253007 0.0936631 0.0521532 0.0465246
0 0.387809 0.135978 0.0427384 0.039127
0 0.853594 0.727563 0.0654385 0.0549853
0 0.11375 0.864635 0.0677212 0.0478579
0 0.598371 0.859353 0.0356578 0.0308617
0 0.638461 0.353148 0.0854571 0.0706905
0 0.290167 0.32432 0.0407329 0.035793
0 0.182656 0.277871 0.034244 0.0308739
0 0.760919 0.281748 0.060261 0.0492957
0 0.0381014 0.313984 0.056416 0.0477413
0 0.799737 0.261992 0.0351894 0.0299346
0 0.547148 0.740244 0.0466005 0.0382721
0 0.580791 0.247852 0.103273 0.0873297
0 0.298478 0.433784 0.0344546 0.0300715
0 0.382762 0.710468 0.0375519 0.0295665
0 0.126558 0.492721 0.0691336 0.0621691
0 0.343676 0.333419 0.0446786 0.0396262
0 0.258657 0.362558 0.0437822 0.0404685
0 0.0267235 0.956993 0.0379563 0.0333925
0 0.804663 0.322126 0.0666199 0.0518376
0 0.492819 0.0411891 0.131264 0.0823782
0 0.217392 0.348335 0.0546661 0.0483727
0 0.439727 0.129615 0.042133 0.0359082
0 0.48856 0.315 0.0424066 0.0367362
0 0.307299 0.391201 0.104194 0.090078
0 0.639941 0.231505 0.0432629 0.0362383
0 0.633208 0.57729 0.108922 0.085866
0 0.698845 0.332522 0.0381516 0.0353004
0 0.68912 0.931985 0.156972 0.123285
0 0.0388198 0.224057 0.0714202 0.066071
0 0.680295 0.158411 0.046146 0.0404919
0 0.4928 0.0939583 0.0335079 0.0308297
0 0.412243 0.257131 0.065723 0.0580634
0 0.585847 0.633762 0.0594213 0.0494076
0 0.227133 0.764673 0.0539057 0.042571
0 0.540111 0.571755 0.0553458 0.0457617
0 0.634967 0.520042 0.0929329 0.072015
0 0.425765 0.382503 0.0920216 0.0759731
