0 0.873487 0.492537 0.13759 0.125669
0 0.398487 0.239558 0.0382537 0.0343588
0 0.309516 0.0323746 0.0494485 0.0440048
0 0.106357 0.194817 0.0749421 0.0665541
0 0.930304 0.561993 0.0422287 0.0391519
0 0.291895 0.289145 0.0371857 0.0335206
0 0.575846 0.406695 0.0393903 0.0353914
0 0.854847 0.389156 0.0450464 0.0392439
0 0.293264 0.103499 0.0370426 0.0332356
0 0.439119 0.460934 0.0354736 0.0310535
0 0.0786 0.454182 0.0343226 0.030143
0 0.698732 0.121213 0.0526993 0.0449806
0 0.180156 0.710885 0.104518 0.0893728
0 0.538087 0.492 0.0320946 0.0292903
0 0.54415 0.457945 0.030369 0.0287027
0 0.79895 0.925436 0.0410231 0.0362743
0 0.575979 0.079528 0.0696157 0.061618
0 0.0414239 0.043831 0.0828478 0.08701
0 0.460679 0.958737 0.065029 0.0577312
0 0.85965 0.915122 0.0376875 0.0347254
0 0.450549 0.860324 0.0572159 0.0506124
0 0.859583 0.550562 0.0420582 0.0380852
0 0.205084 0.089354 0.0354651 0.0315117
0 0.135058 0.96379 0.0346409 0.0295372
0 0.570753 0.0161318 0.0506519 0.0322636
0 0.0624686 0.494247 0.0325088 0.0290159
0 0.07738 0.818016 0.0640116 0.0566282
0 0.690812 0.160961 0.0377514 0.0331081
0 0.00766335 0.644696 0.0153267 0.0405558
0 0.772589 0.409049 0.148909 0.132064
0 0.942817 0.0307554 0.0334091 0.0316725
0 0.728482 0.923038 0.073226 0.0682598
0 0.878694 0.632593 0.0271963 0.0241478
0 0.12961 0.748387 0.0676064 0.0605099
0 0.643453 0.00967456 0.0553991 0.0193042
0 0.944403 0.762407 0.0303104 0.0265022
0 0.932036 0.653217 0.0643324 0.0607462
0 0.187134 0.109246 0.0292471 0.0277697
0 0.503556 0.304968 0.0327423 0.0325047
0 0.00919145 0.274332 0.0183585 0.0265826
0 0.326212 0.655954 0.0262145 0.0241402
0 0.0827933 0.91822 0.165587 0.161683
0 0.87756 0.293486 0.0576916 0.0498628
0 0.358277 0.516671 0.0589939 0.0531391
0 0.658102 0.528359 0.0574478 0.0531883
0 0.775319 0.326634 0.107 0.0992294
0 0.364005 0.672453 0.0303682 0.0266542
0 0.715133 0.246951 0.0619385 0.0537271
0 0.0353754 0.235558 0.0374941 0.0334494
0 0.530258 0.85985 0.04186 0.03678
0 0.253275 0.213922 0.0357079 0.031637
0 0.178534 0.519612 0.0402334 0.0373927
0 0.115796 0.0823073 0.0961636 0.0887515
0 0.792273 0.533735 0.0498625 0.0462019
0 0.64937 0.244681 0.0687713 0.0594966
