0 0.412398 0.10127 0.0785027 0.0685689
0 0.676244 0.145128 0.0829728 0.0746016
0 0.319728 0.253714 0.0498151 0.0433685
0 0.470992 0.682482 0.0486393 0.0426189
0 0.499335 0.718368 0.0538982 0.0454395
0 0.335302 0.340946 0.0510393 0.0452196
0 0.335376 0.97876 0.0777926 0.0422047
0 0.596588 0.0251372 0.0743032 0.0502472
0 0.300174 0.161799 0.0407887 0.0343529
0 0.339377 0.417332 0.0435336 0.0355
0 0.704883 0.948743 0.0371683 0.030995
0 0.0758297 0.727349 0.0473565 0.0402752
0 0.626261 0.916661 0.0594467 0.0492336
0 0.0645993 0.901655 0.0598179 0.0512508
0 0.77715 0.725094 0.0370877 0.0315288
0 0.959256 0.606554 0.0303459 0.0279216
0 0.395873 0.585188 0.0332571 0.0296089
0 0.235321 0.0714201 0.032792 0.0276582
0 0.447396 0.588374 0.0397198 0.0337475
0 0.429069 0.843347 0.0307416 0.0259274
0 0.704203 0.985761 0.0287287 0.0234812
0 0.3774 0.395873 0.0400434 0.032548
0 0.214017 0.0572737 0.162401 0.114547
0 0.554263 0.0859487 0.0596728 0.0480167
0 0.658695 0.838948 0.0301571 0.0264177
0 0.293496 0.615228 0.0315289 0.0284637
0 0.907647 0.425179 0.0290802 0.0264987
0 0.736869 0.292056 0.0331312 0.0307241
0 0.422373 0.412882 0.0269503 0.0236144
0 0.458905 0.874627 0.0284769 0.0253098
0 0.684338 0.570449 0.0293377 0.0271763
0 0.847961 0.542474 0.0472908 0.0456657
0 0.431356 0.563148 0.0309334 0.0263827
0 0.255058 0.871091 0.0292438 0.0250351
0 0.0236875 0.753691 0.0289746 0.0253021
0 0.12283 0.653572 0.0300344 0.02726
0 0.903688 0.994865 0.0310429 0.0101072
0 0.712281 0.661032 0.0289625 0.0258593
