0 0.411894 0.49903 0.0419236 0.0369106
0 0.801145 0.596339 0.129281 0.107598
0 0.504585 0.903237 0.0339067 0.0312115
0 0.022028 0.683228 0.0397181 0.0345697
0 0.971578 0.308197 0.0417995 0.0361924
0 0.548044 0.231576 0.0389821 0.0341092
0 0.34783 0.489073 0.033436 0.0295406
0 0.304656 0.534184 0.0370758 0.0326555
0 0.207659 0.872861 0.0295441 0.0262392
0 0.777894 0.736807 0.0370633 0.0317133
0 0.93202 0.0838221 0.0452913 0.038672
0 0.710254 0.196212 0.03055 0.0265503
0 0.64046 0.0432253 0.0327394 0.027607
0 0.476089 0.0710433 0.02926 0.0260503
0 0.887171 0.4651 0.0627165 0.0539139
0 0.230624 0.630241 0.0281438 0.0248375
0 0.789014 0.0114249 0.0355648 0.0228498
0 0.360841 0.145968 0.0301424 0.0275673
0 0.0757484 0.246913 0.0272766 0.024299
0 0.972493 0.123714 0.0547171 0.0704989
0 0.863213 0.457386 0.030722 0.0300141
0 0.0167476 0.130026 0.0330672 0.029611
0 0.0708384 0.983452 0.0271013 0.0260996
0 0.0387334 0.404785 0.0283938 0.0246765
0 0.647169 0.00836455 0.0434213 0.0167291
0 0.985123 0.388361 0.0297548 0.050699
0 0.751272 0.526036 0.0320913 0.0292182
0 0.745529 0.478168 0.0858891 0.0727312
0 0.907049 0.559053 0.0420464 0.036854
