0 0.354532 0.271419 0.0620444 0.0617726
0 0.830716 0.603999 0.0508739 0.049729
0 0.359101 0.910385 0.0374491 0.036684
0 0.157681 0.550166 0.0453695 0.0447348
0 0.813385 0.685669 0.0359573 0.0351946
0 0.452631 0.120757 0.0388513 0.0384596
0 0.324393 0.810841 0.0365515 0.0359696
0 0.60116 0.965036 0.0749819 0.0684727
0 0.972071 0.0177669 0.0349678 0.033993
0 0.470858 0.613016 0.0376095 0.0384882
0 0.613701 0.0361708 0.0856377 0.0723417
0 0.583601 0.503944 0.0383801 0.0375859
0 0.353308 0.0155783 0.0281857 0.0279007
0 0.434579 0.0870743 0.0546552 0.0522235
0 0.385843 0.640253 0.0984673 0.0970184
0 0.0610072 0.210094 0.0736293 0.0737354
0 0.664956 0.524641 0.0293028 0.0278761
0 0.853898 0.948678 0.0538977 0.0516724
0 0.88763 0.2053 0.0505898 0.0511178
0 0.455725 0.9373 0.0260045 0.0253353
0 0.856092 0.663711 0.0626814 0.0594528
0 0.471248 0.0681134 0.0284628 0.027536
0 0.219325 0.684894 0.122233 0.124446
0 0.660745 0.366578 0.0326199 0.0322494
0 0.15321 0.466679 0.0280461 0.0275299
0 0.772936 0.263492 0.0255966 0.0250124
0 0.939692 0.676375 0.107783 0.104296
