0 0.593631 0.716354 0.326409 0.297068
0 0.37772 0.936147 0.163357 0.127707
0 0.547543 0.39352 0.0445528 0.0411219
0 0.738056 0.249298 0.240133 0.231873
0 0.51453 0.23822 0.0455515 0.0417827
0 0.948394 0.393029 0.0327162 0.0314069
0 0.0183118 0.517541 0.0366236 0.0409099
0 0.029063 0.387377 0.0575168 0.0652013
0 0.0454958 0.863679 0.0352956 0.0343416
0 0.0310836 0.426562 0.0449687 0.0456415
0 0.177467 0.725507 0.0352752 0.0345089
0 0.131638 0.57338 0.0328943 0.0316932
0 0.369553 0.285226 0.0421472 0.0399155
0 0.520159 0.340513 0.0377567 0.0351231
0 0.899577 0.0934949 0.045261 0.042695
0 0.982576 0.280246 0.0348482 0.0402922
0 0.474983 0.0811 0.279457 0.1622
0 0.863913 0.308537 0.19319 0.194155
0 0.697546 0.558515 0.0336241 0.0318981
0 0.173578 0.0820844 0.327895 0.164063
0 0.341608 0.529442 0.0497575 0.0461956
0 0.717472 0.383749 0.0387769 0.0349342
0 0.0466823 0.690632 0.0933646 0.246705
0 0.26866 0.382627 0.03007 0.0281666
0 0.829668 0.151591 0.0304455 0.0294741
0 0.331517 0.272298 0.0307222 0.0290853
0 0.250508 0.969202 0.0295999 0.0280167
0 0.843558 0.876243 0.310469 0.247513
0 0.781545 0.412786 0.0273848 0.0247965
0 0.273412 0.70211 0.0247956 0.0237944
0 0.503953 0.169883 0.111904 0.102232
0 0.904876 0.467929 0.190248 0.36221
