0 0.697362 0.651893 0.0665541 0.0524816
0 0.951236 0.274061 0.0975283 0.0897929
0 0.313249 0.522013 0.0395007 0.030892
0 0.16266 0.76894 0.046885 0.0356718
0 0.159872 0.557742 0.0377129 0.029352
0 0.610485 0.531034 0.0436238 0.036232
0 0.798601 0.0758745 0.0356771 0.0299367
0 0.620943 0.268353 0.0313126 0.0258424
0 0.675936 0.259846 0.0309313 0.0269107
0 0.981469 0.457149 0.0363882 0.0468035
0 0.069761 0.735068 0.0270194 0.0228717
0 0.915004 0.17218 0.0299469 0.0252323
0 0.951602 0.0868268 0.0285448 0.0265621
0 0.558636 0.465723 0.028985 0.0248651
0 0.76657 0.977957 0.0272547 0.0249056
0 0.934179 0.140353 0.0354671 0.0318086
