0 0.671589 0.436779 0.0830843 0.0812598
0 0.391598 0.30138 0.0483054 0.0463154
0 0.43333 0.98028 0.0498465 0.0390171
0 0.4609 0.504762 0.0429169 0.0412027
0 0.0307866 0.0926331 0.0395165 0.0389376
0 0.942937 0.595495 0.0815813 0.0816874
0 0.983515 0.305384 0.0329708 0.0399749
0 0.720213 0.403315 0.072109 0.0723433
0 0.361792 0.554125 0.0482302 0.0477132
0 0.0786685 0.909642 0.157337 0.180716
0 0.435507 0.366495 0.0324594 0.0317233
0 0.0462735 0.392179 0.0330932 0.0322996
0 0.407744 0.582003 0.0409592 0.0395012
0 0.39674 0.529241 0.0758114 0.0732716
0 0.0456684 0.703297 0.0332976 0.0315783
0 0.321158 0.571992 0.0396065 0.0404781
0 0.422283 0.77523 0.0274825 0.0262714
0 0.745354 0.223074 0.0779131 0.0744641
0 0.805704 0.952451 0.0265705 0.026046
0 0.379394 0.368869 0.0310814 0.030371
0 0.580965 0.96802 0.0266579 0.0257429
0 0.715509 0.282409 0.0649949 0.0626199
0 0.0605752 0.523246 0.0908194 0.0889125
0 0.229449 0.963319 0.157506 0.073361
0 0.264578 0.602905 0.0386593 0.0367352
0 0.874277 0.451476 0.0552506 0.0559118
0 0.303188 0.613158 0.0420763 0.0395081
0 0.646105 0.686095 0.0337803 0.0332683
0 0.236381 0.902578 0.0400143 0.0411043
0 0.316783 0.428422 0.0358066 0.0343847
