0 0.657837 0.236517 0.0991348 0.0743929
0 0.182161 0.417799 0.0678462 0.0492466
0 0.0168957 0.396385 0.03373 0.0466794
0 0.982514 0.0574763 0.0349711 0.0327012
0 0.463374 0.633548 0.0441004 0.0304137
0 0.607849 0.159253 0.0347711 0.0264504
0 0.55449 0.669997 0.0344568 0.026603
0 0.717525 0.364118 0.0340563 0.0280188
0 0.230325 0.75083 0.12957 0.0975203
0 0.149509 0.522538 0.0427424 0.0336073
0 0.164626 0.370664 0.0369461 0.0277155
0 0.202839 0.710701 0.030016 0.0250176
0 0.325339 0.714853 0.0649921 0.0446556
0 0.469728 0.564735 0.0340902 0.0244373
0 0.0445207 0.134186 0.0418199 0.0324569
0 0.468726 0.710966 0.0883755 0.0627911
0 0.526904 0.257682 0.0324141 0.0264983
0 0.184738 0.352559 0.0372212 0.0291892
0 0.0191737 0.427474 0.0371232 0.0326545
0 0.786271 0.277397 0.0344591 0.0296515
