0 0.538 0.20127 0.0578156 0.0568387
0 0.648547 0.429899 0.0741131 0.0712034
0 0.856267 0.555244 0.062076 0.060634
0 0.947156 0.0734372 0.0509316 0.0503831
0 0.387608 0.242474 0.0374653 0.0361085
0 0.121392 0.403794 0.165236 0.15167
0 0.776454 0.0721617 0.0313524 0.0300276
0 0.260789 0.255457 0.048728 0.0466223
0 0.588135 0.642446 0.0395159 0.037963
0 0.943695 0.552333 0.0335094 0.0339733
0 0.390905 0.748576 0.0506088 0.0500426
0 0.306375 0.344092 0.0571291 0.0562063
0 0.867596 0.945713 0.0447102 0.0443741
0 0.952395 0.79361 0.0327911 0.0326314
0 0.778025 0.773674 0.0311987 0.0300033
0 0.259804 0.484819 0.14362 0.131379
0 0.484469 0.784788 0.0408089 0.0399261
0 0.103372 0.391863 0.0336416 0.0324583
0 0.961097 0.124804 0.0351257 0.0330755
0 0.894559 0.775285 0.0342239 0.0328697
0 0.181856 0.624687 0.0325737 0.0315251
0 0.243014 0.190317 0.0760546 0.0711335
0 0.905058 0.679759 0.0286659 0.0281693
0 0.54094 0.684414 0.0286522 0.027537
0 0.0174817 0.595232 0.0311318 0.0307883
0 0.351254 0.889125 0.0368971 0.0359648
0 0.983146 0.944265 0.0335836 0.0511683
0 0.115884 0.435782 0.029459 0.0283872
0 0.816857 0.392552 0.0270069 0.0263191
0 0.479978 0.242963 0.342567 0.356431
0 0.358752 0.918763 0.0278713 0.0280098
0 0.663437 0.81603 0.0311361 0.0306652
0 0.222846 0.592017 0.0395916 0.0385275
0 0.128468 0.945242 0.0315337 0.0311264
0 0.90605 0.633803 0.0587053 0.057473
0 0.879681 0.312048 0.0263821 0.0255601
0 0.67517 0.712164 0.0288069 0.0278168
0 0.045704 0.897116 0.0510977 0.0471897
0 0.965317 0.993041 0.0265244 0.0134995
0 0.347662 0.721231 0.0388598 0.0381435
0 0.202226 0.03501 0.0610792 0.0596913
0 0.612375 0.714947 0.0332659 0.0331701
0 0.366946 0.0677552 0.0251882 0.0242631
0 0.408711 0.613223 0.0377178 0.0370784
0 0.371266 0.708621 0.0266431 0.027049
0 0.984829 0.781992 0.0303429 0.0662376
0 0.452837 0.251732 0.0574949 0.0550597
0 0.540407 0.784736 0.0296875 0.0288233
0 0.872414 0.0119964 0.0344433 0.0236718
0 0.945676 0.488066 0.0395771 0.0382809
0 0.103311 0.686615 0.0287349 0.0278791
0 0.536942 0.736832 0.0308464 0.0293388
0 0.923859 0.700448 0.0248487 0.0242094
0 0.602927 0.770246 0.0394701 0.0377598
0 0.799575 0.448457 0.0253267 0.0248064
0 0.754692 0.807912 0.0378561 0.0371044
