0 0.465364 0.120367 0.220991 0.207187
0 0.694576 0.247939 0.268508 0.250228
0 0.545798 0.658863 0.0427725 0.0405825
0 0.444598 0.231409 0.161181 0.148032
0 0.407214 0.410201 0.116826 0.110704
0 0.591263 0.675494 0.0317353 0.0298234
0 0.694214 0.113739 0.10528 0.0982854
0 0.109971 0.294137 0.214456 0.19968
0 0.879711 0.256842 0.0584972 0.0566266
0 0.586279 0.715438 0.0325163 0.0309774
0 0.616864 0.776509 0.0366922 0.0335062
0 0.748112 0.785419 0.0296841 0.0278401
0 0.382311 0.0184359 0.0453569 0.0368719
0 0.488167 0.311308 0.0336899 0.0326258
0 0.213341 0.217039 0.126918 0.119386
0 0.0128595 0.773517 0.025719 0.0286258
0 0.288728 0.850888 0.577456 0.298223
0 0.36463 0.0448512 0.0331208 0.0310651
0 0.495881 0.337869 0.0322649 0.02965
0 0.572246 0.356666 0.0805621 0.0719751
0 0.490596 0.442387 0.0845183 0.0829299
