0 0.927942 0.182455 0.0410236 0.0402093
0 0.872302 0.633379 0.0338503 0.0314865
0 0.723389 0.439076 0.0331416 0.0317883
0 0.454041 0.523191 0.0303805 0.0289608
0 0.684259 0.935909 0.0431479 0.0414238
0 0.0817478 0.94844 0.028943 0.0269653
0 0.908872 0.708873 0.0326052 0.0306506
0 0.988855 0.678372 0.0219524 0.0339052
0 0.945541 0.521614 0.0368076 0.0337791
0 0.670482 0.981567 0.0404192 0.0366028
0 0.278925 0.139209 0.0713498 0.0672506
0 0.677213 0.529947 0.0266129 0.0248598
0 0.926665 0.907122 0.0293432 0.0285681
0 0.171898 0.255935 0.0509412 0.0490096
0 0.0114784 0.00967795 0.0229568 0.0193559
0 0.879958 0.433704 0.0294985 0.027961
0 0.156182 0.283939 0.0341449 0.0327117
0 0.876117 0.902959 0.0508244 0.0501278
0 0.936793 0.746982 0.0254358 0.0238635
0 0.882188 0.864673 0.0266926 0.0258911
0 0.0891137 0.16334 0.0463401 0.0441412
0 0.0548187 0.402627 0.108492 0.10518
0 0.713097 0.916145 0.0280602 0.0270367
0 0.201506 0.149766 0.0516371 0.0489033
0 0.139513 0.176963 0.0567084 0.0554058
0 0.75252 0.0360729 0.0813528 0.0719598
0 0.324435 0.314766 0.0357087 0.0351961
0 0.980852 0.487582 0.0376759 0.0346846
0 0.969208 0.275509 0.0575939 0.054318
0 0.807065 0.668832 0.0245549 0.023012
0 0.832166 0.612524 0.0306814 0.0298374
0 0.536667 0.0956718 0.0251569 0.0238417
