0 0.247504 0.787438 0.0752739 0.0530356
0 0.430006 0.606257 0.189002 0.151386
0 0.238489 0.741348 0.0506858 0.0372669
0 0.821994 0.185254 0.0462493 0.0332217
0 0.650792 0.147556 0.048531 0.036024
0 0.905368 0.446385 0.189225 0.170557
0 0.763799 0.0729549 0.0404327 0.0280876
0 0.96402 0.0278633 0.0427084 0.0325123
0 0.927351 0.0835319 0.0399548 0.0290245
0 0.509705 0.374777 0.0440914 0.0325122
0 0.646251 0.6369 0.0518696 0.0373951
0 0.615994 0.30189 0.037258 0.0272509
0 0.38145 0.234164 0.220001 0.156307
0 0.431628 0.543491 0.0641232 0.0513149
0 0.902377 0.33672 0.0998516 0.0714835
0 0.844749 0.0581624 0.185219 0.115536
0 0.647419 0.933702 0.0355946 0.0295399
