0 0.243794 0.685031 0.191641 0.179303
0 0.742054 0.374464 0.104774 0.0964979
0 0.647385 0.285997 0.0901839 0.0827139
0 0.360612 0.256891 0.048261 0.0458586
0 0.12395 0.782776 0.0496163 0.0465575
0 0.626197 0.677921 0.0380177 0.0340168
0 0.882729 0.746146 0.0567657 0.0481567
0 0.162997 0.519573 0.0390344 0.0370752
0 0.12143 0.717235 0.0387321 0.0357271
0 0.398868 0.70385 0.0754893 0.0693158
0 0.903491 0.831705 0.0548832 0.0464462
0 0.581815 0.713712 0.0383869 0.0332787
0 0.0207135 0.0777971 0.0414271 0.0439219
0 0.125864 0.275231 0.0336694 0.0317948
0 0.8776 0.0470353 0.114496 0.0936367
0 0.092757 0.958417 0.0340849 0.0311371
0 0.412208 0.763915 0.0337229 0.031376
0 0.241406 0.780247 0.0399561 0.0351645
0 0.0852785 0.718806 0.0511417 0.050116
0 0.353793 0.387258 0.0336941 0.0301426
0 0.231524 0.907887 0.106168 0.0978151
0 0.579941 0.310362 0.0614052 0.0536629
0 0.790139 0.602091 0.168829 0.150402
0 0.819766 0.808472 0.0359943 0.031493
0 0.121081 0.00638551 0.0322529 0.0126728
0 0.381832 0.858231 0.0568054 0.0544159
0 0.579948 0.235005 0.0451563 0.0406183
0 0.149983 0.739083 0.0284483 0.0268595
0 0.671211 0.661587 0.484837 0.565479
0 0.973814 0.0116704 0.033843 0.0233409
0 0.52452 0.946834 0.0825665 0.0737074
0 0.635227 0.752815 0.101011 0.0886555
0 0.768625 0.971535 0.053727 0.0472008
0 0.0692015 0.678764 0.0299325 0.0272052
0 0.666091 0.960768 0.032975 0.0297401
