0 0.458246 0.148027 0.189881 0.158092
0 0.229417 0.113958 0.0793841 0.0633661
0 0.200059 0.17981 0.0793917 0.0591818
0 0.383086 0.865085 0.10853 0.0815052
0 0.635026 0.0108075 0.0477333 0.0216151
0 0.415429 0.386851 0.0452632 0.0355298
0 0.393217 0.917907 0.0670391 0.0473482
0 0.271828 0.91936 0.0586753 0.0467739
0 0.56916 0.46528 0.0666229 0.0500241
0 0.650993 0.825983 0.0499743 0.0386723
0 0.98165 0.954185 0.036544 0.0619463
0 0.368828 0.627959 0.0427282 0.0322134
0 0.592192 0.140226 0.0367281 0.0303561
0 0.568463 0.18074 0.0367843 0.0284809
0 0.611244 0.981163 0.0419293 0.0349209
0 0.498449 0.238704 0.0464767 0.0359424
0 0.11673 0.556815 0.0456785 0.032967
0 0.339547 0.98509 0.0531446 0.0298198
0 0.143567 0.25934 0.0418764 0.0339563
0 0.321624 0.250969 0.0726206 0.0619852
0 0.342659 0.510649 0.0803019 0.0634312
0 0.94259 0.233111 0.0885431 0.0743975
0 0.79256 0.63261 0.056265 0.0440239
0 0.887814 0.0847732 0.109637 0.09526
0 0.602426 0.420703 0.0707305 0.0536653
0 0.235528 0.215099 0.0507371 0.0395919
0 0.727852 0.406815 0.0736237 0.0596635
0 0.249468 0.84224 0.0711322 0.0584045
0 0.286989 0.292935 0.0551679 0.0450086
0 0.70639 0.968249 0.0351851 0.029389
0 0.292308 0.211254 0.0566125 0.0441549
0 0.761367 0.814973 0.038741 0.0303574
0 0.611616 0.337246 0.0517589 0.0404783
0 0.295523 0.112883 0.0587257 0.0472937
0 0.968448 0.174981 0.063105 0.0713894
0 0.335341 0.133136 0.0481041 0.0359055
0 0.102277 0.935014 0.037173 0.0285671
0 0.775923 0.455346 0.0633913 0.0511559
0 0.641314 0.906018 0.0349446 0.0282875
0 0.0753905 0.901356 0.0460467 0.036656
0 0.993653 0.696055 0.0126944 0.0371864
0 0.51919 0.524016 0.0434351 0.0336752
0 0.103559 0.325749 0.0573409 0.0421182
0 0.143726 0.160578 0.0493205 0.0361071
0 0.818024 0.109096 0.050654 0.0441489
0 0.15104 0.985127 0.0614379 0.0296158
0 0.962641 0.750754 0.0747181 0.0973132
0 0.844776 0.52282 0.111934 0.0983086
0 0.708344 0.824528 0.0494576 0.0420895
0 0.354087 0.199215 0.0727252 0.0554961
0 0.119473 0.61597 0.0966281 0.066424
0 0.162696 0.31512 0.0681146 0.0535551
0 0.252878 0.972725 0.070419 0.053241
0 0.958216 0.0484822 0.0368858 0.032025
0 0.285362 0.520037 0.120412 0.100265
0 0.825705 0.0223524 0.0968326 0.0443883
0 0.887667 0.668605 0.0405067 0.0336228
0 0.179642 0.546695 0.16126 0.129289
0 0.619991 0.762908 0.0420208 0.0313761
0 0.68957 0.454732 0.0456148 0.0332237
0 0.71796 0.125563 0.164284 0.14369
0 0.101943 0.162067 0.0351965 0.0279551
