0 0.325219 0.152244 0.0612876 0.0570751
0 0.262418 0.285248 0.0731503 0.0679663
0 0.406154 0.122911 0.0525968 0.0468117
0 0.235879 0.1025 0.0487623 0.0457851
0 0.543528 0.548606 0.0403242 0.037296
0 0.74595 0.217481 0.0483267 0.0441937
0 0.553166 0.609437 0.0390799 0.0357669
0 0.681869 0.757038 0.0424707 0.0385944
0 0.5204 0.356186 0.0326521 0.0310029
0 0.710889 0.00884247 0.0451684 0.0176849
0 0.566538 0.81078 0.146735 0.139912
0 0.451499 0.332954 0.0360909 0.0335072
0 0.574974 0.108172 0.0323475 0.028987
0 0.46772 0.757017 0.0336649 0.0312319
0 0.554283 0.00716906 0.0396188 0.0143381
0 0.351643 0.448425 0.0298633 0.0277164
0 0.163388 0.20461 0.0385167 0.0355742
0 0.676027 0.343966 0.030872 0.0288815
0 0.0616472 0.062785 0.0288671 0.0263599
0 0.888444 0.554579 0.0312901 0.0285643
0 0.47651 0.687438 0.0313819 0.0289318
0 0.477934 0.989466 0.0467541 0.0210686
0 0.73757 0.0409022 0.0311949 0.028179
0 0.380837 0.392557 0.0307982 0.0276379
0 0.386208 0.924846 0.051236 0.0468662
0 0.596142 0.148604 0.042815 0.0377583
0 0.137623 0.739107 0.125317 0.121151
