0 0.562625 0.142718 0.233955 0.192961
0 0.14426 0.489573 0.0988855 0.0892578
0 0.513908 0.363069 0.126151 0.104584
0 0.847469 0.189786 0.0773697 0.0682291
0 0.429601 0.405911 0.0599561 0.0530067
0 0.604002 0.287134 0.0980695 0.0871967
0 0.389592 0.157071 0.0416506 0.0349487
0 0.493465 0.477997 0.060461 0.0512534
0 0.202209 0.271329 0.172287 0.149239
0 0.73985 0.172969 0.182398 0.155976
0 0.753589 0.0481811 0.21263 0.0963621
0 0.384567 0.804953 0.0560744 0.0464562
0 0.169415 0.704863 0.0366726 0.034412
0 0.883164 0.460738 0.232743 0.204848
0 0.114221 0.678087 0.0408368 0.0359118
0 0.460161 0.212216 0.0446866 0.0393218
0 0.382172 0.616287 0.0376509 0.0327817
0 0.570885 0.157282 0.0359585 0.0313521
0 0.153365 0.13541 0.0365237 0.0299293
0 0.418898 0.51018 0.0355392 0.0296608
0 0.883907 0.657377 0.134678 0.117244
0 0.180472 0.924734 0.194675 0.1496
0 0.730404 0.539528 0.0516895 0.0453615
0 0.365395 0.0631534 0.11382 0.0986544
0 0.0925941 0.417909 0.142645 0.136789
0 0.294087 0.331002 0.0344033 0.0318643
0 0.176438 0.359444 0.0960883 0.0883206
0 0.668152 0.425858 0.0357166 0.0316008
0 0.944819 0.741278 0.0351433 0.0300711
0 0.547188 0.687832 0.213908 0.176026
0 0.531897 0.777768 0.0374034 0.0315393
0 0.329661 0.670033 0.0450992 0.0380749
0 0.910974 0.665728 0.0618374 0.0477195
0 0.262957 0.835332 0.069118 0.0573833
0 0.258074 0.03617 0.0380316 0.0331587
0 0.0602886 0.264677 0.120577 0.126153
0 0.513917 0.970739 0.22959 0.0585227
0 0.0824749 0.0411707 0.161122 0.0823414
0 0.254713 0.462747 0.0456858 0.0400742
0 0.512107 0.273929 0.116149 0.0997098
0 0.479421 0.788265 0.0341629 0.0289593
0 0.891846 0.0896273 0.161383 0.135095
0 0.190573 0.591139 0.0415091 0.0384916
0 0.259856 0.498527 0.0450811 0.0399956
0 0.970756 0.257304 0.0574688 0.168989
0 0.366832 0.334646 0.0303661 0.0275176
0 0.887376 0.559122 0.0320442 0.0284405
0 0.131842 0.16486 0.128856 0.114232
0 0.679444 0.865255 0.228902 0.169378
0 0.266337 0.613262 0.0361525 0.0326586
0 0.612034 0.023914 0.0714646 0.0478281
0 0.969689 0.959345 0.0605816 0.0809101
0 0.96538 0.489323 0.069239 0.258732
0 0.465143 0.610745 0.0911656 0.0793535
0 0.897725 0.135188 0.0914837 0.0773963
