0 0.938293 0.925197 0.118151 0.106486
0 0.711943 0.392337 0.305221 0.289684
0 0.350968 0.739263 0.0935503 0.0832905
0 0.191719 0.222548 0.0816769 0.0762756
0 0.4848 0.196922 0.0626413 0.0591051
0 0.32562 0.129624 0.363841 0.258918
0 0.979752 0.792607 0.0404958 0.0456072
0 0.864109 0.865983 0.0848703 0.077865
0 0.215101 0.490055 0.0380546 0.0333988
0 0.789214 0.882975 0.0549715 0.0483967
0 0.382192 0.337409 0.178685 0.172989
0 0.435039 0.339191 0.0552666 0.0508236
0 0.540914 0.118103 0.0630358 0.0602114
0 0.431277 0.735558 0.0542175 0.0464911
0 0.109954 0.743762 0.21952 0.245401
0 0.530368 0.923524 0.0910371 0.0822693
0 0.100935 0.117688 0.0533754 0.0479915
0 0.568841 0.794734 0.0380108 0.0351147
0 0.588321 0.72608 0.0729116 0.0611044
0 0.68445 0.622567 0.037621 0.0344424
0 0.290823 0.657818 0.0369461 0.0317347
0 0.0431521 0.0358654 0.0331342 0.0311627
0 0.540625 0.819396 0.0334248 0.029668
0 0.589231 0.558664 0.0334661 0.0310085
0 0.569021 0.456336 0.0397787 0.0358585
0 0.635056 0.686633 0.0318015 0.027247
0 0.921611 0.59616 0.0838068 0.0717044
0 0.591868 0.625845 0.0336355 0.0305985
0 0.023031 0.260836 0.0460621 0.0446723
0 0.229137 0.801876 0.0456732 0.0367071
0 0.310425 0.985822 0.0299299 0.0257412
0 0.325825 0.458289 0.0440052 0.0359362
0 0.169884 0.666259 0.0489241 0.0430955
0 0.728237 0.679066 0.0599744 0.0536651
0 0.0425393 0.614098 0.0459652 0.041465
0 0.13306 0.983112 0.0567836 0.0335701
0 0.991059 0.833281 0.0178827 0.0603525
0 0.544478 0.969854 0.114851 0.0600475
0 0.255836 0.860786 0.0385637 0.0336357
0 0.842215 0.248216 0.0637756 0.0577863
0 0.377527 0.515093 0.0377902 0.0332266
0 0.585547 0.321073 0.0290693 0.0274027
0 0.453673 0.710278 0.0419796 0.0371117
0 0.818804 0.817171 0.0351604 0.0320274
0 0.349099 0.439184 0.0359366 0.0326951
0 0.0569707 0.17892 0.0328834 0.0302769
0 0.401733 0.110888 0.0443404 0.0430586
0 0.0759377 0.0259616 0.0307297 0.0290629
0 0.699788 0.0664755 0.0322055 0.030556
0 0.649861 0.0437829 0.027704 0.0272041
0 0.514529 0.854583 0.0497942 0.0487427
0 0.474385 0.891569 0.0425286 0.0379169
0 0.0563387 0.0702375 0.0386688 0.0362988
0 0.261128 0.78939 0.0305142 0.027215
0 0.547578 0.880379 0.0374302 0.0323399
0 0.183845 0.574234 0.0284523 0.0242966
0 0.362472 0.787138 0.0289706 0.0262133
0 0.705155 0.231223 0.0590797 0.0536795
