0 0.465752 0.746957 0.074749 0.0724703
0 0.879676 0.377893 0.0765415 0.075455
0 0.756356 0.0689652 0.0666895 0.0654486
0 0.265521 0.471324 0.0896493 0.0879269
0 0.911181 0.733963 0.04695 0.0455187
0 0.83257 0.739438 0.0391626 0.0387182
0 0.603768 0.552893 0.0799722 0.0778801
0 0.457313 0.631172 0.10178 0.0970066
0 0.296717 0.729679 0.0420471 0.0406092
0 0.837164 0.0921013 0.0350906 0.0338397
0 0.896763 0.203171 0.0477381 0.0459818
0 0.586412 0.355725 0.0489623 0.0490078
0 0.577516 0.830682 0.0866454 0.0830271
0 0.493392 0.873923 0.0749057 0.0719425
0 0.932878 0.110622 0.0378767 0.0364537
0 0.682093 0.384067 0.0769681 0.0741004
0 0.715139 0.884308 0.0415871 0.0411823
0 0.973472 0.0725336 0.0496019 0.0469798
0 0.664734 0.322674 0.0619955 0.0607465
0 0.838137 0.519828 0.04842 0.0496351
0 0.592349 0.269256 0.0467297 0.0444471
0 0.784742 0.974598 0.032194 0.0308804
0 0.903636 0.415377 0.0465343 0.0448581
0 0.954919 0.147535 0.0393131 0.0384861
0 0.974196 0.11163 0.0306496 0.0297606
0 0.506851 0.564724 0.11314 0.107427
0 0.792765 0.630925 0.0278725 0.0276272
0 0.350876 0.984258 0.0274418 0.0266432
0 0.338274 0.725267 0.0468511 0.0451965
0 0.987509 0.93365 0.0249819 0.0333569
0 0.0730107 0.939052 0.0473581 0.0452179
0 0.87474 0.688014 0.0269684 0.0257742
0 0.619625 0.801604 0.0328817 0.0321003
0 0.677187 0.799906 0.0636961 0.0614622
0 0.485282 0.836846 0.0269646 0.0262985
0 0.334276 0.85547 0.0420881 0.040736
0 0.9849 0.38773 0.030199 0.0327795
0 0.784513 0.178041 0.0566725 0.0542783
0 0.642637 0.422914 0.0304773 0.0293741
0 0.561579 0.00700224 0.0356037 0.0139237
0 0.833381 0.1944 0.0394405 0.0388646
0 0.271405 0.552307 0.0293078 0.0284418
0 0.563807 0.617492 0.0631836 0.0606568
0 0.787289 0.516751 0.0543225 0.0532915
0 0.882494 0.0498485 0.031748 0.0292938
0 0.79852 0.47874 0.0297461 0.0288848
0 0.98106 0.484207 0.0376953 0.0406466
