0 0.694316 0.223235 0.266801 0.269705
0 0.67356 0.931788 0.077177 0.0766895
0 0.778318 0.798996 0.0550508 0.053512
0 0.662226 0.322121 0.0793537 0.0764899
0 0.875453 0.533786 0.0838161 0.0818422
0 0.597116 0.500675 0.0710456 0.0687893
0 0.340864 0.633548 0.0509008 0.0498329
0 0.682235 0.855421 0.0441773 0.0434122
0 0.831012 0.141023 0.0439964 0.0431571
0 0.690662 0.55885 0.0417385 0.0413433
0 0.536727 0.107289 0.153092 0.142391
0 0.946726 0.793916 0.0663563 0.0652794
0 0.814371 0.761099 0.0363777 0.0354639
0 0.787447 0.47606 0.0488048 0.0482462
0 0.946312 0.188671 0.0387293 0.0378496
0 0.790758 0.90399 0.041016 0.0396793
0 0.887662 0.240224 0.0340717 0.0336509
0 0.847233 0.683079 0.0456451 0.0446189
0 0.854974 0.965043 0.0366173 0.0354439
0 0.353482 0.335968 0.0390997 0.0380162
0 0.805346 0.713241 0.0620022 0.059799
0 0.890897 0.874587 0.0452133 0.0448982
0 0.0847247 0.286906 0.0388085 0.0364618
0 0.369024 0.496709 0.0300556 0.0292269
0 0.415137 0.146666 0.0351055 0.0342024
0 0.439734 0.234703 0.0355664 0.0352692
0 0.172174 0.298544 0.344347 0.425225
0 0.565042 0.615542 0.036648 0.0361018
0 0.656894 0.57147 0.0310768 0.0300749
0 0.327944 0.157544 0.0459199 0.0429606
0 0.646805 0.616844 0.0364082 0.0354497
0 0.79386 0.947593 0.0318611 0.0301519
0 0.177451 0.789896 0.354903 0.420208
0 0.956442 0.531763 0.0290659 0.0272166
0 0.378912 0.135246 0.075565 0.0763791
0 0.641796 0.774263 0.087639 0.0848469
0 0.449463 0.475116 0.0333569 0.0324213
0 0.54018 0.518038 0.0315315 0.0308622
0 0.515435 0.428617 0.0290804 0.0283735
0 0.749168 0.629653 0.0351223 0.0340363
0 0.729787 0.293245 0.0326216 0.0333947
0 0.983849 0.868529 0.0323025 0.0691101
0 0.629043 0.555539 0.0296934 0.0304763
0 0.621835 0.580968 0.0349432 0.0336361
0 0.785587 0.0134083 0.029179 0.0265799
0 0.45117 0.0350317 0.184215 0.0700634
0 0.24581 0.023001 0.0855984 0.0458694
0 0.147261 0.218026 0.0340981 0.0315613
0 0.878421 0.0338765 0.033585 0.0324751
0 0.724167 0.0999216 0.0296333 0.0296105
0 0.968805 0.642803 0.0384335 0.0368536
0 0.459479 0.746421 0.0290178 0.0278255
0 0.0615396 0.494382 0.117825 0.116663
0 0.949961 0.605643 0.0247791 0.023473
0 0.189139 0.067742 0.0293586 0.0279236
0 0.461146 0.174399 0.0852488 0.0843992
0 0.235174 0.49444 0.0290047 0.0284545
0 0.917006 0.941633 0.031691 0.029744
0 0.447706 0.498747 0.0296577 0.0292642
0 0.777883 0.852766 0.317677 0.290178
0 0.3581 0.198096 0.0331408 0.0319766
0 0.37132 0.581051 0.0269372 0.027089
0 0.939835 0.583419 0.0263626 0.0253904
0 0.32213 0.989834 0.0332932 0.0200455
0 0.88804 0.819777 0.0298145 0.0297981
0 0.964053 0.270736 0.0253151 0.0250882
0 0.744344 0.0435372 0.0244713 0.0233903
0 0.709119 0.0303294 0.024701 0.0248369
0 0.498888 0.748887 0.0253855 0.0243126
