0 0.253713 0.0624236 0.0679225 0.0677524
0 0.688841 0.7453 0.0824369 0.0807638
0 0.829926 0.133007 0.0402958 0.0395748
0 0.852708 0.584421 0.0386757 0.0375825
0 0.670446 0.462294 0.0363635 0.0350963
0 0.472496 0.578912 0.0600002 0.0593225
0 0.268504 0.381883 0.0335309 0.0328979
0 0.188678 0.085591 0.0314466 0.0304556
0 0.841036 0.433379 0.0397728 0.0386881
0 0.0500398 0.714986 0.0332225 0.0327982
0 0.154303 0.37089 0.0292608 0.0284539
0 0.739693 0.488264 0.0302811 0.0305307
0 0.909698 0.662328 0.0304359 0.0296819
0 0.345032 0.525516 0.0440849 0.0424305
0 0.541681 0.213474 0.0818617 0.0810273
0 0.993554 0.22512 0.0128916 0.0260907
0 0.139136 0.104108 0.0249936 0.0247737
0 0.528441 0.780193 0.0254501 0.0251728
0 0.909762 0.0096524 0.0539574 0.0190894
