0 0.314829 0.352536 0.0700091 0.0685726
0 0.649226 0.552362 0.0420234 0.0409466
0 0.898975 0.699354 0.0500479 0.0493999
0 0.559139 0.861654 0.0329535 0.032189
0 0.0431517 0.793864 0.0524473 0.0518134
0 0.279527 0.769594 0.0305263 0.0300711
0 0.247499 0.231693 0.0290026 0.0282822
0 0.940036 0.337091 0.119927 0.193983
0 0.0766777 0.46116 0.0413388 0.0403023
0 0.795524 0.736115 0.140909 0.132959
0 0.648886 0.0736286 0.0262846 0.0258309
0 0.623951 0.320861 0.0962637 0.0920868
0 0.764989 0.0195629 0.0527105 0.0391257
0 0.613907 0.165233 0.0669447 0.065134
0 0.740574 0.282067 0.0872415 0.081916
0 0.654346 0.28411 0.0517263 0.0489073
0 0.318441 0.206727 0.056818 0.0538019
0 0.465647 0.247175 0.0635098 0.0628319
0 0.905128 0.449638 0.0270494 0.0273917
0 0.606582 0.382554 0.033321 0.0318555
