0 0.515956 0.460725 0.13339 0.128559
0 0.361038 0.308242 0.0702859 0.0661254
0 0.109614 0.336603 0.186419 0.174013
0 0.959223 0.0910422 0.0708965 0.0687589
0 0.32612 0.963437 0.116653 0.0731257
0 0.208134 0.874415 0.0338694 0.0334023
0 0.258269 0.824192 0.039071 0.0370388
0 0.29184 0.562484 0.0866309 0.0809484
0 0.615637 0.544694 0.249053 0.245585
0 0.628508 0.934628 0.0358955 0.0354042
0 0.681118 0.303366 0.0460085 0.0450583
0 0.316903 0.365157 0.0349784 0.0329302
0 0.659346 0.344522 0.0321241 0.0321149
0 0.794179 0.164665 0.0370982 0.0347569
0 0.552134 0.0162872 0.0375652 0.0324689
0 0.0832239 0.610929 0.0328862 0.0316309
0 0.396016 0.0726723 0.0325445 0.0297219
0 0.821159 0.582813 0.0445431 0.0434141
0 0.0776787 0.7976 0.0289357 0.0278011
0 0.845786 0.229063 0.0282362 0.0266871
0 0.888519 0.578579 0.0469521 0.0460221
0 0.365665 0.0557912 0.0298215 0.0275962
0 0.644891 0.906883 0.0301638 0.030014
0 0.211956 0.741931 0.0273437 0.0266929
0 0.404306 0.226982 0.0543098 0.0508997
0 0.232357 0.990231 0.0674608 0.0195389
0 0.410689 0.992626 0.0396955 0.014749
0 0.111194 0.271035 0.0292097 0.0285194
0 0.94582 0.276156 0.0276947 0.0259256
0 0.959043 0.148459 0.0819141 0.131456
0 0.739566 0.109817 0.392809 0.219634
0 0.159372 0.0515733 0.0928864 0.0879762
0 0.0665697 0.171104 0.133023 0.281682
0 0.927451 0.659422 0.0314095 0.0319643
0 0.240797 0.468052 0.0259334 0.0245722
0 0.728573 0.400161 0.0844026 0.0799078
0 0.807582 0.158248 0.119466 0.114951
0 0.928398 0.0266685 0.0257481 0.0252774
0 0.165447 0.14263 0.0376492 0.0359366
