0 0.24531 0.624835 0.217693 0.217682
0 0.13543 0.885759 0.0561832 0.0536705
0 0.0994663 0.134486 0.0352362 0.0347569
0 0.924415 0.422044 0.0430737 0.0427946
0 0.806178 0.887033 0.03946 0.0381506
0 0.955202 0.396458 0.0490013 0.0482774
0 0.966062 0.424768 0.039286 0.0402468
0 0.402756 0.576219 0.0306756 0.029311
0 0.142727 0.478366 0.285454 0.367345
0 0.866246 0.836103 0.0261122 0.0260521
0 0.601029 0.727508 0.0900893 0.0864204
0 0.84163 0.406328 0.0305157 0.0302319
0 0.494484 0.559282 0.0276125 0.0278998
0 0.0263036 0.217501 0.0526073 0.0577443
0 0.461043 0.830289 0.0883675 0.084247
0 0.391293 0.729916 0.0255222 0.0243192
0 0.814404 0.27992 0.0373583 0.0357728
0 0.145819 0.500248 0.025682 0.0238259
0 0.716698 0.982628 0.0241549 0.0239203
0 0.469299 0.49282 0.0266397 0.0261878
0 0.862516 0.282347 0.0263882 0.0261522
0 0.429494 0.550821 0.0253286 0.0244853
0 0.548388 0.201796 0.0863774 0.0834367
0 0.797672 0.251423 0.0272685 0.0266951
0 0.120139 0.623178 0.0645056 0.0629775
0 0.00849758 0.267963 0.0169952 0.0932954
0 0.738851 0.220793 0.0448542 0.0431311
0 0.98275 0.461639 0.0344994 0.0372993
0 0.412734 0.00578122 0.0267195 0.0113816
0 0.283396 0.465445 0.080334 0.0748717
