0 0.80534 0.212133 0.110783 0.108987
0 0.079103 0.563106 0.158206 0.203198
0 0.331704 0.775892 0.0462215 0.0457517
0 0.932765 0.301877 0.0328381 0.031609
0 0.460151 0.297016 0.0382015 0.0371313
0 0.705379 0.7646 0.0838659 0.0830054
0 0.78767 0.273719 0.0342798 0.03329
0 0.644651 0.0927742 0.181981 0.170141
0 0.252152 0.0912123 0.0405807 0.0389467
0 0.420472 0.138586 0.0286978 0.0279519
0 0.350282 0.751175 0.0255131 0.0249045
0 0.393867 0.28559 0.0313893 0.0296044
0 0.168169 0.0289811 0.0350458 0.0344994
0 0.369122 0.467388 0.0349851 0.0334412
0 0.240367 0.0671234 0.0333997 0.0318965
0 0.226617 0.312403 0.0356579 0.0335365
0 0.150369 0.374322 0.031682 0.029773
0 0.599893 0.80886 0.034214 0.0325675
0 0.231537 0.354405 0.0609211 0.0595338
0 0.609244 0.991058 0.0285389 0.0172829
0 0.0805911 0.0344285 0.0412603 0.0393725
0 0.152726 0.833264 0.028942 0.0284349
0 0.534249 0.198401 0.0273089 0.0253829
0 0.0208418 0.231693 0.0416174 0.083763
0 0.0890276 0.236389 0.0258253 0.0256667
0 0.806692 0.941669 0.276968 0.116661
0 0.0754898 0.302823 0.0398224 0.0375248
0 0.640074 0.434208 0.0251635 0.0243948
0 0.650736 0.965833 0.0306697 0.031443
0 0.375849 0.374936 0.0273487 0.025557
0 0.208946 0.291261 0.0250293 0.0236022
0 0.180227 0.296598 0.030005 0.0282012
0 0.396901 0.670676 0.0453039 0.0451994
0 0.481622 0.368688 0.0488653 0.0465319
0 0.661566 0.822982 0.0737005 0.0730406
0 0.519493 0.32903 0.0259512 0.0249499
0 0.0846703 0.0103318 0.0308675 0.0205576
0 0.0954433 0.163592 0.0736361 0.0710425
0 0.865077 0.107363 0.0264706 0.0251664
0 0.356578 0.791428 0.0231605 0.022913
0 0.0411297 0.385201 0.0400377 0.0395464
0 0.484386 0.900857 0.0505885 0.0489821
0 0.704741 0.887618 0.091868 0.0876205
0 0.938722 0.904379 0.122049 0.185814
