0 0.493373 0.629343 0.044754 0.039993
0 0.274982 0.243339 0.031883 0.0288114
0 0.944338 0.394752 0.036364 0.031886
0 0.683552 0.245629 0.0610544 0.0535596
0 0.357218 0.869096 0.0648326 0.0623209
0 0.95147 0.284441 0.0922604 0.0839505
0 0.302188 0.963575 0.0865796 0.0727352
0 0.728328 0.281003 0.0614759 0.0541936
0 0.546666 0.750689 0.0485624 0.0441316
0 0.379349 0.739639 0.240564 0.215523
0 0.637334 0.20127 0.051952 0.0420712
0 0.927956 0.818568 0.0795717 0.0721346
0 0.417244 0.472669 0.0419843 0.0380898
0 0.45748 0.725091 0.0985544 0.0890465
0 0.74549 0.800798 0.123856 0.110894
0 0.759107 0.494871 0.0946653 0.0845247
0 0.824993 0.763834 0.071718 0.0618097
0 0.632105 0.543759 0.0783342 0.0722368
0 0.37292 0.976465 0.074771 0.0461277
0 0.676641 0.838481 0.046903 0.0412411
0 0.725585 0.412414 0.0698063 0.0667525
0 0.376127 0.447768 0.0646842 0.0600058
0 0.436775 0.819527 0.0574453 0.0556801
0 0.187757 0.967627 0.0916463 0.0647458
0 0.725029 0.91062 0.09349 0.0833386
0 0.795843 0.719944 0.0744987 0.0688304
0 0.920105 0.0230256 0.0655472 0.0460512
