0 0.169488 0.707976 0.0437396 0.0410194
0 0.180596 0.643712 0.0442413 0.0409078
0 0.121099 0.474895 0.0627634 0.0586602
0 0.78958 0.983038 0.0428302 0.0339231
0 0.749685 0.925812 0.10615 0.105356
0 0.217411 0.901985 0.0423889 0.0387106
0 0.678259 0.9669 0.0331835 0.0322811
0 0.617679 0.953533 0.0396151 0.0393013
0 0.977676 0.866661 0.0358326 0.0358524
0 0.252583 0.608771 0.059032 0.0557732
0 0.28875 0.815302 0.0348842 0.0316879
0 0.425984 0.826881 0.0285186 0.0278227
0 0.676124 0.55573 0.0297234 0.0300154
0 0.290003 0.393528 0.0542631 0.0459673
0 0.693373 0.868262 0.0335648 0.0332378
0 0.034909 0.00954546 0.0381829 0.0187652
0 0.561972 0.736029 0.0322141 0.0329271
0 0.545784 0.682574 0.0276019 0.0271366
0 0.563014 0.802797 0.031987 0.0319489
0 0.224482 0.674308 0.072001 0.0691454
0 0.646987 0.848619 0.0363129 0.0368164
0 0.135551 0.0107671 0.0487484 0.0215342
0 0.718302 0.971666 0.0273623 0.0261843
0 0.745204 0.733402 0.0335545 0.031795
0 0.0551242 0.527901 0.0370614 0.0305639
0 0.461323 0.756023 0.0468629 0.04202
0 0.827658 0.949603 0.0290356 0.0287167
0 0.570075 0.847542 0.027862 0.0274868
0 0.230712 0.742544 0.0498035 0.0431175
0 0.696895 0.787547 0.0356596 0.0355864
0 0.219666 0.337625 0.0356512 0.0294783
0 0.0264258 0.538986 0.0360521 0.033384
0 0.0909282 0.680507 0.0345998 0.031877
0 0.722442 0.755198 0.0505505 0.0465051
0 0.504171 0.741776 0.0385667 0.0368472
0 0.80567 0.803925 0.0303219 0.0304737
0 0.167516 0.480084 0.0379519 0.0353519
0 0.579503 0.992289 0.0278355 0.0149521
0 0.036751 0.0799029 0.0373013 0.0346761
0 0.499764 0.873636 0.160071 0.152293
0 0.114672 0.281542 0.0507669 0.0443399
0 0.136762 0.638034 0.0442773 0.0442478
0 0.271129 0.733304 0.0262776 0.0250006
