0 0.710304 0.82106 0.377024 0.307859
0 0.297339 0.455144 0.115689 0.0907799
0 0.445155 0.176233 0.374897 0.294857
0 0.347977 0.80792 0.0483656 0.0357222
0 0.459708 0.694098 0.0494857 0.0384311
0 0.155114 0.320933 0.153499 0.110592
0 0.979904 0.247912 0.0315941 0.0260052
0 0.830693 0.143437 0.0337765 0.0258579
0 0.893807 0.320475 0.0331635 0.0262104
0 0.435165 0.353395 0.0332291 0.0249782
0 0.171047 0.831854 0.0359628 0.0280838
0 0.905207 0.768699 0.189585 0.282348
0 0.378647 0.990202 0.0340428 0.0195951
0 0.114039 0.0307912 0.0936408 0.0615649
0 0.874597 0.693879 0.152217 0.112376
0 0.938331 0.947176 0.114204 0.0951992
0 0.906205 0.532371 0.0386169 0.0297287
