0 0.459326 0.842818 0.0729281 0.066272
0 0.125271 0.453706 0.0407216 0.0382916
0 0.23984 0.709689 0.0578499 0.0549133
0 0.208695 0.82626 0.0372269 0.0330807
0 0.0923562 0.550059 0.0403524 0.0374504
0 0.307699 0.383595 0.0325496 0.0307303
0 0.168267 0.834945 0.0524009 0.0443409
0 0.191699 0.771777 0.0415873 0.0380221
0 0.204342 0.86676 0.0509833 0.046081
0 0.285767 0.110294 0.0374729 0.0353629
0 0.151288 0.768856 0.0324356 0.030364
0 0.48248 0.584684 0.0331319 0.0310184
0 0.127945 0.98888 0.028086 0.021611
0 0.187322 0.973046 0.0290794 0.0258167
0 0.466992 0.179216 0.0485475 0.0436423
0 0.0089526 0.54258 0.0179052 0.030162
0 0.442639 0.981252 0.0298048 0.0294178
0 0.427178 0.866569 0.0263189 0.0242569
0 0.167288 0.743557 0.0285474 0.0265557
0 0.174104 0.791546 0.0327768 0.0301077
0 0.00591454 0.407029 0.0117555 0.0271967
0 0.17434 0.912835 0.044759 0.04011
0 0.486525 0.677772 0.0487101 0.0455818
0 0.118162 0.423165 0.0245389 0.023664
0 0.413321 0.960827 0.0269634 0.0260307
