0 0.719059 0.265825 0.21579 0.200602
0 0.472624 0.42574 0.0605219 0.0561763
0 0.89039 0.275178 0.0363085 0.0335855
0 0.834522 0.342446 0.0613922 0.0556441
0 0.406606 0.0175421 0.0564516 0.0345947
0 0.0281792 0.0140272 0.0408479 0.0279809
0 0.147557 0.0449536 0.035117 0.0313275
0 0.152849 0.682498 0.0322101 0.0290283
0 0.650197 0.609592 0.0674321 0.0582127
0 0.690098 0.581639 0.0409772 0.0389414
0 0.945709 0.159936 0.051495 0.0469386
0 0.570637 0.527627 0.0409229 0.0386543
0 0.121833 0.808476 0.0352335 0.0335178
0 0.865698 0.469437 0.0352272 0.0345016
0 0.74222 0.500718 0.0329729 0.0294184
0 0.963082 0.581962 0.0311813 0.0277292
0 0.954269 0.0355006 0.0914614 0.0710012
0 0.652687 0.669916 0.0327368 0.0295396
0 0.44767 0.0488635 0.056337 0.0535891
0 0.97271 0.280826 0.0285032 0.0263267
0 0.499023 0.0896842 0.035716 0.0342802
0 0.926007 0.0530019 0.0348351 0.0328004
0 0.825973 0.705901 0.032531 0.0280539
0 0.20512 0.214251 0.0597875 0.0553423
0 0.617177 0.842811 0.0311909 0.0278864
0 0.0172836 0.501699 0.0343632 0.0370602
0 0.499283 0.306449 0.0506012 0.048171
0 0.683194 0.344281 0.0255716 0.0235508
0 0.611186 0.643763 0.0430188 0.0393848
0 0.248965 0.403779 0.0863026 0.0784304
0 0.595517 0.0069543 0.0267895 0.0138999
0 0.83571 0.476987 0.0310982 0.0290173
0 0.214482 0.707071 0.0771849 0.0722027
0 0.145089 0.46286 0.263152 0.235817
0 0.0419029 0.585224 0.0797487 0.0742102
0 0.912029 0.367805 0.0861576 0.0780944
