0 0.15887 0.517417 0.175788 0.171845
0 0.568927 0.100579 0.247124 0.201157
0 0.967365 0.394971 0.0637703 0.0641731
0 0.30297 0.391501 0.0551033 0.0541894
0 0.240097 0.703655 0.0440058 0.0423267
0 0.910238 0.554095 0.0386799 0.0387659
0 0.179073 0.852884 0.053155 0.0520638
0 0.706816 0.195731 0.0675146 0.0651472
0 0.941122 0.924597 0.0394833 0.0381531
0 0.980754 0.090915 0.0382133 0.0411451
0 0.0265138 0.922166 0.0376726 0.0367428
0 0.737585 0.981282 0.0347784 0.0350227
0 0.831182 0.0166476 0.0535374 0.0332951
0 0.0997147 0.0736261 0.0566271 0.0561406
0 0.31437 0.789363 0.0402747 0.0381594
0 0.172966 0.686979 0.0310272 0.0298004
0 0.0219573 0.649505 0.0439146 0.0574043
0 0.613312 0.731011 0.038987 0.0382491
0 0.589107 0.767777 0.0285864 0.029064
0 0.288557 0.281372 0.0721988 0.0703842
0 0.680848 0.496852 0.173858 0.173864
0 0.0369715 0.141133 0.0739429 0.112557
0 0.34032 0.814536 0.0342995 0.0319353
0 0.819236 0.169764 0.030508 0.0295737
0 0.0574603 0.540147 0.0320789 0.0302413
0 0.197111 0.826257 0.0334232 0.0317181
0 0.791676 0.180152 0.0315479 0.031377
0 0.221757 0.765316 0.0297514 0.0293726
0 0.266469 0.164298 0.031397 0.0300827
0 0.224686 0.797664 0.0431051 0.0401749
0 0.405951 0.811889 0.0369881 0.0354656
0 0.742002 0.817532 0.250055 0.253453
0 0.49522 0.901534 0.148772 0.151483
0 0.18954 0.770802 0.034929 0.0345335
0 0.477855 0.676402 0.0257886 0.0249559
0 0.962302 0.641567 0.0280386 0.0268049
0 0.136405 0.137507 0.0431528 0.0412295
0 0.350358 0.786263 0.033891 0.0344666
0 0.0691312 0.801752 0.0474348 0.046821
0 0.962016 0.323885 0.0259823 0.0252604
0 0.705348 0.917036 0.0502068 0.0480286
0 0.114262 0.982754 0.0316984 0.0314449
0 0.987873 0.530615 0.0234692 0.0279302
0 0.756086 0.245792 0.0496942 0.0465426
0 0.958568 0.362905 0.037627 0.0375797
0 0.99278 0.435836 0.0143721 0.0652406
0 0.275437 0.122132 0.0265941 0.0268808
0 0.557065 0.991352 0.0253599 0.0170588
0 0.975431 0.508842 0.0245247 0.0243947
0 0.889024 0.203957 0.0268311 0.0256357
0 0.753997 0.398472 0.0456671 0.0461112
0 0.318959 0.488329 0.0406656 0.0386679
