0 0.480833 0.781638 0.215942 0.194156
0 0.210407 0.0876462 0.0619527 0.0561013
0 0.608694 0.277543 0.0420437 0.0415933
0 0.322693 0.945693 0.0460509 0.0398914
0 0.0223236 0.490815 0.0446473 0.0564331
0 0.825974 0.523536 0.0690784 0.0625015
0 0.519741 0.317119 0.0308529 0.0292165
0 0.161409 0.831116 0.0338545 0.031337
0 0.560875 0.967209 0.0516891 0.0452347
0 0.0131075 0.888007 0.026215 0.0285381
0 0.265295 0.758288 0.0309366 0.0295919
0 0.652804 0.308277 0.0316328 0.0292825
0 0.257619 0.484769 0.0296853 0.0265892
0 0.806856 0.483684 0.0607199 0.0558919
0 0.107636 0.993334 0.0305298 0.0133295
