0 0.2541 0.718919 0.139414 0.115376
0 0.921135 0.910518 0.104581 0.0865845
0 0.412222 0.816177 0.047022 0.0399637
0 0.969273 0.22773 0.0614533 0.0700385
0 0.910368 0.309224 0.0507397 0.0402
0 0.639303 0.274726 0.0441126 0.0347692
0 0.194009 0.760731 0.0388236 0.0312216
0 0.111016 0.672643 0.0644007 0.0503649
0 0.370669 0.877455 0.0357288 0.0302156
0 0.122573 0.711596 0.0387032 0.0303362
0 0.949231 0.373773 0.07528 0.059858
0 0.151855 0.914065 0.0361153 0.0285967
0 0.803327 0.848187 0.0373396 0.0305954
0 0.450572 0.488056 0.0437668 0.0344262
0 0.474586 0.57726 0.123507 0.096221
0 0.763921 0.324675 0.0775165 0.0599835
0 0.514657 0.89307 0.0366978 0.0322081
0 0.372772 0.695117 0.0427403 0.035118
0 0.133977 0.346912 0.0856678 0.06819
0 0.824038 0.69048 0.0427422 0.0355573
0 0.177614 0.473113 0.0385188 0.031336
0 0.400891 0.0818949 0.0383565 0.0306834
0 0.834268 0.84823 0.330923 0.303541
0 0.935047 0.649322 0.0429073 0.0338687
0 0.25099 0.228125 0.031304 0.0269051
0 0.908817 0.62153 0.0350571 0.0289234
0 0.472845 0.379728 0.0374038 0.0301888
0 0.729252 0.49326 0.0381681 0.0306745
0 0.582862 0.873906 0.0563646 0.0491339
0 0.604054 0.856254 0.0352291 0.0295702
0 0.178035 0.554594 0.108273 0.0930191
0 0.497223 0.657914 0.0310519 0.0250285
0 0.445763 0.632826 0.0300701 0.0247637
0 0.438768 0.354033 0.0354817 0.0276346
0 0.409254 0.219897 0.0335085 0.0277019
0 0.336191 0.918989 0.0295766 0.0265846
0 0.277948 0.820178 0.100638 0.0891522
0 0.31527 0.752383 0.0295171 0.0248051
0 0.823527 0.0805434 0.095237 0.0774417
0 0.0581001 0.299843 0.0574044 0.0454587
0 0.890771 0.704873 0.0496656 0.0356481
0 0.203683 0.862475 0.0304395 0.0271164
0 0.332212 0.00498704 0.0363629 0.00997408
0 0.99248 0.443019 0.0150396 0.0708109
0 0.478405 0.505035 0.0334816 0.0244162
0 0.413342 0.962154 0.0266798 0.0244015
0 0.703312 0.343175 0.0309557 0.0255164
0 0.90212 0.676321 0.0466366 0.0382169
0 0.925025 0.255672 0.0451595 0.0378661
