0 0.410739 0.369041 0.0722436 0.0678596
0 0.790568 0.79389 0.0482159 0.045005
0 0.447133 0.27019 0.0412035 0.0384127
0 0.507301 0.734321 0.0348126 0.0327733
0 0.755131 0.392098 0.0396687 0.0376672
0 0.752774 0.345078 0.0346142 0.0328775
0 0.517387 0.180964 0.0321768 0.0306788
0 0.716141 0.294447 0.0426798 0.0395408
0 0.00732805 0.833661 0.014592 0.0318529
0 0.540696 0.0736816 0.0555557 0.0531873
0 0.482291 0.286503 0.030545 0.0291401
0 0.507978 0.0193112 0.0306622 0.0293838
0 0.579255 0.27546 0.029213 0.0264081
0 0.27442 0.856494 0.0298241 0.0256876
0 0.468941 0.25273 0.0276125 0.0260515
