0 0.738598 0.288411 0.205995 0.194391
0 0.762443 0.0253066 0.0642864 0.0506131
0 0.894343 0.062667 0.0870895 0.0850516
0 0.699978 0.749028 0.179865 0.175605
0 0.269175 0.761268 0.0584537 0.057445
0 0.912596 0.94048 0.0603178 0.0595228
0 0.13311 0.426193 0.265233 0.383527
0 0.49609 0.35572 0.290743 0.277848
0 0.796965 0.0973413 0.0358276 0.0337947
0 0.928065 0.115747 0.0332823 0.0328291
0 0.644267 0.053711 0.0380675 0.0369067
0 0.556682 0.991976 0.0421783 0.0160474
0 0.532243 0.668489 0.219844 0.224754
0 0.430504 0.536107 0.0848306 0.0811794
0 0.856316 0.734023 0.0405754 0.0393341
0 0.0377577 0.915735 0.0755153 0.155738
0 0.659024 0.456336 0.163811 0.163209
0 0.600488 0.866119 0.266419 0.244042
0 0.902691 0.908246 0.0280514 0.0268059
0 0.722973 0.949877 0.0389141 0.0374588
0 0.988624 0.0967253 0.0227514 0.062445
0 0.756673 0.98094 0.0992318 0.0381199
0 0.135638 0.937119 0.0415185 0.0392891
0 0.5997 0.206903 0.0270614 0.0260509
0 0.798377 0.925041 0.0681172 0.0696426
0 0.707257 0.0500677 0.0782034 0.0773259
0 0.575053 0.0853276 0.0467261 0.0441076
0 0.456628 0.852324 0.0653402 0.0645771
0 0.989037 0.583528 0.0219255 0.0464668
0 0.584735 0.521872 0.028667 0.0278145
0 0.961432 0.873148 0.0316624 0.0310303
0 0.573094 0.797631 0.0326796 0.0323808
0 0.860373 0.400393 0.0507717 0.0483951
0 0.812367 0.176307 0.0397327 0.0388044
0 0.493291 0.939125 0.0450768 0.0437862
0 0.952436 0.684563 0.0397154 0.0376118
0 0.868078 0.937584 0.025893 0.0261776
0 0.359377 0.88598 0.0342239 0.0304966
0 0.834632 0.875671 0.0531847 0.0530512
0 0.670361 0.600458 0.14111 0.137653
0 0.234499 0.614896 0.412559 0.376195
0 0.821042 0.733506 0.0249107 0.0246058
0 0.401634 0.483793 0.0486301 0.0467696
0 0.904476 0.100162 0.0230629 0.0231147
0 0.446633 0.795937 0.0680117 0.0651351
