0 0.634839 0.767815 0.127246 0.118045
0 0.726259 0.936478 0.165347 0.127044
0 0.381102 0.813496 0.105499 0.0973814
0 0.780783 0.515288 0.0537979 0.0466666
0 0.290313 0.0278909 0.0823473 0.0557818
0 0.626277 0.907824 0.0796923 0.0746922
0 0.761091 0.922129 0.0375857 0.0351974
0 0.46689 0.134035 0.0346311 0.0323471
0 0.07378 0.383426 0.032229 0.0295593
0 0.225782 0.732847 0.073919 0.0699593
0 0.466955 0.476707 0.0619062 0.0523867
0 0.174357 0.394592 0.0551144 0.0483445
0 0.474835 0.875556 0.0983185 0.0931541
0 0.243083 0.548124 0.0667342 0.0623981
0 0.171079 0.700108 0.0704216 0.06649
0 0.149935 0.849174 0.195854 0.182098
0 0.2778 0.789682 0.0839765 0.0753968
0 0.161135 0.499233 0.0967641 0.0863771
0 0.320924 0.753599 0.0311324 0.0286951
0 0.572392 0.594733 0.0426579 0.0367962
0 0.12111 0.365967 0.0661272 0.0552009
0 0.0379656 0.377571 0.0567314 0.049598
0 0.0783679 0.438322 0.056196 0.0504454
0 0.677469 0.555381 0.0795465 0.071251
0 0.39779 0.888258 0.0550164 0.0512657
0 0.137777 0.945831 0.213594 0.108339
0 0.533888 0.65101 0.0588703 0.0507395
0 0.232886 0.394063 0.0442029 0.0396277
0 0.601657 0.686517 0.048471 0.0434486
0 0.216655 0.638544 0.0662603 0.0619279
0 0.530904 0.690824 0.0243578 0.0219565
0 0.490659 0.883712 0.0685948 0.060849
0 0.481798 0.746523 0.0566564 0.0490502
0 0.737439 0.100146 0.525122 0.200292
0 0.497634 0.575258 0.0373265 0.0318544
