0 0.263703 0.573713 0.14144 0.106712
0 0.734354 0.56804 0.197631 0.158927
0 0.727802 0.880449 0.0768573 0.0581032
0 0.845292 0.681008 0.154216 0.120462
0 0.428838 0.212503 0.297145 0.239307
0 0.32546 0.83574 0.0589815 0.0447498
0 0.0351236 0.499308 0.0398596 0.0334722
0 0.135685 0.0370999 0.0822937 0.0604535
0 0.702684 0.72087 0.0722105 0.0534599
0 0.895332 0.914979 0.0759499 0.0576897
0 0.0910359 0.912787 0.0413059 0.0310614
0 0.528133 0.728106 0.178112 0.144573
0 0.392461 0.359057 0.0492753 0.0387041
0 0.260325 0.236476 0.0402859 0.0307462
0 0.144487 0.588353 0.0591413 0.0439535
0 0.149526 0.679329 0.0416811 0.0299136
0 0.814423 0.606826 0.0664124 0.0537778
0 0.241905 0.471272 0.044478 0.0347549
0 0.609014 0.34204 0.0750265 0.0569941
0 0.529152 0.488675 0.291649 0.222937
0 0.421978 0.208888 0.0355915 0.0263131
0 0.370675 0.571621 0.0509977 0.0375562
0 0.548326 0.209129 0.0367794 0.0264675
0 0.566099 0.638117 0.203359 0.152676
0 0.632103 0.890354 0.061624 0.0404503
0 0.252212 0.145424 0.0423211 0.0312734
0 0.923727 0.63392 0.0372376 0.0284779
0 0.766803 0.662001 0.0640569 0.0503048
0 0.229656 0.12427 0.039416 0.0288208
0 0.550197 0.130642 0.0405326 0.0300718
0 0.0939766 0.778039 0.187953 0.195091
0 0.407229 0.990677 0.0323154 0.0184132
0 0.623493 0.384729 0.0478502 0.0337686
0 0.867112 0.746791 0.167496 0.132104
0 0.112167 0.281349 0.0420511 0.0312982
0 0.58919 0.152631 0.0501615 0.0351344
0 0.719246 0.937845 0.0530213 0.0414394
0 0.87127 0.857279 0.0623728 0.0484528
0 0.341137 0.529292 0.0384289 0.0283552
0 0.317523 0.509143 0.0343566 0.0269863
0 0.900548 0.309694 0.198905 0.171132
0 0.602678 0.0916755 0.0341831 0.0252669
0 0.510479 0.9305 0.0328536 0.0257549
0 0.956214 0.621056 0.0322493 0.025387
0 0.93446 0.223622 0.0601963 0.0427908
0 0.535068 0.518715 0.0282927 0.022093
0 0.621851 0.167155 0.121141 0.0954001
0 0.0931655 0.118477 0.0329243 0.0254681
0 0.949046 0.842927 0.101552 0.13094
0 0.52863 0.852233 0.0712193 0.0556511
0 0.977877 0.964894 0.0365414 0.0308571
0 0.61174 0.899745 0.0470453 0.0365944
0 0.026492 0.253308 0.0529762 0.0644321
0 0.683748 0.960592 0.0299623 0.0224884
0 0.150371 0.818172 0.0688245 0.0497946
0 0.627442 0.781026 0.0645078 0.0544966
0 0.957033 0.681664 0.0859332 0.0819943
0 0.691598 0.377934 0.0868174 0.0635354
0 0.199721 0.954499 0.247253 0.0910015
0 0.16235 0.175828 0.0354636 0.0270514
