0 0.727582 0.731131 0.222949 0.209485
0 0.570725 0.951375 0.111428 0.096674
0 0.600744 0.485425 0.183498 0.173205
0 0.272167 0.733822 0.159219 0.155733
0 0.285238 0.427668 0.19838 0.184902
0 0.515191 0.397616 0.147566 0.138806
0 0.429482 0.955632 0.0870735 0.0844469
0 0.631625 0.899395 0.0692562 0.0669243
0 0.552977 0.0607666 0.0503916 0.0497503
0 0.155927 0.0852246 0.0786069 0.0767322
0 0.312717 0.868858 0.0444398 0.0421257
0 0.792324 0.107288 0.0621412 0.0606784
0 0.561356 0.172115 0.0406131 0.0396156
0 0.434391 0.687752 0.0366629 0.034609
0 0.231431 0.183323 0.0968511 0.092051
0 0.495152 0.707811 0.0423422 0.0386446
0 0.59398 0.676446 0.0464892 0.0441879
0 0.914191 0.0865299 0.0340712 0.0333254
0 0.672443 0.62346 0.0394859 0.0367268
0 0.161778 0.462172 0.0950205 0.0910393
0 0.0532181 0.024792 0.0555693 0.0494029
0 0.768534 0.288899 0.0465023 0.0465681
0 0.88664 0.138478 0.0535049 0.0515614
0 0.548563 0.557357 0.0437441 0.0406895
0 0.889327 0.203256 0.0497536 0.0491665
0 0.618771 0.185996 0.0455416 0.0455312
0 0.928838 0.124044 0.0521524 0.0508945
0 0.0180681 0.549969 0.0360444 0.0376156
0 0.0901465 0.139362 0.0371908 0.0359102
0 0.805501 0.83553 0.0543686 0.0513412
0 0.274545 0.896865 0.0346914 0.0323978
0 0.4223 0.653797 0.0456642 0.0414589
0 0.301187 0.823047 0.035217 0.0331865
0 0.831515 0.921019 0.053344 0.0496923
0 0.0465679 0.194983 0.0810826 0.0763403
0 0.910466 0.939265 0.0379173 0.0361048
0 0.953742 0.343522 0.0287922 0.0285307
0 0.251595 0.0689225 0.0369613 0.0353146
0 0.196918 0.122588 0.0732191 0.0719582
0 0.699009 0.499605 0.0474754 0.0467682
0 0.292491 0.950832 0.032772 0.0304195
0 0.739153 0.319873 0.0308957 0.0305431
0 0.850678 0.726388 0.0338097 0.0312945
0 0.83984 0.578125 0.061668 0.0576254
0 0.646379 0.0316757 0.0309643 0.0300309
0 0.181123 0.562458 0.0333152 0.0304296
0 0.202905 0.237211 0.0708801 0.0696193
0 0.593369 0.0683708 0.0255488 0.025401
0 0.603504 0.823599 0.0314592 0.0283718
0 0.31843 0.25228 0.0441287 0.0419803
0 0.610884 0.120209 0.0286663 0.0281906
0 0.925338 0.638804 0.0393497 0.0362429
0 0.206587 0.815366 0.0332773 0.0333721
0 0.302699 0.659612 0.0430088 0.0416216
0 0.882759 0.909984 0.0299013 0.0280743
0 0.2369 0.0150766 0.0555408 0.029811
0 0.579091 0.753788 0.0398257 0.036622
0 0.0856681 0.88301 0.105927 0.102428
0 0.798835 0.529741 0.0357256 0.0327299
0 0.900347 0.317998 0.0459688 0.0415377
0 0.102859 0.56798 0.0338837 0.0315905
0 0.536576 0.340271 0.0373655 0.0352951
0 0.447054 0.0450421 0.0316067 0.0301642
0 0.426411 0.0931321 0.0347887 0.0333519
0 0.159988 0.171265 0.0480029 0.0461925
0 0.987734 0.829458 0.0244343 0.0459438
0 0.966047 0.872119 0.0424034 0.0402891
0 0.10326 0.0438281 0.0519151 0.0522867
0 0.143988 0.579018 0.0430897 0.0393412
0 0.542802 0.77121 0.0312536 0.0302162
0 0.931383 0.223004 0.043677 0.0422607
0 0.709903 0.357181 0.167109 0.156615
0 0.967785 0.544584 0.0595911 0.0616996
0 0.41203 0.29299 0.0273943 0.0261525
0 0.613746 0.306731 0.0407125 0.0400597
0 0.774201 0.825506 0.0280886 0.0264675
0 0.155665 0.249081 0.0425942 0.0418439
0 0.369584 0.546655 0.0618167 0.0583882
0 0.7519 0.172396 0.029457 0.0283002
0 0.827821 0.880816 0.0322948 0.0303379
0 0.0579349 0.386859 0.0891306 0.0842037
0 0.131513 0.216719 0.0317706 0.0296877
0 0.767927 0.557798 0.0310268 0.029011
0 0.640346 0.290243 0.0290304 0.0271615
0 0.97491 0.154814 0.0429276 0.0414148
0 0.689938 0.106514 0.0280149 0.0277399
0 0.124445 0.843107 0.0337965 0.033279
0 0.35926 0.635944 0.0292222 0.0270031
0 0.474603 0.0110196 0.0299004 0.0219683
0 0.283305 0.0682126 0.0282428 0.0268435
0 0.980111 0.433319 0.0274181 0.0253747
0 0.105872 0.00804665 0.0432094 0.0160933
0 0.704259 0.36544 0.0273787 0.0262106
0 0.662671 0.595384 0.053392 0.0509339
0 0.0529933 0.666783 0.0340147 0.0311111
0 0.879718 0.874786 0.0314455 0.0287327
0 0.20566 0.977685 0.210504 0.0446295
0 0.0530774 0.90286 0.0339215 0.0328072
0 0.0388117 0.0980498 0.0776233 0.182179
0 0.762881 0.355441 0.0656453 0.0625306
0 0.280245 0.128609 0.0382005 0.0364795
0 0.380364 0.489742 0.0606073 0.058156
0 0.734877 0.509137 0.0274874 0.0257973
0 0.579381 0.331182 0.0307143 0.0295776
0 0.952015 0.774748 0.032284 0.0307771
0 0.798828 0.14897 0.0344744 0.0360937
0 0.270036 0.24036 0.0420801 0.0431096
