0 0.511365 0.112133 0.0747183 0.0568523
0 0.90217 0.740892 0.0585909 0.0468366
0 0.849556 0.289377 0.0407974 0.0328823
0 0.465884 0.314486 0.0426323 0.0321562
0 0.0582849 0.74996 0.0377833 0.0301247
0 0.263653 0.0284542 0.154099 0.0569083
0 0.716394 0.522041 0.0707115 0.0570337
0 0.921122 0.789287 0.0473557 0.0370239
0 0.298658 0.828693 0.0342521 0.0263039
0 0.674516 0.263914 0.0332094 0.0246436
0 0.644056 0.919223 0.0313637 0.0239731
0 0.807353 0.454378 0.15229 0.118544
0 0.0804038 0.888099 0.0324203 0.0239574
0 0.475589 0.193878 0.0350376 0.0266506
0 0.973184 0.1094 0.0296053 0.0240817
0 0.453916 0.689803 0.0482653 0.0371342
0 0.352458 0.208209 0.0295299 0.0235997
0 0.803971 0.680907 0.0293891 0.0225323
0 0.483032 0.150966 0.0293332 0.0238343
