0 0.503156 0.912588 0.222293 0.165622
0 0.23669 0.898431 0.043777 0.0344707
0 0.349934 0.916449 0.0540181 0.0396957
0 0.216175 0.850277 0.0424123 0.0317139
0 0.188304 0.0318758 0.0882257 0.0632709
0 0.33338 0.307416 0.0373864 0.0282899
0 0.823055 0.925439 0.0485285 0.0353937
0 0.142976 0.254463 0.0387438 0.0293797
0 0.202299 0.60063 0.315555 0.227294
0 0.648744 0.975834 0.0423546 0.033523
0 0.562322 0.695794 0.0612765 0.0502666
0 0.441146 0.82921 0.0949594 0.0734612
0 0.0863136 0.27897 0.088616 0.0678056
0 0.324512 0.245813 0.54551 0.410028
0 0.500888 0.0816345 0.0824386 0.059828
0 0.0550114 0.819949 0.110023 0.238676
0 0.939521 0.264265 0.120957 0.190004
0 0.766632 0.909195 0.0659906 0.0499126
0 0.358518 0.636184 0.0860803 0.0710638
0 0.835717 0.752408 0.0396055 0.0295179
0 0.162421 0.13223 0.0317644 0.0233329
0 0.859864 0.0561235 0.0323032 0.0251457
0 0.468266 0.795545 0.103311 0.0795816
0 0.118158 0.981783 0.0705184 0.0363255
0 0.657554 0.496525 0.0310158 0.0245592
0 0.525493 0.367942 0.0409103 0.0317891
0 0.638578 0.890444 0.0542209 0.0474056
0 0.970972 0.986513 0.0321402 0.025761
0 0.230212 0.787528 0.0311324 0.0236536
0 0.757957 0.123361 0.447176 0.245362
0 0.0696516 0.491566 0.13857 0.113002
0 0.968871 0.231996 0.0327892 0.0265124
