0 0.109746 0.319686 0.0483157 0.0358927
0 0.235138 0.469776 0.0601736 0.0431435
0 0.258822 0.707431 0.065649 0.0455365
0 0.668299 0.301225 0.0510782 0.0355123
0 0.209444 0.396993 0.0522838 0.0381048
0 0.901574 0.385865 0.0528488 0.0393006
0 0.775446 0.339623 0.0547935 0.0391129
0 0.320342 0.599349 0.0452743 0.0318356
0 0.143987 0.596283 0.0426506 0.0316107
0 0.981568 0.323964 0.0368633 0.0348913
0 0.607869 0.580267 0.0398693 0.0275399
0 0.573595 0.479424 0.0366371 0.0279977
0 0.62839 0.690795 0.115174 0.0819119
0 0.459395 0.27472 0.0533209 0.0388675
0 0.301649 0.232241 0.0404776 0.0291939
0 0.25454 0.103587 0.0415639 0.02893
0 0.771563 0.0235921 0.120164 0.0471842
0 0.295302 0.752101 0.156812 0.103096
0 0.153966 0.556484 0.0814517 0.0542353
0 0.392736 0.492865 0.0343194 0.0248489
0 0.448296 0.0405483 0.0495008 0.037324
0 0.245593 0.0811107 0.119678 0.0858532
0 0.310928 0.266105 0.0430418 0.032035
0 0.240738 0.128097 0.0339631 0.0248075
0 0.714178 0.395938 0.034849 0.0264754
0 0.69034 0.284077 0.0344233 0.0256504
0 0.941268 0.131694 0.117124 0.126639
0 0.194374 0.0586402 0.039175 0.0272487
0 0.828637 0.523676 0.0426388 0.0315947
0 0.139812 0.0173495 0.0372946 0.0328194
0 0.477361 0.109747 0.047254 0.0353629
