0 0.104831 0.685667 0.0782393 0.0656504
0 0.323671 0.588277 0.0728683 0.061606
0 0.139882 0.46189 0.0502117 0.0409836
0 0.433553 0.827546 0.0370374 0.032769
0 0.766456 0.797974 0.0492631 0.0452829
0 0.909082 0.94743 0.0446438 0.0411179
0 0.746216 0.845583 0.0455269 0.0410446
0 0.108356 0.214504 0.0390354 0.034652
0 0.150861 0.255317 0.0358922 0.0304117
0 0.0478582 0.712932 0.0316802 0.0277451
0 0.296948 0.680042 0.0311641 0.026669
0 0.0325176 0.329005 0.039545 0.0331666
0 0.0864289 0.974099 0.0417016 0.0353521
0 0.0169748 0.0102958 0.0316097 0.0205917
0 0.0534878 0.414806 0.0314324 0.0272373
0 0.0179489 0.367331 0.031345 0.0268928
0 0.474522 0.0130078 0.0352703 0.0260157
0 0.515073 0.81043 0.0744101 0.06464
0 0.320032 0.712085 0.0288446 0.0243223
0 0.529584 0.707991 0.0704622 0.061145
0 0.564352 0.101961 0.0259384 0.0248428
0 0.265431 0.742978 0.033168 0.0292477
0 0.864429 0.713036 0.0262363 0.0240337
0 0.610214 0.915443 0.0304665 0.0297928
0 0.803194 0.992802 0.0326408 0.0137924
0 0.190922 0.875356 0.027614 0.0239647
0 0.213549 0.415984 0.0675642 0.0631121
0 0.516431 0.986368 0.0911806 0.0272635
0 0.893376 0.91176 0.213249 0.176479
