0 0.858935 0.159796 0.0802914 0.0745313
0 0.600942 0.316908 0.136374 0.134414
0 0.657032 0.591841 0.0971081 0.0924335
0 0.786769 0.649589 0.0764126 0.0749367
0 0.624243 0.535136 0.0564261 0.0545392
0 0.958761 0.350036 0.0822352 0.103244
0 0.123823 0.89558 0.0514954 0.0512589
0 0.231073 0.228926 0.212541 0.209229
0 0.0928866 0.935446 0.0484055 0.047702
0 0.406598 0.948678 0.0550489 0.0517464
0 0.285709 0.42551 0.045963 0.0463942
0 0.669682 0.0330419 0.117971 0.0657311
0 0.0565371 0.832609 0.0434402 0.0422039
0 0.591851 0.692083 0.191391 0.177803
0 0.393147 0.233236 0.10705 0.101592
0 0.728418 0.778121 0.0478157 0.045966
0 0.775327 0.421363 0.030979 0.0299973
0 0.349441 0.090575 0.224242 0.18115
0 0.885843 0.757422 0.0352518 0.0335299
0 0.838323 0.213748 0.0324446 0.0313772
0 0.437452 0.499001 0.0483145 0.0468195
0 0.626972 0.0783597 0.0375514 0.0363923
0 0.477824 0.26158 0.0444588 0.0439931
0 0.539393 0.193623 0.0369816 0.0359415
0 0.52037 0.68876 0.0371447 0.0358873
0 0.462766 0.758827 0.0397831 0.0386643
0 0.254381 0.894801 0.0544355 0.0512032
0 0.262653 0.384152 0.0489194 0.0480536
0 0.467573 0.308521 0.040911 0.0385343
0 0.776714 0.0107678 0.0463474 0.0212597
0 0.348079 0.193939 0.0309103 0.0307593
0 0.558787 0.0323692 0.0460505 0.0457985
0 0.981151 0.00865294 0.034164 0.0173059
0 0.899203 0.290565 0.0398676 0.0369246
0 0.678348 0.171515 0.0310516 0.0297734
0 0.66659 0.706955 0.0741674 0.0704592
0 0.391709 0.709147 0.511511 0.470284
0 0.213403 0.540287 0.0268983 0.0268293
0 0.346429 0.249576 0.0316898 0.0307608
0 0.456655 0.721448 0.0324814 0.0299874
0 0.831849 0.00654072 0.0376661 0.0130814
0 0.97578 0.123654 0.0343193 0.0321166
0 0.54064 0.234965 0.0894717 0.0844227
0 0.557717 0.104355 0.0241716 0.0240607
0 0.552313 0.779797 0.0395247 0.0369543
0 0.494905 0.716478 0.0372002 0.0356484
0 0.959289 0.225889 0.0503838 0.0467052
0 0.105508 0.772608 0.0258495 0.0259217
0 0.487135 0.323958 0.0222624 0.0211697
0 0.957099 0.633673 0.03353 0.0319271
0 0.118378 0.140121 0.220231 0.225984
0 0.690468 0.78713 0.0461339 0.0447021
0 0.744921 0.557564 0.187995 0.175061
0 0.66588 0.950906 0.0271598 0.0249763
0 0.433618 0.0248287 0.0257593 0.02631
0 0.493697 0.463653 0.025374 0.0244267
