0 0.675754 0.200007 0.328648 0.273321
0 0.705799 0.785822 0.0809872 0.0625439
0 0.500894 0.866953 0.0549279 0.0424252
0 0.788445 0.992455 0.0417648 0.0150908
0 0.432042 0.53318 0.0447948 0.0387918
0 0.899528 0.55346 0.184381 0.153942
0 0.709761 0.0180494 0.0407118 0.0350551
0 0.700507 0.990417 0.0534393 0.0191652
0 0.0299601 0.194042 0.0597663 0.0799763
0 0.162397 0.485578 0.0348288 0.0289459
0 0.636503 0.744527 0.640511 0.510945
0 0.516949 0.826415 0.0335837 0.0254272
0 0.0936862 0.158549 0.0341144 0.0296982
0 0.108883 0.941504 0.0377718 0.0304529
0 0.362538 0.51592 0.150817 0.129544
0 0.922471 0.240213 0.0632149 0.0457945
0 0.946735 0.205628 0.10629 0.0930566
0 0.561759 0.0577901 0.201774 0.11542
0 0.0879316 0.269484 0.0872064 0.0794904
