0 0.10939 0.128953 0.218781 0.242312
0 0.607827 0.866601 0.342477 0.266799
0 0.912933 0.945216 0.122446 0.109567
0 0.336413 0.181163 0.0584427 0.0550688
0 0.644984 0.725493 0.0456169 0.0415691
0 0.0899694 0.270508 0.0524419 0.0463777
0 0.556894 0.431007 0.0971702 0.0858521
0 0.272909 0.252593 0.0379751 0.0348116
0 0.674451 0.645467 0.0455746 0.0407385
0 0.757431 0.652693 0.0327015 0.0306528
0 0.8372 0.164287 0.3256 0.328574
0 0.0571568 0.398612 0.114126 0.174922
0 0.27304 0.59877 0.0351351 0.032136
0 0.77518 0.98394 0.033391 0.0307652
0 0.537479 0.269935 0.036221 0.0323424
0 0.22231 0.502489 0.172583 0.155661
0 0.908036 0.038305 0.183927 0.0761509
0 0.415622 0.248563 0.0274702 0.0263962
0 0.596798 0.274141 0.0390398 0.036607
0 0.424463 0.269551 0.607798 0.539103
0 0.834032 0.791941 0.128629 0.112833
0 0.982042 0.798772 0.0305435 0.0294112
0 0.296779 0.865032 0.0359066 0.0336203
0 0.228514 0.273649 0.0652668 0.0598491
0 0.661951 0.615031 0.0326674 0.0304979
0 0.603786 0.948857 0.0299404 0.0263851
0 0.0602253 0.512908 0.120451 0.15467
0 0.479238 0.275332 0.0319431 0.0307905
0 0.892938 0.416718 0.0264309 0.0248186
0 0.806684 0.242747 0.0276609 0.0254983
0 0.872548 0.721016 0.0348 0.0329939
0 0.207023 0.321874 0.0709999 0.0634394
0 0.984984 0.833819 0.0264454 0.0252571
0 0.751155 0.604831 0.0403728 0.03866
0 0.816976 0.877787 0.0927967 0.0822884
0 0.449501 0.279314 0.0245724 0.0229997
