0 0.568424 0.260959 0.229189 0.19214
0 0.854904 0.222485 0.260831 0.19976
0 0.184328 0.493012 0.159939 0.129461
0 0.832537 0.320571 0.0554134 0.0429697
0 0.926317 0.880166 0.147365 0.143131
0 0.442699 0.753951 0.619675 0.488063
0 0.364512 0.67515 0.0371783 0.0299446
0 0.819039 0.0648137 0.262024 0.129627
0 0.823521 0.780119 0.060931 0.0468021
0 0.198214 0.279495 0.0458505 0.0336623
0 0.485558 0.433269 0.0386914 0.0334153
0 0.700765 0.124913 0.0960091 0.0750917
0 0.174013 0.261424 0.0291909 0.0228543
0 0.306218 0.303927 0.0419597 0.0338912
0 0.5215 0.0419348 0.140412 0.0836862
0 0.942039 0.438632 0.0302389 0.0246992
