0 0.86578 0.751806 0.130738 0.111149
0 0.0495267 0.228228 0.0990534 0.0876955
0 0.652961 0.63762 0.220019 0.193076
0 0.888522 0.871215 0.0960609 0.0837536
0 0.809802 0.393618 0.0766658 0.0644287
0 0.938482 0.446403 0.0465563 0.0404957
0 0.340951 0.200805 0.174868 0.144598
0 0.230173 0.0984964 0.266877 0.191858
0 0.447191 0.18015 0.058642 0.0477151
0 0.34656 0.823311 0.0465241 0.0400742
0 0.221703 0.608259 0.138683 0.108754
0 0.403937 0.436374 0.0835844 0.0696827
0 0.529725 0.365122 0.10152 0.0841043
0 0.0858221 0.300414 0.163765 0.137517
0 0.808028 0.452963 0.0415821 0.0361349
0 0.708873 0.170367 0.0364403 0.0317799
0 0.96613 0.254491 0.0677407 0.0713894
0 0.512541 0.613556 0.122002 0.102288
0 0.838251 0.549341 0.0998055 0.0804878
0 0.0418707 0.442144 0.0830559 0.0717356
0 0.619114 0.56748 0.154561 0.127403
0 0.244218 0.402627 0.112009 0.0890178
0 0.739783 0.835955 0.0368328 0.0309246
0 0.21269 0.716954 0.0344205 0.0304951
0 0.421733 0.287168 0.0352684 0.03085
0 0.826378 0.576542 0.0310661 0.0255677
0 0.315516 0.442611 0.0754553 0.0622343
0 0.0591138 0.975667 0.0629462 0.0482473
0 0.698561 0.38806 0.0764286 0.0674122
0 0.4467 0.479782 0.0894016 0.0749596
0 0.901761 0.353296 0.0891935 0.0770126
0 0.786996 0.350423 0.0348247 0.0298742
0 0.762074 0.945731 0.0306126 0.0273006
0 0.371127 0.391492 0.0527691 0.0413105
0 0.0680161 0.635018 0.04424 0.0373303
0 0.606146 0.468559 0.122415 0.0988437
0 0.942488 0.329862 0.0281925 0.0228538
0 0.23762 0.45216 0.0541702 0.0445196
0 0.565233 0.470937 0.0653109 0.0580862
0 0.952716 0.643306 0.0583595 0.04902
0 0.394251 0.680399 0.155344 0.14055
0 0.384202 0.289544 0.0366096 0.0330028
0 0.44213 0.802496 0.050646 0.040415
0 0.714007 0.889791 0.140898 0.122261
0 0.871278 0.227879 0.116134 0.100763
0 0.574691 0.773793 0.102851 0.0928839
0 0.123603 0.803041 0.247205 0.393919
0 0.196538 0.517388 0.119835 0.100905
0 0.349185 0.536882 0.198683 0.170973
0 0.889302 0.575788 0.0265308 0.024494
0 0.682627 0.971595 0.123566 0.0567419
0 0.96898 0.472967 0.0336624 0.031004
0 0.852886 0.839175 0.0264 0.0229053
0 0.630613 0.472845 0.0763582 0.0674603
0 0.480741 0.314882 0.0368673 0.032111
