0 0.333151 0.284837 0.0711951 0.0529567
0 0.699382 0.526539 0.0737651 0.0521733
0 0.12037 0.406282 0.0875446 0.0651955
0 0.0758837 0.539992 0.151767 0.135323
0 0.706786 0.18405 0.0496964 0.0359977
0 0.446466 0.982441 0.0367827 0.0283268
0 0.0902298 0.679987 0.0636402 0.0512771
0 0.613689 0.8066 0.197093 0.151043
0 0.139354 0.603521 0.0355489 0.029413
0 0.902746 0.652044 0.115152 0.094265
0 0.342353 0.483283 0.142191 0.111993
0 0.551652 0.454018 0.166818 0.135584
0 0.620009 0.840401 0.0399359 0.0341511
0 0.1741 0.454074 0.0791009 0.0640703
0 0.0267608 0.154869 0.0478192 0.0360328
0 0.791643 0.473399 0.136461 0.10566
0 0.0135044 0.666789 0.0270089 0.0297884
0 0.92918 0.498989 0.141328 0.117718
0 0.511609 0.524808 0.0504082 0.0412939
0 0.365012 0.981026 0.0813035 0.0377327
0 0.755357 0.97382 0.201008 0.0511185
0 0.211089 0.175732 0.320628 0.25493
0 0.599179 0.932409 0.172788 0.135182
0 0.176915 0.757903 0.0994059 0.0806194
0 0.262816 0.983942 0.0437397 0.0304405
0 0.647257 0.236966 0.0350921 0.0285992
0 0.0828734 0.622871 0.0584081 0.0503212
0 0.838982 0.853267 0.321588 0.284644
0 0.24984 0.724019 0.0920648 0.0746073
0 0.947642 0.385009 0.0405264 0.0328514
0 0.113831 0.709246 0.0428014 0.0362972
0 0.306065 0.97735 0.0449516 0.0391247
0 0.19553 0.248751 0.0407522 0.0340282
