0 0.641415 0.737881 0.0399521 0.0339918
0 0.150959 0.274272 0.0386286 0.0331113
0 0.520107 0.442078 0.0486778 0.0396154
0 0.267661 0.37766 0.0414902 0.0352156
0 0.246974 0.848933 0.0480941 0.0433943
0 0.542355 0.774406 0.104459 0.0908083
0 0.32099 0.909303 0.037536 0.0335728
0 0.390259 0.442655 0.0466241 0.0395273
0 0.519319 0.481635 0.239704 0.197269
0 0.0747167 0.0381785 0.0350124 0.0317326
0 0.0899989 0.967232 0.0824543 0.0649792
0 0.95122 0.241151 0.090143 0.0741633
0 0.782168 0.568945 0.27758 0.223466
0 0.347632 0.150072 0.0598986 0.0451891
0 0.215487 0.305134 0.0480498 0.0409708
0 0.436978 0.376132 0.0839164 0.0689701
0 0.762462 0.795332 0.184649 0.152223
0 0.215853 0.135275 0.0359912 0.0297263
0 0.456957 0.19187 0.195403 0.164646
0 0.324145 0.593741 0.0305492 0.028193
0 0.933019 0.953669 0.0583952 0.0443207
0 0.518223 0.292833 0.0765089 0.0672768
0 0.568918 0.24833 0.0873377 0.0717886
0 0.612349 0.6808 0.0309988 0.0267204
0 0.0952633 0.920221 0.0323943 0.0284292
0 0.174169 0.44673 0.0434967 0.0372452
0 0.573928 0.355617 0.106032 0.0943885
0 0.637712 0.51681 0.0317356 0.0282568
0 0.686229 0.862755 0.033601 0.0289101
0 0.227879 0.919448 0.0318172 0.0295319
0 0.17022 0.726287 0.0478618 0.0445742
0 0.109343 0.236523 0.217901 0.223122
0 0.231719 0.878828 0.0333088 0.0299873
0 0.934239 0.329235 0.0485882 0.0392743
0 0.639181 0.606682 0.0424215 0.0339502
