0 0.124535 0.826012 0.249069 0.289928
0 0.552547 0.938456 0.0435736 0.0424629
0 0.293573 0.961723 0.0796465 0.075367
0 0.258952 0.29217 0.0496517 0.0479271
0 0.928278 0.935247 0.0486633 0.0458364
0 0.251497 0.379788 0.0361822 0.0352625
0 0.923435 0.302312 0.0327515 0.0320708
0 0.165307 0.575837 0.0536284 0.0512004
0 0.162803 0.666224 0.0493821 0.0487803
0 0.0324557 0.208357 0.0381271 0.0357695
0 0.517262 0.422284 0.146304 0.145697
0 0.619236 0.98951 0.0348232 0.0208273
0 0.0148471 0.180127 0.0295872 0.0326983
0 0.877683 0.234102 0.041069 0.0381713
0 0.130455 0.245986 0.0284405 0.0270194
0 0.812212 0.335571 0.191518 0.190435
0 0.260747 0.918779 0.0312455 0.0316959
0 0.763929 0.535599 0.178244 0.172371
0 0.967343 0.342912 0.027681 0.0273586
0 0.887169 0.617828 0.147879 0.139463
0 0.987351 0.943418 0.0252983 0.0445587
0 0.622574 0.498795 0.155591 0.149898
0 0.38114 0.92101 0.044459 0.0435474
0 0.879484 0.153307 0.220819 0.202337
0 0.469378 0.333983 0.0584511 0.0564893
0 0.0834232 0.655733 0.0294426 0.0291277
0 0.92757 0.783177 0.144645 0.307869
0 0.111278 0.616229 0.0309501 0.0299286
0 0.274646 0.236234 0.0264954 0.0248677
0 0.587956 0.222786 0.0449176 0.0447625
0 0.403897 0.29762 0.0719857 0.0683248
0 0.666524 0.719378 0.0271187 0.0264616
0 0.243105 0.0233466 0.213152 0.0466933
0 0.913032 0.102615 0.0276894 0.0251304
0 0.261501 0.0932074 0.172485 0.166609
0 0.686015 0.835025 0.0393194 0.0386469
0 0.70481 0.800361 0.0589739 0.0541028
0 0.0674408 0.276919 0.026665 0.0254955
0 0.155802 0.622651 0.0330302 0.0303431
0 0.987773 0.293152 0.0244533 0.0407623
0 0.328291 0.467214 0.240019 0.226006
0 0.773797 0.460909 0.0591493 0.0566597
0 0.812517 0.0536498 0.0868437 0.0837677
0 0.106726 0.318685 0.031047 0.0284907
