0 0.804224 0.2098 0.167161 0.158235
0 0.521806 0.249581 0.292029 0.274533
0 0.596059 0.719564 0.0844683 0.08323
0 0.107029 0.482386 0.0590318 0.0582728
0 0.510138 0.0273065 0.0722471 0.0543464
0 0.689507 0.93725 0.0335895 0.0322098
0 0.956771 0.430616 0.042947 0.0410509
0 0.167856 0.753484 0.0368111 0.0359356
0 0.781073 0.69105 0.0555393 0.0538151
0 0.443984 0.618357 0.0279834 0.0267931
0 0.897811 0.0123622 0.030405 0.0247068
0 0.482492 0.851278 0.0379746 0.0377703
0 0.811328 0.885791 0.0306183 0.0289829
0 0.0344746 0.729255 0.0379872 0.0358776
0 0.136691 0.564374 0.0329818 0.0332327
0 0.442251 0.843614 0.043172 0.0427898
0 0.0845718 0.355605 0.0280908 0.0280379
0 0.138813 0.220981 0.0260839 0.0254642
0 0.490684 0.0840698 0.0375463 0.0358309
0 0.417768 0.487232 0.0322419 0.0297513
0 0.677395 0.780465 0.0569081 0.0554161
0 0.609862 0.380929 0.0289152 0.0284234
0 0.910215 0.968071 0.0402828 0.0384785
0 0.256698 0.128285 0.125974 0.119805
0 0.943597 0.897818 0.0269333 0.0257914
0 0.984247 0.917315 0.0308846 0.0801899
0 0.0458721 0.447819 0.0279915 0.0268028
0 0.359585 0.846119 0.0374907 0.035911
0 0.680163 0.567336 0.0934139 0.0915749
0 0.633479 0.978994 0.033132 0.0332146
0 0.404359 0.544002 0.0340586 0.0335033
0 0.539994 0.561361 0.118861 0.112713
0 0.615415 0.107385 0.0511126 0.0491675
0 0.157589 0.672226 0.0498301 0.049211
0 0.744855 0.609603 0.0478029 0.046726
0 0.884889 0.321455 0.108874 0.105629
0 0.0496942 0.192358 0.0258292 0.0249374
0 0.16199 0.576439 0.0266063 0.026784
0 0.928597 0.868852 0.0259544 0.0246714
0 0.903362 0.950521 0.0263075 0.0248875
0 0.853371 0.596471 0.103084 0.0988166
0 0.276829 0.273546 0.0261702 0.0268733
