0 0.323199 0.866804 0.0751313 0.0576193
0 0.478215 0.771291 0.0911288 0.0697872
0 0.131358 0.249439 0.057393 0.0457749
0 0.15044 0.47417 0.0452763 0.0354592
0 0.967109 0.648091 0.0657812 0.0503698
0 0.491457 0.614222 0.0657163 0.0488724
0 0.457421 0.830318 0.0617964 0.0444698
0 0.468888 0.700837 0.0638317 0.0516148
0 0.969765 0.341866 0.0591736 0.0466089
0 0.0687223 0.499092 0.052838 0.0425173
0 0.372339 0.538989 0.0441367 0.0339372
0 0.454177 0.473672 0.0509707 0.040424
0 0.427693 0.436781 0.0385017 0.0320433
0 0.438022 0.541083 0.0906054 0.0704638
0 0.259987 0.952309 0.0479016 0.0382465
0 0.357172 0.0555309 0.0348864 0.0266512
0 0.319263 0.084674 0.0331481 0.0271264
0 0.894682 0.0962128 0.039473 0.0305843
0 0.675475 0.357408 0.0492382 0.041155
0 0.228405 0.617724 0.0549441 0.0439072
0 0.116482 0.514087 0.0360585 0.027727
0 0.525941 0.562851 0.0428607 0.0316737
0 0.263659 0.780118 0.0396461 0.0317127
0 0.0200656 0.785948 0.0356484 0.0320292
0 0.721027 0.439411 0.038159 0.031097
0 0.232543 0.441499 0.0365697 0.0291195
0 0.231365 0.463734 0.032923 0.0250052
0 0.304243 0.524578 0.0343553 0.0265537
0 0.809579 0.598208 0.031127 0.0239241
0 0.0715801 0.801434 0.0359521 0.0294649
0 0.0129628 0.236056 0.0259257 0.0283852
0 0.949299 0.786872 0.100314 0.0858654
0 0.490194 0.556774 0.0304794 0.0253152
0 0.354254 0.295856 0.0336444 0.0270377
