0 0.285885 0.616864 0.114023 0.111156
0 0.407246 0.934741 0.167932 0.130519
0 0.824251 0.963639 0.118376 0.0726215
0 0.408718 0.787004 0.0646937 0.0630405
0 0.913005 0.174685 0.132917 0.126195
0 0.577983 0.702412 0.156229 0.143503
0 0.295955 0.925242 0.0434477 0.0423035
0 0.332985 0.751182 0.0399858 0.0396732
0 0.11621 0.634863 0.232333 0.355775
0 0.954991 0.519016 0.0899601 0.11596
0 0.323102 0.117649 0.0306788 0.0305784
0 0.548541 0.91086 0.0931988 0.0897457
0 0.215315 0.962492 0.0963047 0.0750156
0 0.210552 0.714897 0.0984369 0.0960924
0 0.0554175 0.977022 0.0532678 0.045929
0 0.101426 0.909062 0.0780572 0.0768425
0 0.726102 0.502039 0.0601292 0.0579618
0 0.865977 0.170547 0.0507896 0.0473202
0 0.243879 0.527639 0.0267288 0.025317
0 0.974581 0.76103 0.0503365 0.0599192
0 0.177025 0.923042 0.066517 0.0642567
0 0.00813559 0.962369 0.0161974 0.0429405
0 0.320063 0.499405 0.0655993 0.0639158
0 0.278049 0.471799 0.0262978 0.0260818
0 0.145031 0.438083 0.0279379 0.0266142
0 0.700274 0.72929 0.0266893 0.0260904
0 0.140854 0.368514 0.0297051 0.0291974
0 0.240284 0.350067 0.0303114 0.0289769
0 0.619343 0.731459 0.0273033 0.0259895
0 0.0369112 0.890305 0.0494788 0.0466885
0 0.0564565 0.319152 0.056317 0.0556719
0 0.788196 0.628401 0.0304139 0.0301638
0 0.603574 0.777977 0.0272964 0.026778
