0 0.603278 0.783342 0.0555853 0.0544863
0 0.129945 0.932089 0.161171 0.135821
0 0.496864 0.256315 0.0576542 0.055511
0 0.140518 0.475963 0.0468885 0.045138
0 0.464234 0.376289 0.0320866 0.0305312
0 0.1677 0.382201 0.0370409 0.035901
0 0.118743 0.525946 0.040127 0.0384107
0 0.77068 0.391177 0.0354898 0.0343543
0 0.479605 0.301757 0.0411318 0.0398602
0 0.679528 0.0113563 0.0314967 0.0226068
0 0.531195 0.442342 0.0417314 0.0393982
0 0.0818928 0.449544 0.0300011 0.0290695
0 0.925093 0.35942 0.033485 0.033224
0 0.0519012 0.80274 0.0307023 0.0291931
0 0.780361 0.324693 0.0387076 0.0376069
0 0.958304 0.276429 0.0281876 0.0270856
0 0.462823 0.213723 0.0373867 0.0359099
0 0.962949 0.151705 0.0271593 0.0265025
