0 0.248064 0.62141 0.0407434 0.0399546
0 0.113961 0.363714 0.0298322 0.0297697
0 0.0925769 0.925826 0.0308009 0.0303467
0 0.300638 0.4864 0.0310251 0.0307604
0 0.11397 0.330679 0.0302965 0.0300635
0 0.482676 0.828397 0.0308016 0.0305567
0 0.158109 0.325923 0.0292733 0.0290333
0 0.375077 0.809888 0.0320656 0.0309135
0 0.566322 0.825475 0.0315346 0.0312614
0 0.286451 0.61027 0.0304638 0.0298618
0 0.0921224 0.176454 0.0362192 0.0355074
0 0.253635 0.579143 0.0265317 0.0259924
0 0.155752 0.222211 0.0415278 0.0384557
0 0.48695 0.962256 0.0232127 0.0232353
0 0.464083 0.105294 0.0256714 0.0252359
0 0.0319112 0.174434 0.0285603 0.0274694
0 0.0658986 0.978283 0.0486439 0.0422403
0 0.331105 0.648026 0.0298406 0.0298932
0 0.445894 0.615159 0.035461 0.0350367
0 0.516508 0.983881 0.0336461 0.0322371
0 0.07524 0.601004 0.0244493 0.0241825
0 0.0658619 0.153968 0.027798 0.0278107
0 0.510752 0.0552755 0.0212583 0.020757
0 0.11549 0.252189 0.0357173 0.035041
0 0.13384 0.271418 0.0279311 0.0260754
0 0.416822 0.604406 0.0271978 0.0275554
0 0.195711 0.133477 0.053264 0.0528807
0 0.312087 0.683404 0.0241899 0.0239974
0 0.0799252 0.339389 0.025318 0.0252795
0 0.0301245 0.389532 0.0249777 0.0244357
0 0.323436 0.429135 0.0233251 0.0231746
0 0.459804 0.553838 0.0237707 0.0240109
0 0.159128 0.114646 0.0591997 0.0592378
