0 0.41126 0.673927 0.0589705 0.0549345
0 0.368537 0.776155 0.0577794 0.0512065
0 0.943108 0.172364 0.0965014 0.0855693
0 0.590692 0.70336 0.0430683 0.0359773
0 0.190728 0.989849 0.0424909 0.0202944
0 0.770943 0.64474 0.0315002 0.0279841
0 0.635081 0.628055 0.0341825 0.0302002
0 0.0269455 0.0704515 0.029927 0.0268505
0 0.551976 0.24455 0.0498304 0.0436432
0 0.659241 0.623611 0.0422299 0.0360288
0 0.761493 0.0671776 0.398771 0.134355
0 0.878583 0.603384 0.242834 0.407057
0 0.725245 0.84816 0.0263035 0.0242188
0 0.45499 0.674191 0.0348763 0.0321459
0 0.0108425 0.186435 0.021685 0.0263948
0 0.0346305 0.189212 0.0259607 0.0254234
