0 0.601043 0.337722 0.158023 0.144945
0 0.806414 0.50371 0.256109 0.244337
0 0.331256 0.672067 0.0900896 0.0850335
0 0.0543515 0.806668 0.0533386 0.0488876
0 0.206391 0.926397 0.0466601 0.044828
0 0.447478 0.532628 0.0511147 0.0487707
0 0.225321 0.562633 0.147301 0.136564
0 0.0244567 0.733006 0.0366138 0.0338083
0 0.693584 0.816723 0.0443894 0.0424603
0 0.13992 0.117182 0.0322811 0.0302514
0 0.735649 0.620182 0.0439453 0.040697
0 0.206539 0.859436 0.0308802 0.0284508
0 0.899839 0.552087 0.0527039 0.0487307
0 0.767865 0.576623 0.0486465 0.0450092
0 0.691604 0.87985 0.0615364 0.059811
0 0.711904 0.709878 0.0390501 0.0365559
0 0.963885 0.720195 0.0291531 0.0268322
0 0.114921 0.0732841 0.229485 0.146345
0 0.314981 0.151771 0.0400222 0.0386086
0 0.607911 0.0652922 0.026993 0.0247302
0 0.623792 0.828156 0.028623 0.0280231
0 0.747048 0.736069 0.0525697 0.0487467
0 0.0909903 0.0176459 0.0390786 0.0345749
0 0.511314 0.840149 0.0257814 0.0242344
0 0.141194 0.668401 0.0305474 0.0293587
0 0.490803 0.423928 0.0310562 0.0279213
0 0.440031 0.766942 0.0255297 0.0243223
0 0.966939 0.938171 0.0661211 0.123658
0 0.581611 0.885963 0.0686008 0.0647812
0 0.720457 0.851439 0.0339398 0.0334003
0 0.0695327 0.618085 0.0268155 0.0252316
0 0.254514 0.246666 0.111118 0.101884
0 0.335441 0.604895 0.0268294 0.0258844
0 0.962203 0.574202 0.0755934 0.266673
0 0.563263 0.781388 0.0481297 0.0452541
0 0.302235 0.0886953 0.0371095 0.0359672
