0 0.170706 0.371244 0.0391638 0.0335467
0 0.315647 0.0189489 0.0409744 0.0367726
0 0.460004 0.629213 0.0402178 0.0358981
0 0.30521 0.0662997 0.0420389 0.0389159
0 0.552032 0.648203 0.0353519 0.0318417
0 0.702559 0.768557 0.0371305 0.0328989
0 0.776553 0.0328355 0.0341076 0.0331852
0 0.211236 0.298112 0.0299804 0.0283129
0 0.808357 0.336523 0.0331766 0.032037
0 0.975281 0.647519 0.0288492 0.0282222
0 0.263577 0.613848 0.0301386 0.0287565
0 0.834229 0.961592 0.0330736 0.0302345
0 0.846871 0.369909 0.0502979 0.0491131
0 0.372679 0.0352181 0.0317124 0.0299786
0 0.660303 0.772954 0.0512876 0.0464074
0 0.969321 0.347132 0.034053 0.0320674
0 0.419843 0.831626 0.0428687 0.0390326
0 0.964505 0.42829 0.0300457 0.0295874
