0 0.642893 0.239675 0.0935394 0.0768056
0 0.558255 0.294997 0.053088 0.043229
0 0.237172 0.79298 0.0556826 0.0459631
0 0.275315 0.0861328 0.0437588 0.0350977
0 0.574052 0.412912 0.041816 0.0341526
0 0.880977 0.0911161 0.0672089 0.0515323
0 0.974463 0.168081 0.0503458 0.0701765
0 0.0330865 0.915877 0.0435239 0.0337374
0 0.442019 0.901549 0.0502792 0.0390663
0 0.323735 0.0814796 0.0411708 0.0326357
0 0.532153 0.0243033 0.0460676 0.0352701
0 0.512277 0.639283 0.0357175 0.029707
0 0.458695 0.604578 0.0439696 0.0364267
0 0.299354 0.652373 0.0406816 0.0307089
0 0.769092 0.548129 0.0792854 0.0643417
0 0.439135 0.240107 0.0315328 0.0262805
0 0.603741 0.457258 0.157292 0.120144
0 0.109307 0.423926 0.0497058 0.0373133
0 0.404811 0.0143269 0.0303933 0.0258636
0 0.67774 0.0377181 0.0983551 0.0737955
0 0.632791 0.31399 0.102967 0.0759093
0 0.0517082 0.546587 0.0372142 0.0341015
0 0.194078 0.984034 0.0568083 0.0319325
0 0.018238 0.953179 0.0364651 0.0420238
0 0.55497 0.00477622 0.0345695 0.00955243
