0 0.5553 0.517562 0.202119 0.170911
0 0.711006 0.291179 0.0833118 0.0698868
0 0.658162 0.719721 0.15945 0.141974
0 0.467584 0.319223 0.157466 0.137887
0 0.500309 0.940514 0.174728 0.118972
0 0.338814 0.657878 0.0399762 0.034808
0 0.369601 0.759509 0.064784 0.0569414
0 0.327014 0.530118 0.0456565 0.0404186
0 0.655041 0.258912 0.0509819 0.0433571
0 0.0671289 0.643864 0.0325976 0.0299458
0 0.434905 0.198375 0.0729628 0.0640061
0 0.314612 0.0564543 0.0379989 0.0351056
0 0.924099 0.238861 0.0393713 0.034152
0 0.83577 0.665328 0.229826 0.210515
0 0.205533 0.332305 0.274602 0.243292
0 0.107372 0.738586 0.0923248 0.0841465
0 0.54072 0.761851 0.0397858 0.0335962
0 0.184769 0.60052 0.0323461 0.0288458
0 0.558826 0.654801 0.0354164 0.031298
0 0.661175 0.019908 0.0457286 0.0394529
0 0.0812116 0.56598 0.0725606 0.0650892
0 0.975886 0.189282 0.0472988 0.0769798
0 0.437245 0.403582 0.0389373 0.0332686
0 0.353123 0.796005 0.0362381 0.0313189
0 0.0590907 0.843049 0.0444819 0.0377277
0 0.48028 0.228814 0.0496965 0.0426438
0 0.427787 0.53897 0.0328011 0.0285423
0 0.357867 0.252198 0.0901666 0.0768524
0 0.934618 0.558437 0.0673237 0.0583311
0 0.365741 0.38098 0.0350087 0.0299388
0 0.453663 0.447688 0.0693801 0.061734
0 0.302388 0.123201 0.215396 0.192995
0 0.0910754 0.0914382 0.181639 0.18272
0 0.643659 0.454987 0.0282732 0.0264111
0 0.0617519 0.781133 0.0507611 0.0473404
0 0.846039 0.923179 0.061051 0.0513504
0 0.411865 0.141397 0.0541896 0.0477883
0 0.903968 0.621109 0.0392317 0.0332041
0 0.793847 0.886704 0.109625 0.0997177
0 0.517296 0.119399 0.136022 0.116575
0 0.773173 0.963488 0.131024 0.0730245
0 0.289345 0.11108 0.0357114 0.0309958
0 0.30576 0.593036 0.0323499 0.0291904
0 0.531827 0.0493708 0.0606692 0.0561826
0 0.0251073 0.877492 0.0403683 0.0356117
0 0.493277 0.62278 0.104305 0.0885493
0 0.762895 0.817035 0.147703 0.128724
0 0.622099 0.818426 0.0283234 0.0257429
