0 0.776695 0.750829 0.091337 0.0849999
0 0.598127 0.730114 0.0480059 0.04447
0 0.669662 0.980938 0.0516064 0.0373722
0 0.608389 0.650608 0.0370625 0.0343682
0 0.0522896 0.431703 0.0493513 0.0475731
0 0.485235 0.921173 0.0545813 0.0479572
0 0.253858 0.859618 0.0414408 0.0372063
0 0.375475 0.991762 0.0405561 0.0164756
0 0.735039 0.310103 0.0332083 0.0305217
0 0.0213602 0.362675 0.0427204 0.0499515
0 0.866962 0.336645 0.0329353 0.0309834
0 0.10328 0.660086 0.0464088 0.0409618
0 0.0234655 0.580702 0.0469311 0.0663715
0 0.639524 0.390595 0.0268425 0.0266848
0 0.00748421 0.716911 0.0149684 0.0287941
0 0.702696 0.585297 0.0968374 0.0863085
0 0.391567 0.824686 0.0324653 0.0293671
0 0.734844 0.815788 0.0401755 0.0366779
0 0.0353178 0.489914 0.0453456 0.0420545
