0 0.613163 0.844962 0.0760607 0.0703575
0 0.678681 0.668173 0.0363734 0.0347054
0 0.853416 0.570741 0.0392857 0.0377634
0 0.80428 0.327229 0.0365328 0.0361937
0 0.738777 0.588591 0.0350589 0.0327089
0 0.718365 0.645073 0.030499 0.0286168
0 0.839341 0.704897 0.080238 0.0751387
0 0.270662 0.85342 0.0379045 0.0374367
0 0.784855 0.207353 0.0276872 0.0270183
0 0.622792 0.938739 0.0499105 0.0466188
0 0.612554 0.82359 0.0312998 0.0289669
0 0.83383 0.52306 0.0315548 0.0296469
0 0.935831 0.265242 0.0351227 0.0335802
0 0.579017 0.336912 0.0280305 0.027079
0 0.758176 0.572798 0.0281538 0.0260614
0 0.534473 0.939146 0.0374495 0.0356316
0 0.508389 0.871702 0.0508549 0.0461205
0 0.527953 0.904171 0.0615548 0.0569826
0 0.79744 0.736863 0.0364777 0.0348013
