0 0.534884 0.375977 0.194902 0.186232
0 0.100616 0.463783 0.200781 0.240099
0 0.746514 0.643303 0.0395386 0.0380765
0 0.253949 0.577242 0.0392941 0.0385355
0 0.284137 0.879864 0.0399131 0.0388035
0 0.348923 0.213294 0.0420243 0.0399817
0 0.940221 0.224963 0.0679821 0.0661005
0 0.534109 0.986343 0.0518941 0.0271936
0 0.70176 0.697065 0.0735262 0.0716783
0 0.988528 0.467537 0.0229446 0.0373883
0 0.492034 0.576793 0.0382919 0.0350608
0 0.713211 0.10068 0.0487898 0.047509
0 0.267044 0.23828 0.0343179 0.0306908
0 0.299451 0.979436 0.149761 0.0399311
0 0.293 0.507221 0.20039 0.195412
0 0.329837 0.865543 0.0274629 0.0259386
0 0.795404 0.0875021 0.0272947 0.0267327
0 0.339276 0.262474 0.0315713 0.0304574
0 0.491798 0.122644 0.152725 0.145871
0 0.892884 0.958954 0.0305998 0.0294186
0 0.99239 0.331636 0.015219 0.041545
0 0.619903 0.0408605 0.127934 0.0813568
0 0.951994 0.724054 0.0960119 0.325605
