0 0.705702 0.0646778 0.0565634 0.0529645
0 0.833868 0.345756 0.0503777 0.0472377
0 0.87233 0.511029 0.0441071 0.0396603
0 0.561304 0.248918 0.0331903 0.0318177
0 0.894771 0.570878 0.0379045 0.0348906
0 0.540101 0.318442 0.035767 0.0335752
0 0.801973 0.625234 0.0300203 0.0283692
0 0.887237 0.0419481 0.0353405 0.0333543
0 0.781047 0.233625 0.0306978 0.0287663
0 0.792721 0.330633 0.0342741 0.0319315
0 0.175819 0.105028 0.0575362 0.0528355
0 0.627625 0.899998 0.0323744 0.0288918
0 0.867523 0.219321 0.0276464 0.0265235
0 0.64382 0.0754812 0.0292671 0.0265278
0 0.871764 0.546266 0.0290602 0.0262695
0 0.515304 0.586494 0.0389982 0.0365728
0 0.967319 0.419158 0.0299355 0.0276016
0 0.990924 0.39134 0.018151 0.0459866
0 0.917805 0.00735613 0.0580399 0.0146952
0 0.889503 0.379914 0.0289162 0.0272847
0 0.948073 0.579024 0.0287983 0.027829
0 0.892771 0.404431 0.0318897 0.0284342
0 0.873169 0.438492 0.0303715 0.0285877
0 0.994739 0.266241 0.0105212 0.0482825
0 0.768685 0.715182 0.0332945 0.0298336
0 0.983822 0.482354 0.031435 0.0303145
0 0.98832 0.100395 0.0233606 0.0285545
0 0.873287 0.255076 0.039621 0.0358221
0 0.576686 0.418939 0.031628 0.0300812
0 0.338238 0.387098 0.0282179 0.0262616
0 0.900764 0.54411 0.027384 0.0247873
0 0.935166 0.630058 0.0462246 0.0416622
0 0.960834 0.663795 0.0278187 0.0251272
0 0.654461 0.887481 0.0388503 0.0343493
0 0.773877 0.965075 0.0638683 0.0562328
0 0.690089 0.827906 0.0259464 0.0244379
0 0.97185 0.625608 0.0268408 0.0241754
0 0.891307 0.30581 0.0597218 0.0540607
0 0.652294 0.86462 0.0336975 0.0291424
0 0.608562 0.00841636 0.0464234 0.0168327
0 0.623492 0.721102 0.0267701 0.0249527
0 0.965487 0.0727117 0.0449627 0.0445805
