0 0.792857 0.475145 0.0536336 0.0523257
0 0.245479 0.715326 0.0477732 0.044416
0 0.0850252 0.568304 0.0390404 0.0374264
0 0.685885 0.734982 0.0366823 0.0359589
0 0.541349 0.789495 0.0358198 0.0340821
0 0.119437 0.364546 0.0310205 0.0305475
0 0.804091 0.0656735 0.0356543 0.0348385
0 0.0826554 0.990759 0.0322626 0.017614
0 0.853547 0.440684 0.0318645 0.0303701
0 0.271533 0.755927 0.0333735 0.0305734
0 0.671401 0.567888 0.0276371 0.0272696
0 0.959738 0.403164 0.0302666 0.0290759
0 0.9181 0.251963 0.0332094 0.0315535
0 0.869389 0.323876 0.0264757 0.0253433
0 0.981258 0.854643 0.032412 0.0304253
0 0.89167 0.279243 0.0266304 0.026647
0 0.247496 0.150921 0.0271742 0.025769
0 0.0135984 0.425239 0.0267615 0.0391558
0 0.90517 0.0527105 0.0283211 0.026563
