0 0.603829 0.253333 0.0439681 0.0411993
0 0.112849 0.874311 0.0412268 0.038978
0 0.0212972 0.162145 0.0425876 0.049878
0 0.497488 0.470808 0.0362822 0.0310717
0 0.417487 0.0261371 0.0346919 0.0312891
0 0.873917 0.866119 0.039814 0.0363794
0 0.230796 0.380806 0.0663859 0.0576398
0 0.144367 0.228641 0.176095 0.150132
0 0.782373 0.523883 0.0856888 0.0833164
0 0.233701 0.441022 0.0482082 0.0441834
0 0.13095 0.532127 0.132777 0.119509
0 0.302837 0.442129 0.0513068 0.0436926
0 0.176511 0.848849 0.0715009 0.0671865
0 0.651913 0.753024 0.039329 0.0347916
0 0.178031 0.399698 0.0291165 0.0265099
0 0.398057 0.812908 0.0528846 0.0487968
0 0.32451 0.327141 0.0280119 0.0258722
0 0.636421 0.105716 0.102731 0.0916929
