0 0.963816 0.560164 0.0713999 0.0869291
0 0.0317513 0.354489 0.0635025 0.0632082
0 0.820881 0.732619 0.185895 0.17711
0 0.61371 0.0962604 0.0296732 0.0290012
0 0.680057 0.878654 0.0591637 0.0547268
0 0.398086 0.965266 0.0365698 0.0338505
0 0.902572 0.548281 0.0354549 0.0331269
0 0.907829 0.87762 0.0610321 0.057473
0 0.233716 0.155536 0.0341336 0.0316576
0 0.153795 0.394491 0.0311553 0.0296573
0 0.0373375 0.959725 0.0323548 0.0308613
0 0.186709 0.774737 0.0281463 0.0274862
0 0.0724426 0.210648 0.144885 0.228325
0 0.906623 0.830835 0.0431164 0.0414436
0 0.567373 0.879106 0.0280567 0.0256111
0 0.983958 0.911267 0.0310764 0.0320601
0 0.477774 0.478668 0.0292577 0.0279856
0 0.525446 0.240012 0.0253311 0.0237434
0 0.251689 0.130264 0.0303949 0.0285435
0 0.947171 0.836484 0.0428265 0.0402325
0 0.250881 0.582778 0.083382 0.0781147
0 0.809297 0.381888 0.167222 0.155529
0 0.785545 0.860771 0.0347334 0.0321093
