0 0.242864 0.19271 0.39857 0.373681
0 0.530944 0.752474 0.111157 0.105501
0 0.374374 0.79674 0.083813 0.0781002
0 0.914646 0.708297 0.0821062 0.0788174
0 0.155442 0.44028 0.308932 0.352605
0 0.603503 0.640192 0.0355146 0.0337423
0 0.41138 0.735786 0.0771997 0.0713891
0 0.579961 0.456786 0.0512594 0.0496382
0 0.547249 0.589843 0.0466274 0.0457552
0 0.652484 0.188983 0.0338533 0.0321167
0 0.415664 0.898171 0.0499328 0.0462688
0 0.297417 0.786775 0.0513243 0.0459754
0 0.474149 0.528711 0.0376207 0.0352891
0 0.197109 0.751865 0.343307 0.301235
0 0.35187 0.985646 0.0591642 0.0287083
0 0.919205 0.547295 0.0419933 0.0399559
0 0.736136 0.716481 0.0531137 0.0493046
0 0.448274 0.925997 0.0309175 0.0296991
0 0.974559 0.937676 0.0508816 0.0553768
0 0.333848 0.752528 0.0602192 0.0575989
0 0.660204 0.159433 0.0300795 0.0307189
0 0.607317 0.769566 0.0506748 0.047213
0 0.859692 0.229737 0.091466 0.0881586
