0 0.864568 0.079996 0.082996 0.0818023
0 0.801127 0.922171 0.0492151 0.0479919
0 0.526619 0.597432 0.0377833 0.0368814
0 0.103222 0.711852 0.0344063 0.0328869
0 0.769803 0.964899 0.0327643 0.0319775
0 0.177093 0.430545 0.0332589 0.033112
0 0.661032 0.366536 0.0324835 0.0318902
0 0.553651 0.382164 0.0284091 0.02764
0 0.845665 0.865833 0.0405006 0.0406042
0 0.685787 0.431748 0.0524117 0.050135
0 0.918219 0.143568 0.0277756 0.0269948
0 0.698355 0.405206 0.0336082 0.0338635
0 0.429878 0.465254 0.030722 0.0301741
0 0.155105 0.481209 0.0283466 0.0269071
0 0.769161 0.88075 0.0300751 0.0289551
0 0.179544 0.888403 0.0318487 0.0306915
0 0.44156 0.556189 0.0355435 0.0347036
0 0.416051 0.940374 0.0702384 0.0686012
0 0.739039 0.840215 0.0281974 0.0276173
0 0.78401 0.456349 0.0262025 0.0253426
0 0.483364 0.00607932 0.042465 0.0121586
0 0.658665 0.482898 0.0360889 0.0350088
0 0.578271 0.655712 0.0242691 0.0233963
0 0.881334 0.735725 0.0287138 0.0286509
0 0.208175 0.666675 0.0262293 0.0264193
0 0.428317 0.659314 0.0252766 0.0241098
0 0.957579 0.19856 0.025382 0.0242038
0 0.631568 0.791294 0.0243622 0.0242019
0 0.227763 0.992013 0.0353065 0.0159277
0 0.647632 0.716283 0.0398718 0.0403187
0 0.463558 0.872119 0.0921627 0.0913805
0 0.0917493 0.862451 0.0516367 0.0518259
0 0.53305 0.851454 0.0496723 0.0473454
0 0.357952 0.423255 0.0245669 0.0239511
0 0.699845 0.560282 0.0224724 0.0223143
