0 0.63846 0.367279 0.190494 0.177575
0 0.766191 0.643092 0.166995 0.16187
0 0.904679 0.0854115 0.0438776 0.0424754
0 0.809487 0.238889 0.0354177 0.0338927
0 0.369327 0.608493 0.39641 0.361176
0 0.963916 0.480654 0.0367405 0.0359965
0 0.954521 0.582922 0.0264637 0.0261455
0 0.791922 0.375063 0.0654165 0.0621552
0 0.90796 0.145643 0.0361435 0.0353082
0 0.979386 0.130349 0.0320047 0.0319674
0 0.87949 0.00785928 0.0420935 0.0157026
0 0.768016 0.241874 0.0344309 0.0318653
0 0.505595 0.709129 0.0354204 0.0332927
0 0.946136 0.538792 0.0392006 0.0376642
0 0.678531 0.456523 0.0352674 0.0346401
0 0.355185 0.242878 0.0399632 0.0382582
0 0.912509 0.108795 0.0230389 0.0228633
0 0.546461 0.225607 0.0464718 0.0434051
0 0.943732 0.610652 0.0304642 0.0307096
0 0.493228 0.299099 0.0333715 0.0310414
0 0.626858 0.485813 0.0350683 0.0349335
0 0.834211 0.627658 0.0365318 0.0351716
0 0.936669 0.100001 0.0291035 0.028512
0 0.955429 0.269711 0.0329344 0.0305724
0 0.772841 0.00808193 0.0370683 0.0161639
0 0.665348 0.174469 0.0342882 0.0327874
0 0.336346 0.408603 0.0373755 0.037774
0 0.942738 0.236192 0.0232414 0.0223034
0 0.456139 0.734092 0.0483135 0.0467215
0 0.461041 0.431185 0.0587025 0.0558317
0 0.0618315 0.357568 0.0312143 0.0313528
