0 0.205452 0.937385 0.0373546 0.0349897
0 0.865463 0.560991 0.0418407 0.0409078
0 0.171466 0.157963 0.0526949 0.0505675
0 0.289484 0.359604 0.0538245 0.0506367
0 0.633541 0.898543 0.0343993 0.0326584
0 0.979719 0.912734 0.0405613 0.0516392
0 0.571029 0.0190122 0.0353365 0.0347676
0 0.193424 0.66332 0.0347919 0.0334328
0 0.482037 0.137473 0.0388115 0.0361251
0 0.213899 0.913342 0.0263382 0.0262688
0 0.944043 0.00832388 0.0295067 0.0166224
0 0.876999 0.198692 0.0260868 0.0255078
0 0.441461 0.55745 0.0302168 0.0296734
0 0.0532922 0.373128 0.0335486 0.0309857
0 0.0123298 0.696823 0.0246597 0.0302559
0 0.0402649 0.917582 0.0254885 0.0250422
0 0.339335 0.0818308 0.0270521 0.0256752
0 0.230071 0.649268 0.0313301 0.0305429
0 0.850439 0.0779391 0.031356 0.0300115
0 0.114533 0.610423 0.0248008 0.0245569
0 0.99261 0.433418 0.0147803 0.0329329
0 0.170197 0.743303 0.0247529 0.0245111
0 0.771344 0.648251 0.0462082 0.0447752
0 0.24789 0.131889 0.0311609 0.0310549
0 0.563745 0.0443599 0.0308224 0.0312316
0 0.61817 0.390177 0.0257242 0.0253377
