0 0.250589 0.0242411 0.0491094 0.0482656
0 0.708271 0.209861 0.0331734 0.0320043
0 0.530151 0.478303 0.0354687 0.0337884
0 0.193841 0.506267 0.0506591 0.0488827
0 0.791956 0.010295 0.0373363 0.0205901
0 0.514046 0.395087 0.0420483 0.0420962
0 0.092405 0.100388 0.0352029 0.0333229
0 0.106297 0.119835 0.0304004 0.0284058
0 0.564613 0.358841 0.0305553 0.0301661
0 0.154887 0.655443 0.0320368 0.0314326
0 0.600738 0.440092 0.0293541 0.0282633
0 0.990671 0.14966 0.018659 0.0687619
0 0.550728 0.557695 0.0821837 0.0784948
0 0.305731 0.0214613 0.0690613 0.0427849
0 0.616351 0.41799 0.0311798 0.0295651
0 0.198159 0.47415 0.0402992 0.0407438
0 0.180344 0.841582 0.0440176 0.0438334
0 0.14714 0.0585062 0.0345115 0.0329577
0 0.387991 0.609608 0.0332661 0.0327475
0 0.703961 0.567236 0.0752926 0.0714861
0 0.896676 0.25724 0.0340233 0.0335155
0 0.00821848 0.288134 0.0162793 0.0458855
0 0.966322 0.220637 0.0306252 0.0298116
0 0.492108 0.75937 0.0312806 0.0296825
0 0.0075974 0.735688 0.0150361 0.035874
0 0.0710512 0.681616 0.0458833 0.0455407
