0 0.568579 0.334121 0.0571062 0.0544314
0 0.136608 0.0220359 0.0842809 0.0440719
0 0.795043 0.0945708 0.0439085 0.0421849
0 0.735444 0.435248 0.0530902 0.0501226
0 0.531558 0.0753847 0.0436543 0.041739
0 0.57565 0.396523 0.0306602 0.0297522
0 0.504232 0.687152 0.0397956 0.0377352
0 0.142198 0.510294 0.0337654 0.0316718
0 0.331427 0.452797 0.0345144 0.0344135
0 0.622895 0.225586 0.0348948 0.0332855
0 0.175558 0.0854241 0.0631929 0.061299
0 0.0630552 0.241966 0.0338684 0.0335902
0 0.642269 0.0805737 0.0363233 0.0346702
0 0.570542 0.610914 0.0296434 0.0279651
0 0.509263 0.242068 0.0297122 0.0281988
0 0.127671 0.241788 0.0364296 0.0351267
0 0.277565 0.691846 0.0345095 0.0323997
0 0.310954 0.750561 0.0431373 0.0416695
0 0.262741 0.428537 0.0295178 0.0287157
0 0.323477 0.785084 0.0462501 0.0433767
0 0.77135 0.486187 0.0332907 0.0312346
0 0.304278 0.714744 0.0482323 0.0449456
0 0.551025 0.0519656 0.0286604 0.0275625
0 0.988949 0.0132997 0.0221012 0.0264384
0 0.645321 0.703765 0.0370728 0.0358513
0 0.903734 0.990803 0.0292599 0.0180214
0 0.204765 0.157479 0.0285054 0.0271038
0 0.056075 0.0145647 0.027822 0.0260683
0 0.187193 0.0439935 0.0494449 0.0492205
0 0.678612 0.689764 0.0309193 0.0287232
0 0.204297 0.127753 0.063459 0.0611982
