0 0.932747 0.683265 0.0763332 0.0605962
0 0.464319 0.563495 0.234881 0.194137
0 0.346932 0.168809 0.0515928 0.0403862
0 0.423801 0.376915 0.0382435 0.0299257
0 0.974647 0.871952 0.0503466 0.0552332
0 0.896129 0.372859 0.0384777 0.0294684
0 0.896287 0.270577 0.0367937 0.0281336
0 0.182765 0.870668 0.0400582 0.030431
0 0.976719 0.802191 0.0463951 0.0831739
0 0.895936 0.414963 0.0326668 0.0250965
0 0.19231 0.363224 0.0321674 0.0255631
0 0.93688 0.235475 0.0360514 0.0282485
0 0.881147 0.435021 0.0315384 0.0244445
0 0.808356 0.786037 0.0341604 0.0276217
0 0.693706 0.494119 0.0313345 0.0242453
0 0.0696006 0.0525552 0.139153 0.10511
0 0.224887 0.791206 0.0323242 0.0259011
0 0.09658 0.436313 0.034648 0.0291843
0 0.324971 0.943837 0.183813 0.112326
0 0.184666 0.627111 0.369333 0.352221
