0 0.801148 0.440279 0.307448 0.298774
0 0.777712 0.72041 0.0890627 0.0829428
0 0.533805 0.138273 0.25308 0.251086
0 0.352693 0.425361 0.098452 0.0941362
0 0.592383 0.0479806 0.0809931 0.0763425
0 0.778348 0.0967752 0.0928177 0.087311
0 0.835786 0.885071 0.27335 0.229859
0 0.375964 0.597855 0.353422 0.362218
0 0.410486 0.108395 0.0786376 0.0743704
0 0.149126 0.344094 0.058918 0.055628
0 0.687491 0.100162 0.0524213 0.0505344
0 0.434232 0.0547329 0.0406582 0.0395366
0 0.665565 0.259364 0.063049 0.0602162
0 0.456125 0.920931 0.0934336 0.0889631
0 0.371992 0.796749 0.217403 0.215111
0 0.365885 0.286901 0.0373765 0.0344943
0 0.112096 0.63322 0.0565534 0.0540987
0 0.0828008 0.700283 0.0346265 0.033724
0 0.17071 0.500323 0.0614082 0.0583996
0 0.333262 0.0328814 0.0412151 0.0401487
0 0.405118 0.147518 0.034772 0.0330429
0 0.313458 0.168464 0.066038 0.0616235
0 0.874659 0.808342 0.0402264 0.0380957
0 0.258211 0.0656063 0.0389788 0.0377897
0 0.160068 0.0575849 0.0445235 0.0423091
0 0.251939 0.40604 0.0513644 0.047435
0 0.635185 0.808128 0.0445755 0.0415276
0 0.121444 0.54082 0.0347681 0.0321845
0 0.975126 0.812492 0.0497473 0.0516846
0 0.274823 0.228647 0.0349173 0.0340591
0 0.153985 0.0183144 0.048918 0.0366287
0 0.964375 0.518544 0.033783 0.0325655
0 0.40434 0.021938 0.0495793 0.043876
0 0.505959 0.823306 0.0350057 0.0329166
0 0.0897266 0.194359 0.179453 0.205536
0 0.128579 0.717704 0.0326887 0.0322186
0 0.124068 0.245738 0.0297119 0.0288047
0 0.126291 0.770856 0.042315 0.0405007
0 0.119555 0.394856 0.034651 0.0324919
0 0.522539 0.861225 0.120658 0.116021
0 0.187718 0.798388 0.0314838 0.0299863
0 0.136582 0.917186 0.042422 0.0404903
0 0.818908 0.781803 0.0786537 0.07339
0 0.681359 0.898921 0.0430989 0.0407986
0 0.915024 0.698673 0.169952 0.199418
0 0.711766 0.138025 0.0315628 0.0302259
0 0.653587 0.0597339 0.0606431 0.0590826
0 0.171907 0.293615 0.0324771 0.0307948
0 0.67922 0.2641 0.179978 0.177265
0 0.974376 0.458257 0.0345985 0.0321617
0 0.556829 0.312233 0.0668688 0.0615996
0 0.0106308 0.319785 0.0209013 0.0360465
0 0.248239 0.330526 0.191028 0.187697
0 0.558763 0.551681 0.0394611 0.0374661
0 0.469017 0.00681337 0.0307389 0.0135425
0 0.77919 0.214431 0.0307716 0.0286822
0 0.643319 0.723637 0.0359695 0.0336826
