0 0.0569372 0.725673 0.0660313 0.0653744
0 0.162694 0.277698 0.0522763 0.0516024
0 0.451153 0.414098 0.0399569 0.0384825
0 0.0330343 0.661897 0.0443713 0.0448267
0 0.659943 0.526389 0.0446537 0.0442341
0 0.949339 0.301069 0.0325394 0.0315131
0 0.16624 0.23352 0.0393214 0.0386374
0 0.0178078 0.616494 0.0355474 0.0501543
0 0.79336 0.0363027 0.0433523 0.0426687
0 0.437481 0.789099 0.033606 0.0296181
0 0.0164805 0.334405 0.032961 0.0368544
0 0.244321 0.0933576 0.029823 0.028968
0 0.25844 0.414445 0.0406688 0.0402084
0 0.785308 0.791681 0.0313208 0.0244844
0 0.0111696 0.68743 0.0223391 0.0297925
0 0.608247 0.717263 0.0317123 0.0304453
0 0.737003 0.387244 0.0387088 0.0392165
0 0.352154 0.376722 0.0326613 0.0318138
0 0.438235 0.445531 0.0278719 0.0274124
0 0.623552 0.611296 0.0309653 0.0302596
0 0.885289 0.184381 0.0372456 0.0362212
0 0.524185 0.217652 0.0308495 0.0310214
0 0.640913 0.700569 0.0395665 0.0391806
0 0.634737 0.183403 0.03375 0.0333128
0 0.596174 0.649028 0.02474 0.0226765
0 0.267282 0.575541 0.0897767 0.0888971
0 0.685372 0.40117 0.0292897 0.0293711
0 0.146957 0.433776 0.0932857 0.091275
0 0.727441 0.129144 0.0260792 0.0257237
