0 0.64912 0.211157 0.0324976 0.0315269
0 0.656383 0.153874 0.0426119 0.0416286
0 0.248861 0.296189 0.0315788 0.0313083
0 0.838903 0.552458 0.0350142 0.0326811
0 0.161 0.767827 0.0395338 0.0367695
0 0.865279 0.573535 0.0344547 0.0330122
0 0.684844 0.087992 0.0306332 0.0294874
0 0.350238 0.0457718 0.0286107 0.0273633
0 0.281194 0.259798 0.0309877 0.0300884
0 0.146473 0.0744278 0.0340115 0.0317837
0 0.0443307 0.0598362 0.0274699 0.0260082
0 0.11314 0.745121 0.0306075 0.0296566
0 0.249091 0.216173 0.0261408 0.0241571
