0 0.571569 0.460782 0.152094 0.154565
0 0.573108 0.192191 0.089772 0.0862535
0 0.931449 0.478659 0.107986 0.109093
0 0.874386 0.659646 0.0728804 0.071774
0 0.893314 0.769558 0.0572687 0.0561344
0 0.119944 0.630338 0.0677605 0.0661743
0 0.792259 0.106303 0.0659477 0.0643059
0 0.923981 0.735474 0.0407137 0.0393921
0 0.89292 0.598712 0.0421762 0.0417109
0 0.888696 0.106884 0.0420341 0.0410082
0 0.855003 0.299033 0.100578 0.0986788
0 0.818437 0.623264 0.0407844 0.0405878
0 0.310575 0.74607 0.0630347 0.0622279
0 0.919663 0.568068 0.041206 0.0394335
0 0.769063 0.720404 0.0360665 0.0348176
0 0.797919 0.840665 0.0338377 0.0327312
0 0.828439 0.793767 0.0312588 0.0300892
0 0.925317 0.668912 0.0361691 0.0347759
0 0.781787 0.509094 0.0312977 0.030637
0 0.775217 0.24011 0.0642452 0.0632586
0 0.732071 0.74548 0.0418964 0.0410318
0 0.469664 0.0362341 0.0385933 0.0370345
0 0.882439 0.524253 0.0310516 0.0289583
0 0.0669729 0.0107835 0.0329475 0.0215671
0 0.914917 0.391901 0.0537571 0.0547177
0 0.641321 0.148013 0.0271736 0.0268993
0 0.98416 0.982259 0.0316797 0.0343088
0 0.976986 0.606287 0.0352501 0.0338849
0 0.782605 0.684831 0.0362173 0.0347447
0 0.848894 0.340888 0.0705093 0.0679212
0 0.2834 0.0522881 0.0280185 0.0265523
0 0.704203 0.470517 0.0255967 0.0243824
0 0.356017 0.0904431 0.0319435 0.0298101
0 0.307228 0.138599 0.0356044 0.0328263
0 0.925648 0.611925 0.0308346 0.0303789
0 0.913868 0.024049 0.0555874 0.048098
0 0.748885 0.280504 0.032957 0.0326664
0 0.97469 0.557232 0.0506195 0.108299
0 0.773094 0.90032 0.0355289 0.0347713
0 0.300572 0.178622 0.040386 0.037773
0 0.882558 0.9908 0.0483509 0.0181919
0 0.71364 0.10274 0.0479923 0.0463324
0 0.961503 0.963301 0.0308861 0.0300556
0 0.715876 0.341241 0.0271586 0.0263223
0 0.067344 0.637635 0.0325113 0.0311293
0 0.687153 0.756216 0.0694414 0.064695
