0 0.0943116 0.30005 0.0351309 0.0338045
0 0.082084 0.906264 0.0331604 0.0328186
0 0.707183 0.214618 0.0630178 0.0602509
0 0.245885 0.425841 0.0342619 0.0326691
0 0.0114246 0.632993 0.0228271 0.05303
0 0.0512354 0.856247 0.0278654 0.0273436
0 0.830317 0.556739 0.122513 0.113122
0 0.013857 0.829163 0.0265318 0.0279812
0 0.370046 0.769695 0.0323752 0.0312674
0 0.685174 0.794703 0.140191 0.131114
0 0.22699 0.744627 0.0330393 0.0324734
0 0.7577 0.992468 0.0295703 0.0147488
0 0.0711844 0.678076 0.0262226 0.0250602
0 0.473796 0.218274 0.0496958 0.0467165
0 0.101913 0.935895 0.0301293 0.0288006
0 0.594798 0.527512 0.0791571 0.0748588
0 0.0184137 0.561043 0.0302626 0.0295181
0 0.619702 0.373664 0.0266446 0.0245877
0 0.95438 0.682787 0.0909609 0.10274
