0 0.415654 0.568984 0.198503 0.163969
0 0.713832 0.898868 0.117325 0.099049
0 0.587845 0.293813 0.138515 0.128591
0 0.326279 0.974681 0.0510954 0.0441029
0 0.760711 0.211961 0.166925 0.152501
0 0.312917 0.0705734 0.105384 0.0864299
0 0.212478 0.746315 0.116803 0.0983332
0 0.403963 0.971815 0.0516274 0.0455978
0 0.470632 0.768442 0.491252 0.419318
0 0.252054 0.49404 0.0473964 0.0379995
0 0.53019 0.0544031 0.0391361 0.0331437
0 0.385075 0.221301 0.124016 0.101908
0 0.737607 0.439987 0.0374823 0.0344807
0 0.935357 0.264566 0.0594694 0.0524565
0 0.0619966 0.337376 0.101281 0.0810254
0 0.976615 0.185248 0.043441 0.0370662
0 0.205647 0.698051 0.0580863 0.0468956
0 0.0906704 0.552081 0.0575837 0.0452684
0 0.104924 0.202908 0.0499735 0.0403168
0 0.200385 0.418491 0.0535712 0.0402174
0 0.197895 0.00876242 0.0485517 0.0175248
0 0.377274 0.310045 0.0423262 0.0337207
0 0.164248 0.665784 0.0569665 0.0480444
0 0.643894 0.960231 0.150466 0.0792824
0 0.0207589 0.872997 0.0336253 0.0293606
0 0.779335 0.981594 0.0430668 0.0346104
0 0.920265 0.0309086 0.0713539 0.0614125
0 0.233846 0.577491 0.0607841 0.0474765
0 0.618428 0.449933 0.0375092 0.0302429
0 0.0769304 0.156357 0.0438709 0.0350664
0 0.135014 0.345023 0.0411315 0.0320313
0 0.373719 0.0608729 0.0283245 0.0237047
0 0.316056 0.357079 0.0735465 0.0561557
0 0.630589 0.175009 0.0734724 0.0594574
0 0.551431 0.200096 0.0924526 0.0767037
0 0.0609337 0.49268 0.0415611 0.0334579
0 0.0540761 0.0924182 0.0365783 0.0312404
0 0.516035 0.264492 0.152127 0.127476
0 0.943753 0.741275 0.0403181 0.0362251
0 0.0892339 0.518081 0.0411257 0.0328985
0 0.958311 0.786159 0.0833778 0.0812475
0 0.721461 0.643494 0.0341541 0.0292629
0 0.0905458 0.834498 0.0437108 0.0360367
0 0.875419 0.320971 0.0441172 0.0365737
0 0.267515 0.33691 0.0462826 0.0361069
0 0.892903 0.469519 0.0267851 0.0233425
0 0.889536 0.802427 0.0415867 0.0361233
0 0.676019 0.149837 0.0355866 0.0321527
0 0.740212 0.969525 0.0391974 0.0343136
0 0.974477 0.634905 0.0256504 0.0229168
0 0.116458 0.441124 0.0388065 0.0319109
0 0.853776 0.0678904 0.10574 0.0892299
0 0.277281 0.202449 0.0872523 0.0737039
0 0.686404 0.653669 0.0390079 0.0340617
0 0.992059 0.831454 0.0158827 0.0357601
0 0.983595 0.959858 0.0317707 0.0311169
0 0.143747 0.11026 0.0310794 0.0266688
0 0.823335 0.826887 0.0361258 0.0313026
0 0.594219 0.591641 0.0447093 0.0370094
0 0.231377 0.450812 0.0601545 0.0500978
0 0.709853 0.0154896 0.0266649 0.0257967
0 0.891621 0.343928 0.0253279 0.0218153
0 0.49063 0.175865 0.0470947 0.0393823
0 0.86729 0.722099 0.0433853 0.0398389
0 0.544574 0.400821 0.0354925 0.0307379
