0 0.674304 0.674197 0.0620737 0.061286
0 0.268799 0.760862 0.065484 0.0613096
0 0.787937 0.147042 0.0397745 0.0377156
0 0.0878513 0.0680526 0.0657237 0.0636415
0 0.780469 0.349623 0.0366879 0.0343556
0 0.677071 0.24786 0.0352348 0.0338768
0 0.0182221 0.272895 0.0355626 0.0338539
0 0.944971 0.360289 0.0411587 0.0386323
0 0.0949732 0.0314827 0.0630277 0.0600408
0 0.927252 0.14496 0.0347229 0.0334683
0 0.336305 0.711317 0.0474792 0.0462996
0 0.065154 0.44197 0.0381677 0.0368835
0 0.106752 0.382968 0.0347211 0.034563
0 0.523696 0.57722 0.035775 0.0335995
0 0.32643 0.159835 0.0459657 0.044834
0 0.899709 0.187443 0.0305344 0.0307518
0 0.288839 0.884081 0.0307609 0.029147
0 0.28818 0.266826 0.0365982 0.0354991
0 0.335813 0.0359121 0.0346241 0.0335638
0 0.827924 0.767085 0.048748 0.0474506
0 0.417371 0.00706389 0.045446 0.014107
0 0.592633 0.788867 0.049187 0.0477671
0 0.134245 0.368943 0.0300319 0.0296703
0 0.112846 0.84532 0.0466155 0.043779
0 0.449069 0.0249284 0.0420506 0.0420975
0 0.318342 0.575558 0.0869624 0.0834983
