0 0.313594 0.358624 0.396258 0.359572
0 0.560331 0.0231224 0.0864529 0.0462448
0 0.315611 0.574819 0.0458319 0.0446199
0 0.0184928 0.828031 0.0367786 0.0475718
0 0.353248 0.837991 0.0362792 0.035317
0 0.0848634 0.931372 0.0477891 0.046451
0 0.092501 0.724862 0.045653 0.0457594
0 0.704531 0.0402267 0.0457121 0.0449527
0 0.302236 0.884676 0.0471681 0.0460697
0 0.637047 0.661324 0.0341793 0.0340788
0 0.704982 0.174936 0.0337637 0.032876
0 0.0285563 0.916878 0.0323817 0.031036
0 0.121685 0.92385 0.0306415 0.0299076
0 0.275366 0.930883 0.0364237 0.0362991
0 0.158262 0.15413 0.314553 0.30826
0 0.104846 0.977616 0.0551083 0.0440922
0 0.0638476 0.992043 0.0350956 0.0159143
0 0.168361 0.979972 0.083843 0.039645
0 0.0360338 0.39134 0.0719794 0.141782
0 0.253593 0.713436 0.0366487 0.0357147
0 0.0538621 0.687499 0.0363353 0.033745
0 0.120381 0.563502 0.139924 0.130677
0 0.113018 0.834327 0.0350505 0.0347099
0 0.259876 0.899001 0.0358801 0.0350754
0 0.400265 0.577325 0.0370921 0.0350233
0 0.192614 0.594724 0.0348793 0.033606
0 0.402954 0.0516924 0.0476154 0.0461429
0 0.220707 0.81534 0.0348213 0.0338825
0 0.789238 0.458369 0.0685265 0.0660296
0 0.649659 0.809486 0.0884293 0.0864225
0 0.253522 0.990205 0.0280679 0.0192644
0 0.193772 0.409586 0.0319299 0.0299965
0 0.823342 0.129476 0.25226 0.246595
0 0.257043 0.955746 0.0386442 0.0371609
0 0.154114 0.805076 0.0281327 0.0261475
0 0.325127 0.0492872 0.131982 0.09794
0 0.145606 0.971558 0.130635 0.056885
0 0.554311 0.772097 0.088849 0.0821829
0 0.768344 0.890967 0.0269724 0.025433
