0 0.725585 0.327589 0.0679407 0.0491653
0 0.585641 0.208516 0.0827549 0.0609541
0 0.261342 0.0880761 0.0755081 0.0547491
0 0.170067 0.652924 0.0503764 0.0380512
0 0.273098 0.157657 0.0637899 0.0459897
0 0.180771 0.459541 0.0894941 0.0677856
0 0.530052 0.605616 0.050038 0.0397018
0 0.0156757 0.248621 0.0309029 0.0379394
0 0.817134 0.303363 0.0494242 0.037127
0 0.341972 0.744436 0.0487266 0.037194
0 0.571026 0.379629 0.0513887 0.0404313
0 0.807465 0.341407 0.0569483 0.0436842
0 0.627272 0.237509 0.0491023 0.0364252
0 0.225697 0.780267 0.0905141 0.0408207
0 0.676688 0.180226 0.0372446 0.028247
0 0.164029 0.500804 0.0681885 0.0468913
0 0.291777 0.751811 0.0386256 0.0277796
0 0.765189 0.283089 0.0463388 0.0327215
0 0.902714 0.506601 0.0317894 0.0245656
0 0.979684 0.392176 0.0399612 0.0543762
0 0.68473 0.0452819 0.130814 0.0905637
0 0.0286182 0.0447907 0.0571728 0.0827265
0 0.38964 0.0207861 0.0416569 0.0345059
0 0.780322 0.364811 0.0385747 0.025512
0 0.73683 0.383126 0.0321407 0.0249204
0 0.433798 0.68304 0.0376791 0.0291645
0 0.637822 0.362261 0.040309 0.0328215
0 0.418518 0.220901 0.0444586 0.0323816
0 0.819293 0.250732 0.0381992 0.0270987
0 0.0892364 0.71707 0.0353571 0.0262688
0 0.392319 0.562371 0.105042 0.0839359
0 0.728271 0.658446 0.0307867 0.0244529
