0 0.0822881 0.331101 0.0582002 0.0573833
0 0.376731 0.212829 0.0449341 0.0430334
0 0.0324534 0.357099 0.0363018 0.0356031
0 0.0507071 0.488626 0.0361337 0.0362659
0 0.536865 0.426692 0.0324598 0.0312115
0 0.365622 0.507681 0.0323806 0.0308905
0 0.406458 0.606148 0.0320704 0.0308414
0 0.403332 0.333335 0.0298449 0.0291923
0 0.473787 0.790096 0.0323093 0.0286508
0 0.373367 0.787713 0.0329628 0.0303036
0 0.507953 0.423264 0.0291637 0.0274982
0 0.0345157 0.238074 0.0307938 0.0303964
0 0.201582 0.746183 0.0270228 0.0264886
0 0.466315 0.200761 0.0277075 0.0271735
0 0.168077 0.0178734 0.0542953 0.0357467
0 0.907689 0.438372 0.0258518 0.0250038
0 0.378659 0.616148 0.0272911 0.0252758
0 0.97801 0.541042 0.0255859 0.0244833
