0 0.0702003 0.658188 0.0799252 0.0614973
0 0.687311 0.560047 0.054426 0.0426232
0 0.428527 0.153729 0.0488299 0.0380676
0 0.807583 0.52656 0.0477348 0.0369722
0 0.860531 0.486298 0.0367352 0.0264238
0 0.459722 0.521626 0.0695456 0.0495289
0 0.412722 0.117842 0.054517 0.0423216
0 0.709056 0.148092 0.0400591 0.0303275
0 0.463671 0.0771177 0.0477 0.036476
0 0.870897 0.812929 0.0360868 0.0284967
0 0.89751 0.521861 0.0377293 0.0289227
0 0.271261 0.508256 0.0389878 0.0332085
0 0.982708 0.927378 0.0345142 0.0330586
0 0.41236 0.082114 0.0601744 0.0464502
0 0.460375 0.0316353 0.0419159 0.0341412
0 0.458082 0.2642 0.0373865 0.0329545
0 0.0108217 0.781444 0.0216433 0.0315012
0 0.394667 0.327438 0.0344006 0.0279927
0 0.656109 0.902664 0.0311783 0.0264614
0 0.422084 0.050891 0.0575959 0.0454738
0 0.0938919 0.92053 0.0378311 0.0312332
0 0.506065 0.43052 0.0305843 0.0236368
0 0.344009 0.0289328 0.111892 0.0578656
0 0.878251 0.140275 0.178785 0.116455
0 0.714481 0.793855 0.0303936 0.0255333
0 0.520091 0.0628678 0.031205 0.0250769
