0 0.721466 0.202145 0.0424205 0.0329649
0 0.0836694 0.586859 0.0653335 0.0515312
0 0.378701 0.836292 0.0373055 0.0274452
0 0.658334 0.71815 0.0425161 0.0336738
0 0.305918 0.950873 0.0637731 0.0486874
0 0.679312 0.426398 0.0374193 0.0282596
0 0.668982 0.23917 0.0525224 0.0398949
0 0.390705 0.535369 0.0852572 0.0663441
0 0.673009 0.986101 0.0594378 0.0277982
0 0.0950534 0.662528 0.0604057 0.0451653
0 0.342487 0.0267265 0.0700284 0.053453
0 0.0496319 0.30353 0.0450186 0.0374889
0 0.801592 0.534433 0.0427141 0.0338203
0 0.869229 0.650274 0.259973 0.212385
0 0.592123 0.990512 0.0453749 0.0187935
