0 0.48028 0.411628 0.129121 0.123579
0 0.540824 0.165188 0.0975837 0.0946782
0 0.566759 0.962812 0.0483156 0.0478716
0 0.261278 0.487315 0.0428318 0.0416595
0 0.225634 0.355577 0.0432462 0.0415935
0 0.774903 0.61279 0.0512821 0.0489616
0 0.761869 0.566573 0.051157 0.0497181
0 0.774727 0.0560708 0.179385 0.112142
0 0.33475 0.582606 0.0355717 0.0352564
0 0.548443 0.659337 0.0811098 0.0792826
0 0.874443 0.709525 0.0305651 0.0301928
0 0.368321 0.682984 0.0351105 0.0342885
0 0.137703 0.515963 0.085515 0.0832026
0 0.240362 0.424203 0.0863826 0.0844952
0 0.912345 0.353116 0.0630653 0.0612915
0 0.644159 0.986536 0.0294624 0.0261097
0 0.923365 0.759994 0.0278137 0.0262033
0 0.775098 0.663861 0.0583879 0.055843
0 0.672803 0.363951 0.03935 0.038094
0 0.14863 0.210299 0.0836435 0.0814662
0 0.838527 0.94266 0.0592146 0.0584518
0 0.879779 0.237747 0.0303856 0.0291772
0 0.832446 0.864388 0.0531742 0.0520058
0 0.12935 0.92717 0.248189 0.145434
0 0.826084 0.105452 0.0265476 0.0260959
0 0.325008 0.259658 0.04608 0.0448713
0 0.647056 0.310774 0.029836 0.0294916
0 0.949561 0.777258 0.0277718 0.0261953
0 0.933693 0.392993 0.0659609 0.0655638
0 0.758102 0.735775 0.0297771 0.0299999
0 0.970722 0.481689 0.0575184 0.146956
0 0.389917 0.563603 0.0687686 0.0686707
0 0.422452 0.0828811 0.0275544 0.0265341
0 0.683688 0.590473 0.0285097 0.0282464
0 0.641054 0.958465 0.0258253 0.025108
0 0.486005 0.839754 0.0257821 0.0250149
0 0.0865889 0.441733 0.112498 0.110259
0 0.335722 0.676921 0.0428779 0.0427561
0 0.823614 0.244559 0.0331852 0.0329445
0 0.425766 0.352354 0.0315807 0.028694
0 0.803046 0.503148 0.0261325 0.0246495
0 0.713355 0.852761 0.0250395 0.0240623
0 0.460745 0.993261 0.0326454 0.0131992
0 0.988396 0.135327 0.022839 0.0267444
0 0.952886 0.41546 0.0503025 0.0459141
0 0.360296 0.985248 0.026103 0.0238585
0 0.91098 0.933168 0.0289091 0.0269562
0 0.0694327 0.0855654 0.0777238 0.0767158
0 0.51171 0.507339 0.0559018 0.0564328
0 0.503535 0.705391 0.0261924 0.0259842
0 0.559295 0.683888 0.0266013 0.0257064
0 0.406214 0.989506 0.0775507 0.0207912
0 0.205082 0.391171 0.0295379 0.029121
0 0.733828 0.589511 0.0381386 0.0371416
0 0.273395 0.53533 0.054153 0.0522701
0 0.541552 0.847645 0.0517759 0.0519646
0 0.608561 0.233454 0.0700428 0.0678532
0 0.645964 0.694807 0.113704 0.113825
0 0.881957 0.26878 0.0633266 0.0631131
0 0.0694946 0.147273 0.0940145 0.09174
0 0.188405 0.466153 0.0236202 0.0233983
