0 0.141775 0.738301 0.275697 0.248257
0 0.509328 0.950302 0.0596861 0.0518745
0 0.461277 0.842449 0.0663779 0.0579685
0 0.387926 0.211345 0.239672 0.219595
0 0.912829 0.112335 0.0417706 0.0364127
0 0.0374037 0.333081 0.0747945 0.096209
0 0.401226 0.790149 0.0448967 0.038483
0 0.2042 0.585837 0.0332753 0.0297819
0 0.0159929 0.281746 0.0316791 0.0378696
0 0.932568 0.919523 0.0987019 0.0904251
0 0.141698 0.905682 0.0331646 0.0277565
0 0.256113 0.981979 0.0538206 0.0351902
0 0.883275 0.136262 0.0356462 0.0312677
0 0.514738 0.0279041 0.0865228 0.0558082
0 0.768741 0.737581 0.0360668 0.0318722
0 0.516953 0.716217 0.0329227 0.0293648
0 0.673115 0.478727 0.0308873 0.0290166
0 0.334311 0.668263 0.175433 0.173598
0 0.322382 0.385802 0.0306118 0.0276722
0 0.134936 0.608817 0.0363689 0.0323023
0 0.879815 0.716915 0.031435 0.0290375
0 0.974684 0.841911 0.0305866 0.0271788
0 0.918364 0.459303 0.0411251 0.0385901
0 0.967674 0.581644 0.0374069 0.0358305
0 0.269453 0.88265 0.102554 0.0914986
0 0.341258 0.00756208 0.0329789 0.0151242
0 0.080809 0.442184 0.147592 0.123361
0 0.408753 0.0841325 0.188445 0.168265
0 0.178588 0.943938 0.0294302 0.0270317
0 0.748888 0.691144 0.0307983 0.0287504
0 0.953032 0.861824 0.0377087 0.0342533
0 0.524973 0.878816 0.0281147 0.0255831
0 0.342325 0.504884 0.0277402 0.0244166
0 0.346021 0.863831 0.0437359 0.0403654
0 0.136521 0.243643 0.0282102 0.0246837
0 0.803613 0.286396 0.0306144 0.028275
0 0.394933 0.0596403 0.0268938 0.0257357
0 0.119168 0.850341 0.0439324 0.0353497
0 0.227086 0.360884 0.0268575 0.0247067
0 0.245828 0.0556544 0.0503112 0.0427465
