0 0.301346 0.605724 0.290055 0.216422
0 0.83753 0.358071 0.123546 0.0905156
0 0.307038 0.415648 0.126998 0.0951346
0 0.518283 0.383361 0.0818268 0.0596623
0 0.0999738 0.563551 0.191366 0.150403
0 0.249952 0.252654 0.463705 0.305445
0 0.588529 0.800898 0.35674 0.270231
0 0.973766 0.495306 0.0519045 0.0518414
0 0.596108 0.348156 0.0701252 0.0525845
0 0.86291 0.21519 0.0580303 0.0433065
0 0.107405 0.441604 0.0401677 0.0311428
0 0.697536 0.141363 0.0502022 0.0374422
0 0.785414 0.52074 0.0765702 0.0556074
0 0.722868 0.594974 0.112508 0.0828296
0 0.605762 0.0384013 0.0724783 0.0553933
0 0.971903 0.0788428 0.0556786 0.0472888
0 0.795902 0.229898 0.041761 0.0306992
0 0.639633 0.0183192 0.0517412 0.0361972
0 0.254824 0.0606067 0.0574925 0.0422031
0 0.481411 0.284701 0.0643126 0.0525611
0 0.955153 0.714878 0.0327507 0.0268318
0 0.199509 0.852585 0.062075 0.0471127
0 0.386028 0.0801786 0.0437729 0.0332957
0 0.210267 0.55629 0.0411906 0.0314156
0 0.256783 0.00512247 0.0387566 0.0102449
0 0.969134 0.37369 0.0348896 0.0267931
0 0.809328 0.25835 0.0358979 0.0263341
0 0.66018 0.448259 0.031731 0.0236609
0 0.502563 0.160245 0.0372627 0.0273262
0 0.18149 0.765959 0.0351683 0.0266577
0 0.46548 0.111517 0.0492863 0.0392974
0 0.663589 0.105534 0.0594515 0.0454523
0 0.0402512 0.473646 0.0786674 0.0763968
0 0.922187 0.213242 0.0361004 0.0276157
0 0.842638 0.0190902 0.0579529 0.0381804
0 0.769132 0.210992 0.0396019 0.0288469
0 0.552652 0.162575 0.0592712 0.0450889
0 0.784006 0.147731 0.0433859 0.0324513
0 0.648427 0.497293 0.0697407 0.0554818
0 0.678194 0.256622 0.0344427 0.0261287
0 0.38518 0.0237173 0.0383358 0.0293165
0 0.927642 0.615631 0.072047 0.0504368
0 0.925433 0.280716 0.0277008 0.0222857
0 0.672238 0.00839404 0.0250998 0.0165266
0 0.750152 0.464232 0.0359968 0.0281263
