0 0.478508 0.500762 0.0515413 0.0427246
0 0.903412 0.275507 0.04645 0.0393796
0 0.814652 0.19273 0.0705236 0.0574241
0 0.76305 0.138102 0.375089 0.275903
0 0.408025 0.812026 0.0799505 0.0729162
0 0.0292843 0.936943 0.0371995 0.0336437
0 0.294636 0.947229 0.132185 0.105395
0 0.897151 0.212266 0.040596 0.0361107
0 0.116687 0.184745 0.0282928 0.0262359
0 0.978393 0.806526 0.0414078 0.038554
0 0.608103 0.883188 0.0382604 0.0336731
0 0.70873 0.906549 0.0382049 0.0330858
0 0.6255 0.861104 0.0411304 0.0371761
0 0.829151 0.302854 0.033102 0.0281486
0 0.769116 0.583268 0.0294314 0.0262912
0 0.446132 0.947553 0.0544989 0.0483864
0 0.516964 0.741101 0.0318588 0.0281576
0 0.629347 0.540534 0.0352257 0.03218
0 0.697198 0.958468 0.0731701 0.0666018
0 0.541506 0.525789 0.026436 0.0232216
0 0.440915 0.645712 0.0468912 0.0399912
0 0.666488 0.983756 0.0686027 0.0323387
0 0.326309 0.82407 0.0705827 0.0657862
0 0.515231 0.982284 0.0622657 0.0347929
0 0.191258 0.764461 0.0330392 0.028863
