0 0.815268 0.354304 0.289854 0.272857
0 0.317921 0.66865 0.217875 0.188393
0 0.3937 0.0608292 0.157714 0.121658
0 0.817275 0.530828 0.0767971 0.063601
0 0.517371 0.8169 0.109507 0.0896789
0 0.451244 0.136591 0.126446 0.110312
0 0.65134 0.804291 0.0651846 0.0553611
0 0.844289 0.634584 0.0641905 0.0529322
0 0.378288 0.74909 0.0402521 0.0350481
0 0.384138 0.179777 0.0640525 0.0542427
0 0.491123 0.444316 0.0426399 0.0374903
0 0.808175 0.819012 0.0574409 0.0477613
0 0.307752 0.536742 0.0512014 0.0445957
0 0.410786 0.593181 0.0449173 0.038831
0 0.93029 0.0982583 0.0625774 0.0562193
0 0.111437 0.369483 0.0538311 0.0469684
0 0.43081 0.830458 0.0555216 0.047131
0 0.257459 0.0505105 0.0357159 0.0307189
0 0.427534 0.91067 0.0556535 0.0461563
0 0.0168212 0.487118 0.0334506 0.0380261
0 0.0891983 0.969299 0.0611833 0.0546471
0 0.452402 0.862606 0.0538017 0.0458359
0 0.559896 0.375977 0.515656 0.496305
0 0.778049 0.761265 0.0518654 0.044803
0 0.208676 0.31352 0.0465191 0.0399094
0 0.231482 0.10676 0.0371014 0.0314211
0 0.831521 0.139021 0.033205 0.0280437
0 0.295314 0.444528 0.0397562 0.0352531
0 0.26582 0.0858424 0.0536607 0.046834
0 0.181424 0.622659 0.0902367 0.0786209
0 0.774857 0.614954 0.0317389 0.0275799
0 0.906321 0.823867 0.0740417 0.0629313
0 0.338726 0.141805 0.0355506 0.0294133
0 0.768075 0.0902507 0.0361646 0.031618
0 0.347136 0.836647 0.123682 0.106004
0 0.718235 0.91392 0.0744473 0.0638428
0 0.0581313 0.990944 0.0595184 0.0179184
0 0.617728 0.986472 0.0407224 0.027056
0 0.164835 0.0872675 0.0323204 0.0269855
0 0.717075 0.0861583 0.0359634 0.0297377
0 0.51759 0.92381 0.0463787 0.0415176
0 0.942457 0.258532 0.0374268 0.0345837
0 0.896902 0.781395 0.03606 0.0315193
0 0.382608 0.933412 0.0302866 0.024868
0 0.98417 0.983613 0.0313637 0.0324619
0 0.843266 0.906181 0.0309 0.0272827
0 0.155427 0.756002 0.310103 0.363709
0 0.168621 0.670671 0.0295216 0.0262859
0 0.782228 0.962797 0.095901 0.0735228
0 0.619343 0.124307 0.026997 0.0239025
0 0.0330104 0.965696 0.0491004 0.0416134
0 0.28164 0.29941 0.124653 0.105691
0 0.40732 0.951488 0.0418932 0.0368385
0 0.846603 0.813201 0.0389004 0.0362291
0 0.319908 0.467738 0.0320143 0.0268703
0 0.666045 0.43916 0.0575674 0.0490086
0 0.0130896 0.392058 0.0261793 0.0322534
0 0.825124 0.754206 0.0459248 0.0383265
0 0.0119379 0.990863 0.0236657 0.0180073
0 0.102663 0.245127 0.0615097 0.0546169
0 0.233317 0.865525 0.116262 0.0988098
0 0.863692 0.770733 0.0319784 0.0283493
0 0.142721 0.520871 0.0339732 0.02903
0 0.0979462 0.433194 0.0284459 0.0268362
0 0.874198 0.195779 0.033066 0.0299681
