0 0.300555 0.772935 0.0546891 0.0436973
0 0.824986 0.404645 0.038269 0.033889
0 0.558586 0.718086 0.0356718 0.0316225
0 0.836171 0.886021 0.0391132 0.0296482
0 0.876436 0.904709 0.0464045 0.0355587
0 0.871046 0.125405 0.0397768 0.0318991
0 0.249937 0.913536 0.0327134 0.0281105
0 0.986578 0.754663 0.0264948 0.0378346
0 0.391251 0.2905 0.0362448 0.0291844
0 0.770269 0.457926 0.0372963 0.0329706
0 0.219933 0.707819 0.0280751 0.024037
0 0.149083 0.0272479 0.0336133 0.0290608
0 0.380657 0.15132 0.0277347 0.0236252
0 0.585544 0.141501 0.0312195 0.0257826
0 0.887672 0.383369 0.0309744 0.0256529
0 0.355497 0.578924 0.0309918 0.0267792
0 0.4429 0.230639 0.0395136 0.0317261
0 0.960363 0.177718 0.0355862 0.0313072
0 0.868312 0.303041 0.0362633 0.0330711
0 0.745987 0.0964302 0.0388613 0.031965
0 0.70313 0.107369 0.0288978 0.0247464
0 0.866383 0.556251 0.0318073 0.0265663
0 0.91439 0.8773 0.17122 0.214528
0 0.702417 0.855116 0.0554073 0.0455276
