0 0.033715 0.326899 0.0652806 0.0497554
0 0.161752 0.590159 0.0577032 0.0445112
0 0.544898 0.866471 0.0534632 0.0419836
0 0.127725 0.486994 0.0404991 0.0318231
0 0.522644 0.087788 0.0394314 0.0318308
0 0.0496025 0.527681 0.0421689 0.0329562
0 0.5333 0.0522239 0.0490341 0.0369447
0 0.588367 0.820071 0.0449217 0.0326368
0 0.253926 0.681411 0.0371367 0.0313288
0 0.673167 0.845175 0.0588404 0.0421963
0 0.784663 0.494989 0.0475158 0.0358931
0 0.421202 0.0146076 0.0389175 0.028064
0 0.751047 0.853452 0.0454612 0.0331299
0 0.900634 0.405166 0.0361795 0.0269729
0 0.032206 0.096607 0.0542774 0.0429923
0 0.0591457 0.448943 0.0334902 0.0275377
0 0.00689172 0.49901 0.0137629 0.034317
0 0.0768096 0.437689 0.0671403 0.0458881
0 0.40655 0.220075 0.0306122 0.0253124
0 0.146536 0.629241 0.0319133 0.0246135
0 0.409402 0.764656 0.0320241 0.0253313
0 0.396879 0.171832 0.0307692 0.0261476
0 0.539922 0.660241 0.0929066 0.071422
