0 0.659411 0.718143 0.279086 0.250236
0 0.138421 0.201165 0.138401 0.129506
0 0.556792 0.94454 0.117119 0.106889
0 0.833192 0.753584 0.0949696 0.0873779
0 0.951264 0.286063 0.0782013 0.0727356
0 0.606396 0.167918 0.0927373 0.0825973
0 0.257605 0.635491 0.0662454 0.0618423
0 0.219874 0.373837 0.0541316 0.0519094
0 0.486834 0.689549 0.0462827 0.0426708
0 0.90844 0.829921 0.106012 0.0973339
0 0.831512 0.0327803 0.0379593 0.034602
0 0.884348 0.412 0.0562248 0.0441842
0 0.6361 0.300342 0.0347731 0.0315243
0 0.742078 0.0141869 0.0353978 0.0283737
0 0.0159374 0.14165 0.0318749 0.0408773
0 0.137562 0.0299731 0.0614312 0.0565643
0 0.076916 0.137514 0.0508417 0.0467521
0 0.249865 0.314187 0.0440669 0.0398043
0 0.933916 0.898294 0.095277 0.0865015
0 0.974383 0.680115 0.050988 0.072187
0 0.3498 0.766741 0.0626784 0.0577275
0 0.861293 0.222484 0.030637 0.0278632
0 0.783848 0.379593 0.0318583 0.0278462
0 0.984484 0.748458 0.0307713 0.0724521
0 0.314007 0.363062 0.0349199 0.0330188
0 0.07987 0.279884 0.0446136 0.0413058
0 0.398298 0.283742 0.0809 0.0771932
0 0.326474 0.295067 0.0509064 0.0498994
0 0.184348 0.340637 0.0304612 0.028465
0 0.582934 0.815852 0.0544558 0.0491211
0 0.756452 0.16913 0.0335346 0.03163
0 0.530717 0.169253 0.0411884 0.0375642
0 0.317816 0.16059 0.0337694 0.031576
0 0.979601 0.632115 0.0407421 0.0435613
0 0.278916 0.5065 0.0441792 0.0377081
0 0.047781 0.659626 0.0954453 0.0976042
0 0.48901 0.252346 0.0762672 0.07102
0 0.22405 0.226012 0.0581545 0.0557704
0 0.441874 0.0964236 0.0720469 0.0661129
0 0.80503 0.441103 0.0279478 0.0250442
0 0.34413 0.144498 0.0320371 0.0300898
0 0.139094 0.519683 0.0502479 0.0446615
0 0.908632 0.487762 0.0266304 0.0243839
0 0.367882 0.985774 0.109721 0.0283318
0 0.1415 0.585941 0.0302847 0.0276199
0 0.261319 0.380766 0.0288269 0.0286847
0 0.5125 0.616378 0.0252724 0.0251242
0 0.00710555 0.352325 0.0142111 0.0441601
0 0.378144 0.294867 0.0288341 0.027024
