0 0.719963 0.300231 0.0414026 0.0401075
0 0.417706 0.876059 0.0381817 0.0365692
0 0.102652 0.109592 0.0343988 0.0304283
0 0.551463 0.102344 0.0374794 0.0364187
0 0.387196 0.488197 0.0337423 0.0328672
0 0.13816 0.314779 0.0300162 0.030286
0 0.414701 0.33186 0.0295162 0.0289159
0 0.291953 0.976685 0.13189 0.0464321
0 0.617756 0.845419 0.0709599 0.0669245
0 0.0810076 0.35615 0.0265612 0.0254217
0 0.07068 0.334152 0.0246038 0.0240526
0 0.367705 0.0309483 0.127046 0.0617029
0 0.384174 0.816717 0.0257016 0.025034
0 0.551855 0.639894 0.0252049 0.0244522
0 0.105029 0.343293 0.0278136 0.0284405
