0 0.540377 0.253671 0.108982 0.0835971
0 0.261211 0.334259 0.0703379 0.0574933
0 0.807402 0.905806 0.0988469 0.0788548
0 0.383321 0.594068 0.0714453 0.0562087
0 0.958458 0.632634 0.0830846 0.094549
0 0.192226 0.224336 0.0334686 0.0263584
0 0.953681 0.859632 0.049263 0.0377762
0 0.796083 0.972554 0.0847106 0.0548928
0 0.79014 0.0191014 0.0665379 0.0376011
0 0.736832 0.015118 0.0380517 0.028335
0 0.700447 0.078404 0.148437 0.0991376
0 0.863919 0.967445 0.0327847 0.0256203
0 0.554571 0.600059 0.0442619 0.0339241
0 0.903688 0.984962 0.0443304 0.029475
0 0.63804 0.720787 0.120302 0.100026
0 0.798851 0.152066 0.0544091 0.039846
0 0.697716 0.831495 0.0433254 0.034066
0 0.879375 0.0634936 0.0309757 0.0236789
0 0.914484 0.145588 0.0710686 0.0546307
0 0.890282 0.855155 0.057275 0.0425024
0 0.912585 0.563261 0.174121 0.159984
