0 0.374515 0.52441 0.125309 0.120814
0 0.923 0.660102 0.0610731 0.0597296
0 0.128108 0.821682 0.0719479 0.0718843
0 0.676287 0.719462 0.0597722 0.0589319
0 0.431012 0.325864 0.053451 0.0518937
0 0.0807086 0.70045 0.0642442 0.0645443
0 0.580786 0.619092 0.0475368 0.045838
0 0.692763 0.901667 0.0502717 0.0498455
0 0.135581 0.26685 0.0335584 0.0331434
0 0.848334 0.327209 0.0362703 0.0359906
0 0.71512 0.412192 0.0472754 0.0461404
0 0.171795 0.346019 0.0448554 0.044563
0 0.585609 0.499478 0.0462394 0.0458076
0 0.221434 0.360119 0.0444332 0.0439495
0 0.0964862 0.962917 0.053284 0.0524771
0 0.024037 0.350207 0.0478837 0.0554804
0 0.751634 0.649852 0.0373657 0.0369373
0 0.340052 0.747568 0.0340868 0.032929
0 0.178889 0.86098 0.0376144 0.036755
0 0.7689 0.524595 0.0445213 0.0438717
0 0.104118 0.524935 0.0357408 0.0340986
0 0.751666 0.468693 0.0515247 0.0507975
0 0.404202 0.600392 0.0498298 0.0489387
0 0.697642 0.161277 0.0611671 0.0610995
0 0.167632 0.450606 0.0347069 0.0331198
0 0.445475 0.676141 0.0315446 0.0307097
0 0.921344 0.351365 0.0394272 0.0390315
0 0.581564 0.469565 0.0352276 0.0342561
0 0.387419 0.0735969 0.0401031 0.039283
0 0.132126 0.422005 0.069528 0.069591
0 0.487829 0.231673 0.0300692 0.0302207
0 0.885802 0.918854 0.0640621 0.0647837
0 0.277063 0.780784 0.0470429 0.0447384
0 0.309232 0.630091 0.0341917 0.0324576
0 0.315146 0.388533 0.0324194 0.0307809
0 0.049146 0.381879 0.042598 0.041509
0 0.496475 0.272457 0.0300068 0.029265
0 0.138777 0.166731 0.0459283 0.0462974
0 0.867727 0.579745 0.0383541 0.0370116
0 0.646021 0.809618 0.0318329 0.0305803
0 0.321653 0.452934 0.0292614 0.0298429
0 0.104785 0.393099 0.0345517 0.034433
0 0.0150174 0.415334 0.0283075 0.0293243
0 0.106563 0.368403 0.0327382 0.0325043
0 0.668781 0.0112094 0.0357272 0.0224189
0 0.24995 0.875094 0.0312032 0.0301338
0 0.366759 0.900856 0.0607963 0.0577168
0 0.283453 0.369726 0.0272032 0.0276501
0 0.745649 0.057581 0.0279388 0.0270236
0 0.741242 0.0246791 0.0361713 0.0345004
0 0.559072 0.880515 0.0408443 0.0397022
0 0.796363 0.497048 0.0532558 0.0520209
0 0.989251 0.606997 0.0214983 0.030933
0 0.804756 0.0983045 0.0817501 0.0798543
0 0.822267 0.0131592 0.0465796 0.0263185
0 0.383605 0.820069 0.0567394 0.0585957
0 0.803651 0.982624 0.047459 0.0347523
0 0.898318 0.834058 0.042231 0.0413273
0 0.98788 0.744354 0.0242394 0.0346637
0 0.210915 0.428782 0.0430332 0.042514
0 0.51745 0.479794 0.0269959 0.0267498
0 0.991622 0.653619 0.0167568 0.0424571
0 0.992947 0.983644 0.0137449 0.0327127
0 0.315282 0.691668 0.100041 0.0969774
0 0.711509 0.942459 0.0361414 0.0352119
0 0.985729 0.717299 0.0264553 0.0248392
0 0.342564 0.835671 0.029515 0.0296259
0 0.00609295 0.603841 0.0121859 0.0494955
0 0.763345 0.814601 0.0315611 0.0310843
0 0.253128 0.0759402 0.0352799 0.0330367
0 0.445057 0.967632 0.025209 0.0240902
0 0.530445 0.385124 0.0399292 0.0389925
0 0.212344 0.850322 0.0277222 0.027026
0 0.550534 0.536569 0.0273945 0.0266781
0 0.151453 0.979323 0.0723873 0.0409939
0 0.445277 0.397058 0.027663 0.0268375
0 0.280759 0.0527604 0.0388986 0.0355873
0 0.561273 0.19552 0.0440207 0.044982
0 0.0332791 0.680594 0.0356038 0.0353704
0 0.591572 0.935675 0.0442158 0.0444294
0 0.959303 0.0486257 0.0813938 0.0972514
0 0.899491 0.0862744 0.0876797 0.0854981
0 0.652101 0.370589 0.0313804 0.0295999
0 0.216357 0.991031 0.039597 0.0178665
