0 0.577644 0.0445951 0.136411 0.0889157
0 0.164666 0.30958 0.0623171 0.046486
0 0.328359 0.658188 0.0397379 0.0292749
0 0.157663 0.716997 0.048482 0.0381748
0 0.978282 0.12392 0.0432707 0.040159
0 0.130805 0.279632 0.0396461 0.0281289
0 0.0385616 0.358789 0.0399169 0.028318
0 0.561842 0.355029 0.0493 0.0385107
0 0.382761 0.29495 0.0939672 0.0714906
0 0.156042 0.380478 0.0356299 0.0257954
0 0.677094 0.690995 0.0415718 0.0296675
0 0.516036 0.207801 0.0844631 0.0639676
0 0.804794 0.184995 0.0498308 0.0383872
0 0.878735 0.278411 0.0631958 0.0503285
0 0.452601 0.282388 0.0821761 0.0646505
0 0.675325 0.569863 0.119313 0.0901831
0 0.0372598 0.781439 0.041949 0.0313812
0 0.185212 0.959314 0.0466731 0.0315258
0 0.0225401 0.412337 0.0413466 0.029713
0 0.969108 0.394023 0.0557459 0.0437542
0 0.515549 0.527426 0.0473127 0.0321371
0 0.769769 0.651594 0.0403481 0.0326469
0 0.131676 0.993825 0.0372298 0.0122721
0 0.902177 0.923458 0.0316586 0.0254684
0 0.954239 0.310777 0.0312016 0.0260207
0 0.171065 0.749968 0.0499019 0.0366903
0 0.799002 0.0505061 0.0517309 0.0440866
0 0.476597 0.603556 0.0418285 0.0334769
0 0.605474 0.202786 0.0491509 0.0389179
0 0.562905 0.18505 0.0528433 0.0419097
0 0.178718 0.624977 0.0303782 0.0227715
0 0.971778 0.284543 0.0340714 0.0282636
0 0.649896 0.882108 0.0450532 0.0342245
0 0.411518 0.738958 0.0308338 0.0237227
0 0.968999 0.916115 0.0620029 0.0657703
0 0.633676 0.125953 0.116063 0.0976915
0 0.465383 0.743605 0.0308826 0.0228777
0 0.524817 0.580707 0.0860399 0.0641453
0 0.857568 0.880915 0.0337275 0.02596
0 0.912133 0.313057 0.0444824 0.0362496
0 0.865104 0.641736 0.0294991 0.0239549
