0 0.421682 0.763134 0.217055 0.180167
0 0.437365 0.491022 0.180538 0.147459
0 0.0348611 0.94247 0.0697222 0.0690502
0 0.624276 0.0848007 0.229514 0.169489
0 0.795146 0.0158924 0.0505877 0.031237
0 0.721 0.852475 0.510718 0.29505
0 0.32502 0.271653 0.0645917 0.0577268
0 0.825897 0.419809 0.0336082 0.0266004
0 0.475519 0.605341 0.10871 0.0959581
0 0.0882746 0.439099 0.0359746 0.0306761
0 0.285962 0.810083 0.0672913 0.0531837
0 0.128553 0.947075 0.0537993 0.0428589
0 0.773555 0.607026 0.0366407 0.0328417
0 0.952226 0.22602 0.0955482 0.0994534
0 0.234148 0.292605 0.124949 0.110766
