0 0.502793 0.637001 0.105478 0.105088
0 0.762192 0.655075 0.0913994 0.0894242
0 0.884995 0.342025 0.10461 0.0996179
0 0.607864 0.674494 0.0813837 0.0784974
0 0.196625 0.756838 0.146614 0.140834
0 0.66147 0.892722 0.302175 0.214327
0 0.827724 0.273394 0.0765361 0.0727146
0 0.880651 0.830818 0.0725018 0.0686636
0 0.666015 0.747974 0.0445854 0.0434887
0 0.654615 0.551889 0.0440378 0.0431364
0 0.62713 0.10173 0.0743727 0.074185
0 0.871346 0.415693 0.0575356 0.0544445
0 0.953826 0.182665 0.0385941 0.0359971
0 0.0606171 0.863674 0.12092 0.171304
0 0.147406 0.953801 0.0481788 0.0465919
0 0.143528 0.710818 0.0579078 0.0566566
0 0.85467 0.468186 0.0445759 0.0425108
0 0.753283 0.594199 0.0610064 0.0584716
0 0.718736 0.20765 0.0555146 0.054745
0 0.0652358 0.989281 0.0466797 0.0211773
0 0.441208 0.956293 0.0644535 0.0616217
0 0.601839 0.214887 0.0314728 0.0296405
0 0.632209 0.0509186 0.029545 0.0275386
0 0.0582584 0.765388 0.0654459 0.0620142
0 0.820917 0.16935 0.034409 0.0329237
0 0.429192 0.651174 0.0497614 0.0475563
0 0.7689 0.260577 0.0455967 0.0433878
0 0.157224 0.420688 0.0359828 0.0351498
0 0.579266 0.448114 0.0543207 0.0535676
0 0.37684 0.0385092 0.0519495 0.0489876
0 0.244013 0.902955 0.038223 0.0385103
0 0.483919 0.44586 0.181552 0.17689
0 0.264019 0.674648 0.0766171 0.0710513
0 0.370396 0.754768 0.0663687 0.0642242
0 0.368388 0.711596 0.0649587 0.0649403
0 0.136113 0.445264 0.0453567 0.0443722
0 0.300128 0.565531 0.0531011 0.0497326
0 0.218218 0.334436 0.0372525 0.0384051
0 0.721458 0.399254 0.0953868 0.0900129
0 0.891992 0.915675 0.216015 0.168233
0 0.445306 0.606703 0.0384929 0.0380418
0 0.239936 0.551236 0.0521181 0.0489817
0 0.652352 0.229557 0.0296825 0.0297212
0 0.530342 0.414784 0.0455761 0.0436968
0 0.418908 0.99382 0.0258039 0.0123606
0 0.75798 0.235033 0.0527788 0.0523344
0 0.409465 0.991954 0.049778 0.0160913
0 0.170686 0.661806 0.0516947 0.0528399
0 0.905379 0.51233 0.0387035 0.037938
0 0.169248 0.156792 0.0282832 0.0278775
0 0.575123 0.398667 0.0257487 0.0246041
0 0.207588 0.389276 0.0288286 0.0274455
0 0.11501 0.985423 0.0356181 0.0291267
0 0.212435 0.59953 0.0605749 0.0616453
0 0.73885 0.00622376 0.0377994 0.0123523
0 0.026208 0.715335 0.0518764 0.0539676
0 0.646438 0.178144 0.0363728 0.0349654
0 0.369884 0.847774 0.120648 0.117207
0 0.565509 0.113432 0.221089 0.220426
0 0.145076 0.829859 0.0259417 0.0241312
