0 0.386564 0.907967 0.104172 0.10062
0 0.930745 0.206839 0.0377777 0.0362729
0 0.231818 0.696829 0.0403528 0.0392632
0 0.593578 0.220473 0.0353308 0.0346065
0 0.986752 0.655654 0.0264957 0.0308099
0 0.119848 0.329866 0.0335809 0.0317883
0 0.306024 0.932359 0.0295347 0.0283596
0 0.770456 0.485078 0.0304414 0.0289331
0 0.687552 0.280422 0.0374832 0.0355572
0 0.897734 0.70395 0.0285406 0.0273358
0 0.496235 0.940988 0.0327587 0.0308411
0 0.74746 0.0690913 0.030784 0.0302229
0 0.20703 0.86551 0.0351272 0.0333878
0 0.572732 0.941418 0.0406602 0.0396923
0 0.873243 0.983584 0.0280739 0.0285583
0 0.156392 0.931841 0.0320928 0.031554
0 0.548525 0.928381 0.0377695 0.0364399
0 0.248261 0.863661 0.0392067 0.0393427
0 0.395123 0.559887 0.0298292 0.0290795
0 0.360716 0.775809 0.0324011 0.0312841
0 0.940392 0.57913 0.0265926 0.0251169
0 0.513973 0.902621 0.0559902 0.0558842
0 0.694058 0.62584 0.0381388 0.0370543
0 0.608211 0.171365 0.0276314 0.0265383
0 0.686354 0.84485 0.0297829 0.0297804
0 0.537651 0.320024 0.0263731 0.0255526
0 0.0868577 0.315652 0.029074 0.028493
0 0.665653 0.352896 0.0262973 0.025592
0 0.462656 0.925556 0.0435099 0.0423889
0 0.886542 0.243366 0.0315815 0.0319447
0 0.190296 0.75457 0.0362442 0.0344017
0 0.572064 0.825595 0.0327522 0.0303709
0 0.610337 0.615862 0.0286667 0.0280995
0 0.580818 0.612241 0.0269958 0.0260025
0 0.311866 0.896156 0.0308475 0.0309698
0 0.407674 0.95942 0.0267693 0.0254208
0 0.675656 0.248167 0.0282692 0.0272796
0 0.414839 0.654746 0.0265591 0.0269203
