0 0.450627 0.0728932 0.0859354 0.0700432
0 0.418566 0.4546 0.356836 0.250001
0 0.342343 0.638429 0.0562367 0.0449867
0 0.377451 0.0608086 0.0616405 0.0462695
0 0.466814 0.629275 0.0517571 0.0396256
0 0.0188864 0.737827 0.0374766 0.0347464
0 0.746996 0.459534 0.063044 0.0462858
0 0.177241 0.723303 0.0543083 0.0408022
0 0.0508777 0.796867 0.0506067 0.0405767
0 0.863375 0.146904 0.0591564 0.0426301
0 0.606175 0.608157 0.0421344 0.0316194
0 0.112901 0.930385 0.0421117 0.0340431
0 0.0283639 0.566466 0.0367458 0.0277113
0 0.350786 0.83506 0.0363264 0.0273327
0 0.643403 0.521517 0.0966871 0.0724773
0 0.132207 0.244448 0.16498 0.13051
0 0.12573 0.506619 0.251459 0.242643
0 0.112373 0.958339 0.0326226 0.0272213
0 0.36895 0.0116658 0.0904584 0.0233316
0 0.534173 0.59581 0.034215 0.0265852
0 0.0461669 0.660403 0.0431309 0.0329624
0 0.181395 0.0318099 0.0304762 0.0251013
0 0.318888 0.21339 0.0447934 0.0332333
0 0.178283 0.466609 0.0325903 0.0255877
0 0.351145 0.558462 0.0331372 0.02707
0 0.596969 0.0855681 0.0301775 0.0239092
0 0.0608697 0.434548 0.0338503 0.0277437
0 0.854296 0.809483 0.0312439 0.0249395
0 0.590831 0.93773 0.0841977 0.0614704
0 0.579249 0.280401 0.0602182 0.0470903
0 0.774617 0.300093 0.0315089 0.0241385
0 0.736224 0.577028 0.0316409 0.0243734
0 0.301074 0.400266 0.031795 0.0251344
0 0.120937 0.816939 0.0330856 0.0255871
0 0.319373 0.663923 0.0321249 0.0239475
0 0.795832 0.888578 0.0512776 0.0410215
0 0.787365 0.191448 0.0436068 0.0338366
0 0.983474 0.261524 0.032716 0.0374129
0 0.950626 0.491993 0.094972 0.0748286
0 0.805313 0.734955 0.101338 0.0878532
0 0.829935 0.582245 0.0429626 0.0345501
0 0.679703 0.614227 0.0805933 0.0662058
0 0.898942 0.302752 0.0587358 0.0403893
0 0.219685 0.788541 0.09134 0.0730694
0 0.293066 0.575963 0.0291761 0.0235915
0 0.473269 0.344123 0.0387806 0.0290108
0 0.393189 0.317619 0.0671757 0.0503227
