0 0.471266 0.318525 0.0459688 0.037092
0 0.924883 0.802085 0.0576109 0.0443134
0 0.167249 0.623341 0.124973 0.102054
0 0.711148 0.0126759 0.0360163 0.024968
0 0.583575 0.982814 0.0504017 0.0332329
0 0.284448 0.538603 0.0628463 0.0477472
0 0.572773 0.628272 0.0366138 0.0295565
0 0.925567 0.0233201 0.0571777 0.0445641
0 0.764308 0.681959 0.036189 0.0278554
0 0.145174 0.164286 0.0317089 0.0278921
0 0.384588 0.614594 0.0439896 0.0319148
0 0.522129 0.869723 0.0361326 0.0278261
0 0.25465 0.714869 0.0344627 0.0262048
0 0.880511 0.0826031 0.0317299 0.0274154
0 0.262619 0.0177012 0.0294667 0.0265597
0 0.393391 0.956277 0.0320639 0.0250673
0 0.116789 0.347382 0.0358122 0.028496
0 0.375046 0.213698 0.126709 0.107088
0 0.569032 0.512203 0.0309423 0.0247891
0 0.721937 0.040963 0.0287399 0.0259871
0 0.061925 0.185496 0.0711044 0.0603868
0 0.0348893 0.367152 0.0697785 0.0766579
0 0.0954856 0.588783 0.0293877 0.0236516
