0 0.210971 0.357641 0.283784 0.274817
0 0.15585 0.376019 0.0952409 0.0877098
0 0.0776503 0.638569 0.0620252 0.0568072
0 0.577012 0.938635 0.157524 0.12273
0 0.286597 0.697299 0.0999765 0.0878273
0 0.865827 0.559601 0.0356922 0.0333134
0 0.739509 0.986605 0.0392599 0.0267904
0 0.63616 0.253839 0.142579 0.134399
0 0.603984 0.676743 0.0358957 0.0314339
0 0.958559 0.986778 0.0413456 0.0264437
0 0.876993 0.838947 0.188594 0.174461
0 0.713088 0.0924099 0.386757 0.184037
0 0.744223 0.602378 0.0335835 0.0308157
0 0.40611 0.551735 0.0336647 0.0300072
0 0.7537 0.353812 0.0346083 0.0312696
0 0.715589 0.837405 0.030425 0.0275452
0 0.415486 0.286176 0.0326996 0.0310922
0 0.110111 0.0126502 0.087162 0.0253005
0 0.710566 0.324115 0.0397308 0.0373791
0 0.88852 0.690829 0.110117 0.103381
0 0.481817 0.0254744 0.0443596 0.0420618
0 0.23889 0.67941 0.0303203 0.0293302
0 0.602761 0.831218 0.0366577 0.0338703
0 0.814371 0.973539 0.105155 0.0529227
0 0.749597 0.562691 0.0430637 0.0398979
0 0.541719 0.135438 0.0309602 0.0274559
0 0.434503 0.0615949 0.0297273 0.0268965
0 0.348127 0.596785 0.0586346 0.0530333
