0 0.584515 0.13224 0.0782698 0.0715131
0 0.504486 0.54668 0.0909702 0.081187
0 0.532406 0.258546 0.05467 0.0496305
0 0.157094 0.940106 0.0678692 0.0639784
0 0.0754748 0.777497 0.11918 0.110643
0 0.856905 0.849788 0.0430651 0.0407726
0 0.508843 0.135856 0.0339125 0.0308219
0 0.320757 0.722201 0.0437585 0.0407925
0 0.248606 0.936957 0.0342957 0.0320892
0 0.869384 0.222617 0.033725 0.0312304
0 0.195997 0.0697942 0.0344202 0.0310437
0 0.379423 0.777823 0.0360401 0.0326879
0 0.258142 0.328199 0.0466068 0.0419898
0 0.191819 0.635657 0.049185 0.0454998
0 0.172114 0.426948 0.344227 0.37335
0 0.907986 0.6752 0.0379223 0.0350945
0 0.220907 0.857737 0.0317361 0.028968
0 0.132508 0.899508 0.0514161 0.0454388
0 0.79283 0.6602 0.0309511 0.0285912
0 0.733416 0.403676 0.0328417 0.0293588
0 0.853031 0.82155 0.0628818 0.0586853
0 0.439811 0.688093 0.0596867 0.0552912
0 0.868571 0.691558 0.0464897 0.043564
0 0.684984 0.761837 0.0331644 0.0304083
0 0.953315 0.406289 0.0595253 0.0575727
0 0.955757 0.682275 0.0504536 0.0486892
0 0.784623 0.968689 0.0285224 0.0273966
0 0.436924 0.633157 0.0501537 0.0503452
0 0.484825 0.682148 0.0378019 0.0356408
0 0.265839 0.713787 0.0311406 0.0286934
0 0.783499 0.760969 0.0662897 0.0633064
0 0.303933 0.791222 0.0374319 0.0350275
0 0.614862 0.735458 0.0274046 0.0259857
0 0.349584 0.886543 0.029117 0.027351
0 0.912494 0.868535 0.0284702 0.0264488
0 0.564801 0.778325 0.0377627 0.0352125
0 0.297001 0.61468 0.0411106 0.038059
0 0.530338 0.320341 0.0293043 0.0281715
0 0.222126 0.947259 0.0257863 0.0229956
0 0.942617 0.633666 0.046883 0.0423964
0 0.275234 0.641804 0.0506644 0.0464947
0 0.0307292 0.0245889 0.0614584 0.0491778
0 0.058869 0.938888 0.117738 0.121629
0 0.660153 0.530645 0.0293171 0.0269854
