0 0.469647 0.0496268 0.104732 0.0992536
0 0.0630949 0.260603 0.0605237 0.0595929
0 0.667264 0.560608 0.063542 0.0620741
0 0.145163 0.263171 0.0360029 0.0351023
0 0.253326 0.469672 0.0299585 0.0292681
0 0.57749 0.672563 0.0301703 0.0292864
0 0.176142 0.236977 0.0367408 0.036054
0 0.364239 0.220758 0.0510699 0.0489873
0 0.822802 0.404227 0.0314938 0.0306901
0 0.0201948 0.110015 0.0403182 0.154709
0 0.693131 0.0763355 0.0407238 0.0391581
0 0.617443 0.824253 0.036792 0.0343369
0 0.482004 0.778034 0.0283684 0.0282776
0 0.644483 0.687192 0.0725485 0.0688376
0 0.835281 0.436027 0.0268677 0.0264837
0 0.610936 0.232296 0.0324389 0.0311798
0 0.538476 0.0615529 0.0417455 0.0409203
0 0.616645 0.10859 0.0814833 0.0807054
0 0.411331 0.654819 0.0697694 0.0684381
0 0.805806 0.66045 0.0366076 0.034726
0 0.421365 0.777018 0.06247 0.065006
0 0.715166 0.947459 0.0316896 0.030517
0 0.237475 0.221325 0.0526753 0.0506132
0 0.643274 0.0571882 0.0613654 0.0609526
0 0.497908 0.754326 0.0297521 0.0328476
0 0.118792 0.086102 0.0388601 0.0386283
