0 0.839963 0.373027 0.211212 0.159269
0 0.684301 0.748306 0.48791 0.362764
0 0.641753 0.278426 0.15173 0.114564
0 0.0393794 0.313432 0.0787588 0.0791011
0 0.111507 0.377911 0.0487905 0.0369023
0 0.490196 0.510888 0.238825 0.184824
0 0.921439 0.953945 0.0539715 0.0396107
0 0.212536 0.863767 0.0420678 0.0322971
0 0.201923 0.667825 0.26301 0.183732
0 0.225619 0.796314 0.0488239 0.0368044
0 0.0356965 0.807696 0.0713931 0.0763206
0 0.880888 0.987384 0.0454895 0.0250088
0 0.377038 0.894717 0.0426543 0.0320452
0 0.744763 0.0519275 0.247697 0.103802
0 0.935675 0.067965 0.12865 0.132459
0 0.130267 0.58183 0.0401446 0.029883
0 0.0500891 0.458569 0.0321122 0.0258162
0 0.0189049 0.391042 0.0377383 0.03294
0 0.53759 0.496302 0.042507 0.03039
0 0.602379 0.931809 0.0539289 0.0402925
0 0.701446 0.120149 0.0557869 0.0402241
0 0.352881 0.226897 0.036437 0.0274187
0 0.952881 0.875671 0.0445145 0.0338764
0 0.347349 0.287868 0.0366352 0.0295633
0 0.35136 0.757984 0.112424 0.0857188
0 0.356356 0.44895 0.149325 0.123845
0 0.864243 0.957402 0.045908 0.0365513
0 0.972137 0.902775 0.0427452 0.0332844
0 0.196358 0.737201 0.1261 0.0979126
0 0.0779718 0.266694 0.0352336 0.0257795
0 0.136861 0.253649 0.0667956 0.0477614
0 0.892917 0.200712 0.0666199 0.053311
0 0.096358 0.855846 0.082797 0.0631771
0 0.243114 0.0897018 0.202633 0.154118
0 0.467556 0.988656 0.0405878 0.0226871
0 0.08911 0.168427 0.0863901 0.0654475
0 0.0429634 0.23925 0.0859269 0.106697
0 0.986677 0.666142 0.0258892 0.0240817
0 0.03395 0.363605 0.0284877 0.0241818
0 0.0281798 0.160456 0.048626 0.0403293
0 0.0974302 0.951932 0.116872 0.0945103
0 0.879255 0.931556 0.0405237 0.0303284
0 0.0256064 0.909865 0.0512128 0.173218
