0 0.394178 0.602907 0.0491134 0.0443503
0 0.574551 0.353881 0.0707682 0.0630857
0 0.619446 0.480682 0.252462 0.238428
0 0.189986 0.0531012 0.0615388 0.0579641
0 0.683804 0.514107 0.0607109 0.0556799
0 0.708139 0.752791 0.293145 0.284921
0 0.273576 0.280394 0.0349624 0.0330058
0 0.265222 0.108572 0.050655 0.0470741
0 0.417627 0.913382 0.0704794 0.0628326
0 0.185572 0.887757 0.0429859 0.0397873
0 0.836565 0.585155 0.0494043 0.0454714
0 0.211149 0.498312 0.0371537 0.0326975
0 0.899574 0.530145 0.0379038 0.0349165
0 0.287503 0.0756336 0.0534987 0.0515848
0 0.660538 0.0970783 0.0335806 0.0310819
0 0.597413 0.268418 0.0786255 0.0712915
0 0.607325 0.318311 0.0384353 0.0342284
0 0.0195823 0.708246 0.0367181 0.035002
0 0.627182 0.981667 0.0617241 0.0366656
0 0.364881 0.860827 0.0374141 0.0352848
0 0.86231 0.750094 0.0602421 0.0546815
0 0.281826 0.027316 0.0816967 0.054632
0 0.910158 0.564238 0.0477024 0.0444988
0 0.590002 0.836709 0.0573456 0.0490608
0 0.108488 0.0814468 0.0306428 0.0286489
0 0.0907437 0.429425 0.0337178 0.0318915
0 0.249067 0.754517 0.0454202 0.0422042
0 0.774397 0.473638 0.149584 0.136993
0 0.423824 0.836711 0.0344798 0.0311852
0 0.97629 0.958266 0.0471294 0.0740761
0 0.885685 0.0425013 0.0325321 0.0315681
0 0.333044 0.0958588 0.0400687 0.0356748
0 0.411678 0.70823 0.0299005 0.0281846
0 0.18383 0.733158 0.0317082 0.0293823
0 0.0445147 0.892426 0.0531214 0.049033
0 0.715155 0.87562 0.0637257 0.0581343
0 0.845226 0.548287 0.0789007 0.0711306
0 0.988476 0.599801 0.0230473 0.0351648
0 0.939943 0.939605 0.0373161 0.0345123
0 0.724523 0.202769 0.0426891 0.0384136
0 0.406209 0.786215 0.040324 0.0334513
0 0.0462541 0.962786 0.0355274 0.033534
0 0.023936 0.0172245 0.0449883 0.0344489
0 0.112736 0.991825 0.0358137 0.0163496
0 0.632183 0.913069 0.0338771 0.0295813
0 0.0132514 0.0938661 0.0264153 0.0408062
0 0.224202 0.256559 0.0291689 0.0286033
0 0.0461935 0.137689 0.0923869 0.111263
0 0.448202 0.494788 0.055259 0.0491432
0 0.182973 0.633709 0.0330839 0.030179
0 0.841307 0.492344 0.0279709 0.0267625
0 0.471366 0.608223 0.0274841 0.0260015
0 0.474034 0.320033 0.0292973 0.0277431
0 0.29685 0.546157 0.0289445 0.0270742
0 0.652742 0.689293 0.0270394 0.0261113
0 0.903947 0.774208 0.0527067 0.0479179
0 0.424599 0.730165 0.0329651 0.0309656
0 0.287049 0.528486 0.0293236 0.025609
0 0.7653 0.404056 0.0648083 0.0591942
0 0.67488 0.866088 0.0964783 0.0815374
0 0.320644 0.181816 0.0293045 0.0275743
0 0.952847 0.542199 0.0292507 0.0272957
0 0.0939291 0.629118 0.18745 0.190595
0 0.941385 0.882501 0.0494465 0.0447371
0 0.373295 0.827632 0.0317151 0.0304832
