0 0.151464 0.330238 0.098355 0.0762291
0 0.137065 0.609731 0.272354 0.21469
0 0.542777 0.138038 0.237729 0.179439
0 0.0631985 0.735799 0.108197 0.0804567
0 0.580866 0.4954 0.0487806 0.0382796
0 0.278537 0.221892 0.221968 0.168002
0 0.356881 0.296524 0.0488279 0.0377101
0 0.800218 0.72137 0.0564712 0.0418587
0 0.739379 0.419108 0.0478379 0.0359842
0 0.773969 0.525965 0.0459764 0.0357895
0 0.236385 0.807047 0.158955 0.120209
0 0.423074 0.892301 0.290609 0.215398
0 0.0646816 0.106975 0.0360225 0.0276839
0 0.468904 0.0264631 0.0530199 0.0402704
0 0.94151 0.283867 0.116981 0.104422
0 0.357433 0.116671 0.0898679 0.0699823
0 0.71413 0.953102 0.0379605 0.0289715
0 0.369146 0.369755 0.0385946 0.0290803
0 0.176328 0.242694 0.171321 0.129783
0 0.103767 0.0483052 0.0353476 0.0275367
0 0.145807 0.545832 0.0369728 0.0279469
0 0.362433 0.683671 0.0434526 0.0341953
0 0.454895 0.589466 0.0411514 0.0291318
0 0.861708 0.706622 0.0426384 0.030159
0 0.77773 0.426645 0.0368153 0.0269615
0 0.537442 0.837555 0.0729397 0.0626965
0 0.167412 0.85367 0.334824 0.292661
0 0.732058 0.700686 0.108806 0.0748913
0 0.12433 0.824384 0.042732 0.0340992
0 0.431204 0.166359 0.120195 0.0965516
