0 0.604897 0.641126 0.0636667 0.0489563
0 0.932594 0.176378 0.051458 0.037712
0 0.107092 0.884543 0.2141 0.184299
0 0.752065 0.700251 0.0669725 0.048522
0 0.381392 0.294734 0.0383111 0.0275287
0 0.760185 0.789375 0.0497971 0.0372108
0 0.30466 0.60887 0.0562098 0.0445625
0 0.703815 0.394994 0.282338 0.221902
0 0.413258 0.896158 0.381952 0.2076
0 0.222903 0.948182 0.0602987 0.0490814
0 0.281325 0.713302 0.0379861 0.0308567
0 0.878383 0.205298 0.098856 0.0723484
0 0.36823 0.653931 0.114141 0.0924105
0 0.0133669 0.943961 0.0265588 0.038796
0 0.550818 0.479826 0.103682 0.0833452
0 0.160167 0.526686 0.0475774 0.036627
0 0.438837 0.421301 0.0345895 0.0271016
0 0.72466 0.0140767 0.032 0.0267188
0 0.954093 0.445805 0.0519844 0.0410737
0 0.97254 0.190211 0.0544907 0.0701891
0 0.0943112 0.171762 0.163007 0.112019
0 0.988235 0.332558 0.0231216 0.0416046
0 0.990673 0.423187 0.0186548 0.0458603
