0 0.756724 0.433814 0.238728 0.231997
0 0.907346 0.790048 0.0819084 0.0788349
0 0.328192 0.889926 0.0546515 0.0532002
0 0.864308 0.0620301 0.134359 0.121916
0 0.976274 0.915071 0.0471397 0.0480755
0 0.755637 0.907111 0.0523842 0.0522251
0 0.781227 0.561116 0.0473956 0.04591
0 0.146068 0.559747 0.0437372 0.0422371
0 0.235172 0.603846 0.040665 0.0396804
0 0.899595 0.617769 0.0337652 0.033061
0 0.739901 0.851822 0.0380375 0.0370724
0 0.431285 0.785526 0.0465664 0.0456692
0 0.974019 0.562425 0.0519625 0.0585234
0 0.598519 0.178164 0.0369772 0.0363053
0 0.234465 0.861131 0.0372274 0.0359436
0 0.584754 0.448563 0.035409 0.0334875
0 0.0890538 0.604753 0.0313246 0.0309328
0 0.534386 0.59171 0.0306455 0.0302048
0 0.371647 0.960482 0.0478378 0.0469921
0 0.0509139 0.763618 0.0374921 0.0361
0 0.703911 0.0987046 0.0418842 0.0410203
0 0.364464 0.542455 0.0299365 0.028606
0 0.756053 0.694358 0.0481521 0.046983
0 0.858903 0.717485 0.0498777 0.0460098
0 0.792648 0.797044 0.049882 0.0481269
0 0.167629 0.764591 0.0314362 0.0301153
0 0.0409044 0.246708 0.0279967 0.0269339
0 0.72998 0.0697742 0.0440648 0.0425653
0 0.408322 0.103038 0.0283442 0.0274184
0 0.059235 0.732225 0.0359059 0.0333962
0 0.384755 0.458245 0.0283855 0.0276445
0 0.860264 0.361841 0.0275644 0.0259522
0 0.837658 0.0198338 0.0774418 0.0387343
0 0.510067 0.112765 0.0427225 0.040935
0 0.266856 0.640727 0.0269137 0.02595
0 0.81185 0.309137 0.0325808 0.0322605
0 0.491175 0.224506 0.0380395 0.037411
0 0.504056 0.547112 0.0252786 0.0242367
0 0.677019 0.277552 0.0294134 0.0271872
0 0.566939 0.627618 0.0596197 0.0569168
0 0.905535 0.49537 0.04067 0.0402327
0 0.0488092 0.690044 0.040811 0.0382707
0 0.304411 0.56134 0.0242806 0.0241588
0 0.949512 0.128001 0.0272429 0.0261761
0 0.509298 0.974392 0.0394676 0.0365009
0 0.10479 0.848716 0.0496005 0.0474052
0 0.781755 0.960454 0.0304411 0.0291422
0 0.140845 0.937073 0.281014 0.125829
