0 0.772961 0.510814 0.434154 0.418793
0 0.282851 0.349992 0.18932 0.179497
0 0.239555 0.157533 0.137178 0.126614
0 0.366784 0.175356 0.105062 0.095354
0 0.094644 0.526349 0.0494231 0.0445171
0 0.358818 0.0691886 0.100309 0.0975255
0 0.455011 0.628532 0.0299711 0.0283251
0 0.11957 0.305093 0.0470471 0.0434859
0 0.622657 0.0646583 0.0312553 0.0280623
0 0.44687 0.987619 0.0389235 0.0247625
0 0.158803 0.890233 0.0420221 0.0383747
0 0.167043 0.616513 0.0382362 0.0356128
0 0.496516 0.0499198 0.0372404 0.0348447
0 0.659015 0.175468 0.0313334 0.0310829
0 0.174865 0.984616 0.0366008 0.0304567
0 0.165958 0.0144006 0.0466955 0.0286173
0 0.16319 0.0473977 0.0356233 0.0348098
0 0.0255104 0.531238 0.0510208 0.0592112
0 0.899226 0.822928 0.0344379 0.0326143
0 0.849159 0.0983887 0.0467884 0.0424565
0 0.73647 0.803292 0.0380567 0.0374985
0 0.392288 0.129843 0.0299342 0.0295142
0 0.209553 0.219876 0.044546 0.041222
0 0.404578 0.674687 0.031567 0.0299088
0 0.587498 0.781739 0.0308892 0.0297947
0 0.103655 0.681878 0.0296921 0.0276171
0 0.534253 0.0628952 0.0336785 0.032689
0 0.533449 0.85623 0.0326462 0.031912
0 0.435689 0.440626 0.030752 0.029038
0 0.986211 0.643787 0.0260002 0.0277407
0 0.737067 0.0995071 0.0296623 0.0263505
0 0.0478013 0.702208 0.0446825 0.0393151
0 0.618999 0.257776 0.0287229 0.0247177
0 0.064388 0.606327 0.0350313 0.03153
0 0.0899406 0.58453 0.0336943 0.0304461
0 0.960544 0.728593 0.0296808 0.029406
0 0.288128 0.800521 0.029228 0.0275456
0 0.961407 0.623459 0.0307991 0.0308475
0 0.440444 0.895531 0.02749 0.0267262
0 0.360916 0.333707 0.0270187 0.0260674
0 0.15641 0.582293 0.0341672 0.0312526
0 0.771174 0.984192 0.0274685 0.0265965
0 0.53403 0.193557 0.0258831 0.0250293
0 0.849711 0.985747 0.0585823 0.0282547
0 0.590712 0.314019 0.0297489 0.0268072
0 0.0769794 0.696357 0.0265532 0.0244102
0 0.0664061 0.469787 0.0319123 0.0283531
0 0.0491412 0.0572686 0.0982825 0.114136
0 0.747898 0.830183 0.0281004 0.0274178
0 0.677632 0.744448 0.0528927 0.0502748
0 0.287328 0.77235 0.0298818 0.0286474
0 0.171847 0.935586 0.0274449 0.0268578
0 0.0240363 0.565488 0.0247797 0.0242752
0 0.881125 0.801158 0.0269428 0.0251544
0 0.848046 0.88852 0.030621 0.02808
0 0.80534 0.150508 0.0400133 0.0374539
0 0.973145 0.80828 0.0365383 0.0318796
0 0.0264789 0.510454 0.0258331 0.0235134
0 0.980216 0.0761782 0.03487 0.031718
0 0.164597 0.083282 0.0250827 0.0236475
0 0.937545 0.79785 0.0387793 0.0347805
0 0.776052 0.755932 0.0308704 0.0290283
0 0.375175 0.394122 0.0265273 0.0269314
0 0.241443 0.0122232 0.0274551 0.0244464
0 0.600607 0.211108 0.028519 0.0272414
0 0.900051 0.915722 0.0275198 0.0256281
0 0.923218 0.761121 0.0362671 0.032145
0 0.984434 0.783328 0.0297033 0.0314323
0 0.720006 0.0156365 0.0255463 0.023788
0 0.644764 0.900407 0.0428473 0.0410349
0 0.342592 0.289786 0.0249896 0.0230782
0 0.915275 0.859811 0.0389313 0.0374096
0 0.397969 0.353972 0.0253757 0.0240531
0 0.968541 0.133694 0.0486225 0.0424887
0 0.992434 0.754702 0.0151318 0.0410982
0 0.59843 0.735569 0.0312189 0.0291199
0 0.274599 0.957961 0.0263954 0.0240166
