0 0.559423 0.578119 0.121785 0.114186
0 0.674362 0.849507 0.0309052 0.0307682
0 0.380691 0.735203 0.0592552 0.0578397
0 0.157692 0.856859 0.0430254 0.0422836
0 0.231631 0.765228 0.0975717 0.0912251
0 0.477147 0.181596 0.0369776 0.0343937
0 0.943553 0.448744 0.0659439 0.058442
0 0.265673 0.938502 0.0333007 0.0309149
0 0.913438 0.0616989 0.0604046 0.0517249
0 0.854098 0.623274 0.036438 0.0333118
0 0.652415 0.064649 0.0517243 0.0451665
0 0.4283 0.965147 0.100317 0.0697069
0 0.031952 0.156968 0.0278637 0.0252434
0 0.961526 0.188564 0.0371962 0.0326566
0 0.662063 0.533617 0.121316 0.114734
0 0.429033 0.560855 0.029344 0.0280874
0 0.501309 0.475809 0.031416 0.0291256
0 0.898843 0.982161 0.0292593 0.031514
0 0.953087 0.0315022 0.0938252 0.0627766
0 0.228749 0.993312 0.0337204 0.0131796
0 0.765842 0.197961 0.0481606 0.0405226
0 0.396208 0.343454 0.0283215 0.0266263
0 0.364639 0.681583 0.0663928 0.0617326
