0 0.859752 0.24601 0.0421 0.0402755
0 0.152271 0.385112 0.0460486 0.0429607
0 0.961789 0.655765 0.032625 0.0316878
0 0.477236 0.0937544 0.0346395 0.0326471
0 0.902069 0.405035 0.0321388 0.0313407
0 0.0905475 0.644942 0.0370148 0.0339781
0 0.976675 0.509276 0.0299252 0.0297197
0 0.968906 0.445775 0.0306631 0.029648
0 0.958138 0.58267 0.0319477 0.031281
0 0.879547 0.120089 0.0289215 0.0282837
0 0.179339 0.34125 0.027936 0.0262347
0 0.783326 0.0897987 0.0259771 0.025764
0 0.153346 0.978993 0.0272866 0.0264038
0 0.95651 0.38991 0.0260033 0.0256624
0 0.535462 0.308518 0.0257439 0.0250743
