0 0.798104 0.40474 0.0725815 0.0674559
0 0.775526 0.639908 0.0510838 0.045545
0 0.104609 0.200715 0.0586596 0.051617
0 0.716608 0.546083 0.0402222 0.036311
0 0.114709 0.416864 0.0439413 0.0386429
0 0.111581 0.818665 0.0330158 0.0316067
0 0.334125 0.438324 0.0377028 0.0347515
0 0.587988 0.516862 0.050104 0.0457102
0 0.971003 0.961584 0.0512161 0.0465582
0 0.162673 0.629711 0.0361981 0.0334997
0 0.686972 0.945355 0.110625 0.098658
0 0.621416 0.66975 0.037174 0.0331041
0 0.341043 0.483698 0.0342667 0.0304576
0 0.780088 0.788724 0.121671 0.109145
0 0.9749 0.418076 0.0501118 0.0783795
0 0.409809 0.698164 0.0309723 0.0279221
0 0.535113 0.28557 0.0359837 0.0333903
0 0.277494 0.768179 0.184599 0.177738
0 0.135923 0.651262 0.0330018 0.0302103
0 0.961442 0.0839229 0.0682713 0.0612702
0 0.176466 0.589846 0.0302062 0.0267971
0 0.892876 0.257291 0.214247 0.216376
0 0.919374 0.940837 0.0645378 0.0532936
0 0.458175 0.119172 0.0301922 0.0290329
0 0.352824 0.130744 0.0424872 0.0395352
0 0.793598 0.74498 0.0289577 0.026553
0 0.986837 0.181467 0.0263256 0.0438731
0 0.273552 0.990591 0.0279157 0.0184914
0 0.418423 0.612655 0.243726 0.214147
0 0.258452 0.22891 0.0850906 0.0767163
0 0.139452 0.0928987 0.157596 0.144132
0 0.277534 0.35715 0.0820275 0.0714349
0 0.775009 0.589982 0.444769 0.370973
0 0.957312 0.0406935 0.0797657 0.0707805
0 0.642256 0.949868 0.0552465 0.0521938
0 0.213112 0.00705277 0.0383857 0.0139813
0 0.495207 0.765646 0.027229 0.0265023
0 0.553128 0.329489 0.585038 0.594356
