0 0.559257 0.922862 0.193006 0.154004
0 0.777138 0.0667271 0.0396112 0.0383772
0 0.941374 0.0500449 0.0738689 0.070978
0 0.423618 0.604815 0.0343193 0.0340029
0 0.779309 0.507887 0.0781282 0.0768326
0 0.469852 0.403984 0.0336698 0.0329382
0 0.358241 0.46198 0.0309021 0.0292963
0 0.697171 0.444097 0.0654684 0.0641522
0 0.0353494 0.435843 0.032997 0.0313347
0 0.517759 0.338524 0.0455943 0.0443825
0 0.658815 0.252625 0.0288552 0.0280983
0 0.779792 0.81858 0.0344519 0.0339359
0 0.357506 0.353497 0.0391654 0.0380671
0 0.0755436 0.0426586 0.0266299 0.0263899
0 0.510625 0.182299 0.0290136 0.0276311
0 0.255663 0.499804 0.0435468 0.0429631
0 0.544141 0.387012 0.0588586 0.0555103
0 0.862655 0.0610454 0.103014 0.0987167
0 0.180498 0.441365 0.0657569 0.0648478
0 0.288135 0.271457 0.0565377 0.0574212
0 0.418483 0.684315 0.0538392 0.0508802
0 0.607794 0.601369 0.0346573 0.0333556
0 0.129097 0.489768 0.0412791 0.0396334
0 0.818626 0.355214 0.0604986 0.0604349
0 0.984184 0.0221317 0.0316328 0.0440608
0 0.925526 0.216162 0.0302217 0.0296646
0 0.055205 0.458013 0.047723 0.045737
0 0.960772 0.099725 0.0450453 0.0435439
0 0.720935 0.535183 0.0353568 0.0340117
0 0.958327 0.238891 0.055582 0.0553756
0 0.0640798 0.45357 0.0324171 0.0337296
0 0.5049 0.230107 0.0260606 0.0248125
0 0.100007 0.580876 0.036415 0.0348928
0 0.0903231 0.570637 0.0355859 0.0339553
