0 0.17398 0.213488 0.0500512 0.041428
0 0.370323 0.0580021 0.137297 0.112543
0 0.694569 0.679026 0.157973 0.141354
0 0.486822 0.848871 0.0381794 0.0312565
0 0.065087 0.651532 0.130174 0.155981
0 0.683728 0.17081 0.1912 0.171656
0 0.924011 0.967802 0.0743486 0.0592293
0 0.886042 0.277826 0.0342152 0.0323058
0 0.868177 0.940821 0.263646 0.117052
0 0.114478 0.0930823 0.035413 0.0283148
0 0.789819 0.522828 0.0343746 0.029995
0 0.5954 0.0632948 0.0646001 0.0511812
0 0.187943 0.943839 0.0353249 0.0290585
0 0.444699 0.444171 0.058566 0.0486224
0 0.66213 0.595863 0.0355844 0.029948
0 0.0197132 0.817303 0.0394263 0.0365828
0 0.0631909 0.816289 0.126382 0.214555
0 0.186103 0.74715 0.0333611 0.0269339
0 0.52625 0.46157 0.0598726 0.0464787
0 0.444789 0.230779 0.0331435 0.0273185
0 0.392562 0.653354 0.0605805 0.0500029
0 0.369362 0.675426 0.125225 0.104808
0 0.457993 0.113921 0.0976001 0.0864039
0 0.239881 0.94458 0.0326625 0.0257208
0 0.572575 0.773826 0.0813063 0.0707125
