0 0.20348 0.602787 0.0994062 0.0961529
0 0.083529 0.162529 0.062539 0.0601645
0 0.943764 0.380143 0.0302708 0.0280944
0 0.684473 0.214768 0.0310791 0.0299764
0 0.372221 0.79879 0.0464373 0.0442825
0 0.140788 0.714059 0.0303377 0.0286461
0 0.254686 0.0288829 0.068342 0.0577615
0 0.107964 0.889052 0.0796504 0.0744511
0 0.0495168 0.527959 0.0394357 0.0372471
0 0.42394 0.0486984 0.0586949 0.0569274
0 0.675097 0.718962 0.0268459 0.0257872
0 0.0258975 0.178745 0.051771 0.174481
0 0.32559 0.601021 0.136817 0.126757
0 0.293086 0.866646 0.0699981 0.0674496
0 0.413631 0.694866 0.0283651 0.0280639
0 0.474075 0.462021 0.0302526 0.0289898
0 0.178584 0.756553 0.157285 0.14823
0 0.0691327 0.790663 0.128544 0.123687
0 0.433976 0.578846 0.0569119 0.0559271
0 0.209255 0.917166 0.0265133 0.0250683
0 0.901113 0.186546 0.197774 0.373092
0 0.0398383 0.970861 0.0771974 0.0580635
0 0.487972 0.774172 0.0298317 0.0289768
