0 0.924563 0.486123 0.0983053 0.0769884
0 0.663569 0.617451 0.138713 0.106614
0 0.929924 0.713423 0.12828 0.100853
0 0.568094 0.177521 0.130619 0.100472
0 0.67499 0.472725 0.1768 0.12178
0 0.464627 0.645236 0.107975 0.0860788
0 0.866125 0.765144 0.0741196 0.0587992
0 0.72333 0.722552 0.118374 0.0896307
0 0.505663 0.348655 0.0964911 0.0764542
0 0.936479 0.305976 0.0571428 0.0438194
0 0.890563 0.4033 0.0563503 0.0419895
0 0.816046 0.561063 0.0405354 0.0294483
0 0.121571 0.310455 0.0909613 0.0690333
0 0.75165 0.364475 0.0474413 0.035792
0 0.119367 0.433549 0.0529849 0.0412073
0 0.633091 0.720826 0.110581 0.0854153
0 0.32699 0.702914 0.112692 0.0878066
0 0.0669265 0.126866 0.0504687 0.037944
0 0.84612 0.593069 0.0667524 0.0535212
0 0.369834 0.354369 0.0579041 0.0448865
0 0.243843 0.56265 0.0507134 0.0385689
0 0.907475 0.262296 0.0396168 0.0299656
0 0.0994701 0.386002 0.0703543 0.0530153
0 0.332125 0.554048 0.0414844 0.0341753
0 0.300497 0.893701 0.114874 0.0922722
0 0.95245 0.356692 0.0357395 0.0261815
0 0.336616 0.298014 0.034961 0.0268189
0 0.508163 0.442202 0.0685097 0.0539389
0 0.304604 0.610187 0.0498797 0.0384407
0 0.732966 0.220815 0.0346316 0.0259288
0 0.446755 0.775254 0.19972 0.156418
0 0.899137 0.177014 0.0464426 0.0372388
0 0.191513 0.20421 0.0620662 0.0493493
0 0.303432 0.030015 0.0416796 0.0331138
0 0.804649 0.770498 0.0390384 0.0308189
0 0.756874 0.255529 0.0347834 0.0266921
0 0.821992 0.0227162 0.0441219 0.0341179
0 0.33203 0.0532355 0.0351535 0.0269736
0 0.723199 0.0440232 0.168173 0.0878909
0 0.557632 0.770809 0.0350565 0.0294535
0 0.763794 0.878492 0.0384052 0.0292933
0 0.605903 0.0902159 0.0349077 0.024421
0 0.140675 0.545542 0.0480793 0.0380581
0 0.973658 0.059426 0.030727 0.0248145
0 0.418107 0.439504 0.0361153 0.0297964
0 0.212513 0.543818 0.0346518 0.0293148
0 0.768925 0.105698 0.0846968 0.0628729
0 0.977285 0.611597 0.0320013 0.0253323
0 0.237423 0.385045 0.0449705 0.0337704
0 0.20011 0.477714 0.0352282 0.0290068
0 0.917067 0.219755 0.0314209 0.0239403
0 0.643779 0.0629462 0.0302834 0.0236041
0 0.140134 0.230776 0.0952519 0.0739969
0 0.508704 0.199991 0.0320168 0.024211
0 0.459589 0.5378 0.350498 0.243486
0 0.502179 0.599392 0.0640393 0.0472435
0 0.611644 0.396688 0.0317595 0.0252915
0 0.798624 0.226085 0.0323484 0.0254709
0 0.14523 0.894737 0.14254 0.114758
0 0.899443 0.0791984 0.0309032 0.0240767
0 0.975649 0.902695 0.0484777 0.0659796
0 0.173797 0.41371 0.0838885 0.0689382
0 0.437032 0.207844 0.0296991 0.0234657
0 0.0470603 0.396243 0.0293451 0.024792
0 0.585789 0.661054 0.077692 0.0536753
0 0.64603 0.974172 0.0393795 0.0313515
0 0.438334 0.0375669 0.309322 0.0751337
0 0.428456 0.167815 0.442567 0.275572
0 0.56501 0.675879 0.0325323 0.0242791
0 0.00953318 0.681475 0.0190382 0.132867
0 0.362909 0.460161 0.0552432 0.0410366
0 0.408311 0.27569 0.0480329 0.0350402
0 0.385718 0.406249 0.0430799 0.0319225
0 0.384981 0.576819 0.124408 0.0925947
0 0.0130877 0.148678 0.0261754 0.0302572
0 0.751157 0.535273 0.0904192 0.0728352
0 0.568703 0.09401 0.0288235 0.0234884
0 0.64599 0.0171101 0.0308483 0.0270201
0 0.828982 0.916262 0.0322433 0.0236362
0 0.179131 0.354095 0.0861498 0.0688083
0 0.979651 0.276693 0.0405861 0.0487833
0 0.500849 0.882319 0.117332 0.088452
0 0.478959 0.279227 0.077235 0.058554
0 0.979306 0.654816 0.0341396 0.0271542
0 0.559789 0.505212 0.0577892 0.0426165
0 0.468779 0.168444 0.0290823 0.0231777
