0 0.398804 0.943705 0.0457979 0.0453636
0 0.654517 0.369033 0.046625 0.0456784
0 0.482468 0.17314 0.0376858 0.0366437
0 0.21116 0.444857 0.0360487 0.0363699
0 0.257979 0.425068 0.0355621 0.0341614
0 0.429443 0.0732064 0.0342908 0.032508
0 0.855011 0.812499 0.0314579 0.0303894
0 0.877416 0.711793 0.0343718 0.0317211
0 0.131051 0.861425 0.035176 0.0331524
0 0.619761 0.867216 0.0283832 0.0277756
0 0.582601 0.815445 0.0313223 0.0306372
0 0.440824 0.209462 0.031025 0.0298556
0 0.662129 0.2943 0.030173 0.030203
0 0.112921 0.0964356 0.0454139 0.043176
0 0.359343 0.818353 0.0290381 0.0290272
0 0.768035 0.659877 0.0347681 0.0328848
0 0.652442 0.766434 0.0343809 0.0331232
0 0.60153 0.0181092 0.060352 0.0362007
0 0.559717 0.957607 0.0343077 0.0342106
0 0.959066 0.522778 0.081868 0.203098
0 0.128168 0.199672 0.0391703 0.0381373
0 0.9056 0.177699 0.0342106 0.0329439
0 0.158643 0.977938 0.0360682 0.035062
0 0.509942 0.971018 0.0551578 0.053038
0 0.190469 0.0949077 0.0256934 0.0250215
0 0.853628 0.882713 0.0743483 0.0717636
0 0.780094 0.990182 0.0417709 0.0194496
0 0.172892 0.871314 0.0505598 0.0501366
0 0.166945 0.0269289 0.0385782 0.0358691
0 0.345004 0.154748 0.0489154 0.0468077
0 0.39116 0.0342182 0.0292167 0.0279295
0 0.699043 0.140302 0.0612726 0.0611892
0 0.461828 0.379654 0.026231 0.0249991
0 0.84087 0.953211 0.108416 0.0935772
