0 0.468284 0.489567 0.10879 0.105649
0 0.149522 0.4162 0.0397696 0.0375051
0 0.371224 0.0215197 0.0356981 0.033553
0 0.73192 0.0349228 0.0337196 0.0318699
0 0.781945 0.0987883 0.0314624 0.0300275
0 0.636229 0.264083 0.0337063 0.0328385
0 0.50984 0.0215979 0.032968 0.0319706
0 0.533701 0.331718 0.0350634 0.0343941
0 0.0229735 0.432433 0.045924 0.0556641
0 0.0617542 0.443001 0.0348972 0.0331567
0 0.262726 0.938099 0.0308503 0.0308249
0 0.278373 0.209974 0.0538735 0.0520966
0 0.280056 0.628333 0.0672269 0.0651895
0 0.10685 0.719451 0.0623503 0.0599781
0 0.705827 0.900572 0.0859404 0.0843079
0 0.932888 0.668016 0.117341 0.113009
0 0.445707 0.464562 0.0293534 0.028735
0 0.320838 0.475117 0.0305116 0.030011
0 0.523013 0.894666 0.0903975 0.0861141
0 0.953503 0.5582 0.0446613 0.0432041
0 0.957763 0.428246 0.0316662 0.0298536
0 0.489949 0.306257 0.0286077 0.0274098
0 0.824586 0.130599 0.0303692 0.0292471
0 0.455987 0.244063 0.0288145 0.027761
0 0.097596 0.415497 0.0294611 0.028286
0 0.663084 0.339975 0.0281269 0.0275572
0 0.881801 0.456904 0.0303068 0.0287159
0 0.381667 0.953467 0.0972262 0.0924461
0 0.342088 0.10502 0.0408652 0.0382238
0 0.325337 0.212943 0.0390778 0.0376256
0 0.65611 0.545711 0.0292601 0.0267963
0 0.689304 0.0424125 0.0258207 0.024229
0 0.477624 0.228039 0.0263371 0.0257439
0 0.681563 0.772989 0.166274 0.155458
0 0.679302 0.409826 0.0490225 0.045942
0 0.372284 0.260089 0.0264964 0.0262274
0 0.43067 0.487429 0.0282452 0.0271914
0 0.432031 0.873402 0.100368 0.0956062
0 0.282769 0.584748 0.0267415 0.0258194
0 0.36443 0.22286 0.0261271 0.0244435
0 0.269792 0.961479 0.145742 0.0770411
0 0.96616 0.87226 0.0676806 0.229074
0 0.271882 0.0317396 0.0356284 0.0349112
