0 0.610133 0.723162 0.0457754 0.0436071
0 0.206706 0.114294 0.0310444 0.0292717
0 0.943078 0.743071 0.0342281 0.0331313
0 0.302551 0.219929 0.172291 0.165114
0 0.647955 0.661037 0.031622 0.0300185
0 0.718681 0.260221 0.0332069 0.0312984
0 0.36347 0.289428 0.13146 0.123594
0 0.520926 0.908487 0.0297442 0.0281094
0 0.607472 0.595858 0.0340368 0.0318913
0 0.933703 0.429484 0.0323792 0.0314657
0 0.351946 0.0539399 0.0285888 0.0269199
0 0.359204 0.675796 0.0281201 0.027503
0 0.614061 0.841059 0.0309503 0.0294596
0 0.886433 0.394633 0.0264732 0.0258277
0 0.273208 0.481628 0.0422719 0.0411194
0 0.420418 0.554011 0.0595002 0.0566299
0 0.920667 0.383858 0.0285213 0.0283938
0 0.896014 0.608379 0.0255724 0.0244464
0 0.125424 0.31348 0.0637686 0.0575109
0 0.768963 0.0945563 0.453683 0.188448
0 0.692026 0.387885 0.0245215 0.0238599
0 0.205632 0.111137 0.157596 0.157742
0 0.242278 0.101463 0.025775 0.025057
