0 0.617519 0.73118 0.231016 0.219301
0 0.130332 0.282082 0.0814338 0.0707039
0 0.560364 0.159459 0.0610382 0.0587386
0 0.419595 0.0888619 0.0615185 0.0589127
0 0.435703 0.365366 0.0563778 0.0531701
0 0.8375 0.170416 0.0360155 0.0343313
0 0.266371 0.125424 0.0407469 0.0385318
0 0.655065 0.393403 0.0415147 0.0401525
0 0.21343 0.976967 0.0429072 0.0399759
0 0.282374 0.0578151 0.0585916 0.0563976
0 0.951367 0.144039 0.0660511 0.0598674
0 0.890362 0.496044 0.048476 0.0464434
0 0.518211 0.424542 0.0394701 0.0368005
0 0.483295 0.242808 0.0392806 0.0378236
0 0.617607 0.445239 0.0448073 0.0432163
0 0.279631 0.672783 0.0648294 0.0601732
0 0.831604 0.456745 0.0374569 0.0358898
0 0.27212 0.303745 0.0378189 0.0361943
0 0.475005 0.968079 0.030887 0.0296154
0 0.719268 0.198105 0.0733919 0.0675773
0 0.717485 0.876623 0.0316252 0.0310362
0 0.581993 0.603732 0.0633156 0.0598557
0 0.93424 0.553193 0.036729 0.0346394
0 0.309438 0.605726 0.040076 0.03847
0 0.866112 0.0305786 0.0338772 0.0311801
0 0.964607 0.687417 0.037891 0.0368172
0 0.564523 0.366395 0.0280195 0.0262564
0 0.792926 0.219173 0.0277578 0.0249928
0 0.600363 0.379919 0.0273666 0.026417
0 0.556438 0.432777 0.0309103 0.0291208
0 0.725037 0.285746 0.0298454 0.0281103
0 0.476274 0.164138 0.0337959 0.0316875
0 0.660919 0.595763 0.0851118 0.0790047
0 0.555167 0.255606 0.0321896 0.0286521
0 0.912162 0.702276 0.0320068 0.0289915
0 0.359715 0.70438 0.0290085 0.0273407
0 0.858808 0.202193 0.0267263 0.0246666
0 0.985683 0.697178 0.0286207 0.0317585
0 0.65422 0.544769 0.0645399 0.0601069
0 0.798042 0.532091 0.0345373 0.0332144
0 0.0596685 0.594451 0.0272618 0.0246052
0 0.468363 0.597694 0.0698264 0.0680819
0 0.430103 0.654411 0.0469004 0.0446369
0 0.376411 0.850204 0.101702 0.100812
0 0.802479 0.391457 0.0267008 0.0243534
0 0.01941 0.168542 0.038647 0.0648519
0 0.102016 0.328911 0.0267929 0.0250448
0 0.379063 0.524276 0.0266428 0.0251957
0 0.0567279 0.588725 0.113456 0.147574
0 0.776913 0.398459 0.0289724 0.0270119
0 0.622492 0.517015 0.0257505 0.0245087
0 0.0472924 0.314952 0.0435788 0.0388936
0 0.271474 0.734142 0.094227 0.0914352
0 0.493965 0.536268 0.086657 0.076098
0 0.395483 0.623731 0.0485234 0.0469141
0 0.306359 0.427395 0.0454245 0.0426313
