0 0.399849 0.0547389 0.0702617 0.0639907
0 0.170997 0.0641786 0.0756222 0.0674127
0 0.841612 0.287165 0.0621996 0.0535677
0 0.506358 0.0857234 0.0508579 0.0453557
0 0.632816 0.272603 0.0384099 0.0338799
0 0.209298 0.028815 0.0646619 0.055423
0 0.22347 0.0977609 0.0558701 0.0477478
0 0.440211 0.981554 0.0498427 0.036417
0 0.288639 0.45935 0.0592651 0.0524262
0 0.768768 0.775233 0.0383732 0.0341373
0 0.830892 0.910019 0.0578997 0.0509056
0 0.736465 0.584102 0.03836 0.03397
0 0.698544 0.308 0.0364248 0.0327838
0 0.589906 0.961194 0.0350348 0.0307758
0 0.530156 0.826091 0.0420915 0.0370737
0 0.766913 0.917616 0.0435015 0.0385956
0 0.424751 0.0940319 0.0477976 0.0443439
0 0.731071 0.684937 0.0411775 0.0371644
0 0.702407 0.162941 0.0343151 0.0311937
0 0.316946 0.304199 0.0364076 0.0321498
0 0.0204109 0.522937 0.0364563 0.0329964
0 0.74644 0.808208 0.0302979 0.0266333
0 0.958757 0.377032 0.0359188 0.029754
0 0.598944 0.754862 0.0350279 0.0298774
0 0.00778567 0.456287 0.0155713 0.0399793
0 0.359299 0.295304 0.030535 0.0271164
0 0.946183 0.351656 0.0344383 0.0295618
0 0.482048 0.187181 0.037998 0.0340607
0 0.46128 0.210053 0.0320636 0.0286171
0 0.0392513 0.226789 0.0297958 0.0271503
0 0.649798 0.720221 0.0488449 0.0439363
0 0.479243 0.391668 0.030759 0.0271526
0 0.144224 0.467871 0.0327382 0.0321346
0 0.840336 0.749217 0.0382553 0.0346659
0 0.275151 0.414518 0.0284842 0.025697
0 0.518507 0.396338 0.0295439 0.0271761
0 0.129813 0.227531 0.0313271 0.0277539
0 0.979062 0.751064 0.0326639 0.0293226
0 0.817997 0.481277 0.0362332 0.0304427
0 0.402958 0.817455 0.0273163 0.0247295
0 0.733093 0.771533 0.0304101 0.0276636
0 0.670341 0.130523 0.0297041 0.0281084
0 0.725618 0.993033 0.0286386 0.0131344
