0 0.740202 0.525192 0.13238 0.130533
0 0.474968 0.271068 0.0471695 0.0462221
0 0.581646 0.516072 0.0423918 0.0417324
0 0.041501 0.497162 0.0382163 0.0370262
0 0.516263 0.336159 0.0384506 0.0371506
0 0.711368 0.199703 0.0297283 0.0291027
0 0.655062 0.294037 0.0458192 0.0444387
0 0.0791906 0.380586 0.0428984 0.042194
0 0.0185436 0.82724 0.0370811 0.0396221
0 0.825004 0.0412407 0.0416677 0.0407515
0 0.074362 0.319412 0.0333879 0.0328252
0 0.0651426 0.112637 0.031555 0.0312593
0 0.315935 0.61914 0.0369878 0.0352283
0 0.751758 0.236232 0.0363302 0.0350272
0 0.254315 0.548606 0.0330649 0.0304317
0 0.918501 0.502878 0.0493109 0.0479069
0 0.39271 0.829123 0.0651021 0.0618629
0 0.238859 0.6939 0.0254447 0.0241261
