0 0.161815 0.292578 0.130314 0.124831
0 0.627384 0.712453 0.114846 0.111521
0 0.124827 0.187727 0.108188 0.103106
0 0.309422 0.561507 0.0750171 0.0694229
0 0.619585 0.624427 0.0977032 0.0932011
0 0.302264 0.367337 0.13945 0.130246
0 0.0962584 0.829403 0.0485372 0.0440634
0 0.302468 0.418481 0.0428535 0.0409948
0 0.0816864 0.152857 0.0464503 0.0450356
0 0.57287 0.450518 0.0756421 0.070989
0 0.637425 0.471686 0.0772755 0.0745833
0 0.284174 0.505243 0.0545021 0.050404
0 0.203781 0.6758 0.0351237 0.0327967
0 0.916303 0.49066 0.0411901 0.0398129
0 0.309613 0.648384 0.0370567 0.0349705
0 0.652849 0.905468 0.0808994 0.0768261
0 0.149056 0.0556974 0.166694 0.110965
0 0.552844 0.905111 0.0357948 0.0340263
0 0.0508043 0.054028 0.101609 0.10775
0 0.194179 0.411564 0.0761323 0.0722622
0 0.138607 0.591903 0.0336126 0.032927
0 0.865944 0.136089 0.0639046 0.0623727
0 0.926554 0.585909 0.100611 0.0955887
0 0.390124 0.417395 0.0739655 0.0695683
0 0.79095 0.549862 0.0336325 0.0317699
0 0.899078 0.522032 0.0306339 0.0297431
0 0.155903 0.480438 0.0417009 0.0393911
0 0.347131 0.475325 0.0766832 0.0740318
0 0.723884 0.309299 0.031436 0.0301543
0 0.392087 0.270054 0.028391 0.0269901
0 0.541768 0.844322 0.0332584 0.0317738
0 0.217519 0.512358 0.0353523 0.0327715
0 0.287628 0.308612 0.067204 0.0610358
0 0.44447 0.834106 0.0298154 0.0292368
0 0.749384 0.140989 0.0330397 0.0327341
0 0.251859 0.250583 0.0768867 0.0719376
0 0.771207 0.441409 0.0334163 0.0330997
0 0.497449 0.87022 0.0279207 0.0269657
0 0.782393 0.924336 0.0893011 0.0865467
0 0.00718531 0.694959 0.0141731 0.0562027
0 0.381342 0.395649 0.033516 0.0319804
0 0.0844272 0.255485 0.0661461 0.0594403
0 0.727669 0.477252 0.0350756 0.0335129
0 0.968092 0.469465 0.0306252 0.0300384
0 0.965899 0.385962 0.0281918 0.027545
0 0.594401 0.54897 0.0973436 0.0920059
0 0.465849 0.596821 0.0969693 0.0900604
0 0.423994 0.818074 0.0266557 0.027026
0 0.409219 0.516892 0.0593609 0.0549223
0 0.494056 0.349969 0.0290109 0.0278109
0 0.970298 0.314068 0.0583054 0.0882566
0 0.965483 0.624094 0.069035 0.214902
