0 0.485459 0.885158 0.382813 0.229683
0 0.401853 0.523519 0.0759563 0.0572672
0 0.155503 0.938822 0.0816597 0.0613621
0 0.779057 0.745339 0.0407742 0.0323093
0 0.823585 0.0628135 0.224173 0.125627
0 0.902295 0.142254 0.0423176 0.0352139
0 0.178299 0.0817244 0.351867 0.163272
0 0.0637141 0.171074 0.0452935 0.0355866
0 0.355442 0.35324 0.0614536 0.0482483
0 0.0168597 0.482831 0.0333196 0.0301818
0 0.232318 0.92314 0.0849031 0.0639851
0 0.49162 0.673904 0.163281 0.137549
0 0.956399 0.00718774 0.0481674 0.0143755
0 0.0174371 0.453268 0.0343402 0.0324527
0 0.0209752 0.166264 0.0399898 0.0338225
0 0.627115 0.438665 0.128265 0.10235
0 0.149449 0.982584 0.0807548 0.0346855
0 0.761081 0.342251 0.0342083 0.026933
0 0.974626 0.875688 0.0507472 0.046394
0 0.755597 0.496397 0.056196 0.0442293
0 0.0474284 0.931284 0.0321556 0.0259409
