0 0.832781 0.108938 0.220633 0.21224
0 0.83086 0.261077 0.217336 0.214307
0 0.526773 0.383087 0.0997754 0.0977094
0 0.066823 0.437861 0.0998185 0.0984528
0 0.33007 0.805483 0.402329 0.376102
0 0.123602 0.285581 0.0590338 0.0581124
0 0.0813871 0.363515 0.0591735 0.0579861
0 0.629251 0.604693 0.0936486 0.0878748
0 0.13961 0.238005 0.0528972 0.052011
0 0.675393 0.550503 0.100854 0.0999931
0 0.14894 0.117222 0.256417 0.230102
0 0.660835 0.0829539 0.044767 0.0436084
0 0.0710743 0.890318 0.0435048 0.0436298
0 0.315611 0.60252 0.0456733 0.0453063
0 0.815131 0.64861 0.0383979 0.0371395
0 0.83666 0.903181 0.0406496 0.0392136
0 0.731525 0.0328924 0.0428604 0.0408888
0 0.919162 0.827798 0.0378973 0.0370987
0 0.128828 0.629322 0.0381829 0.0376499
0 0.964227 0.280829 0.0616095 0.0598554
0 0.055277 0.295178 0.0417032 0.0404792
0 0.022677 0.282457 0.0420737 0.041407
0 0.242328 0.460699 0.0310718 0.0306129
0 0.618106 0.091734 0.0359218 0.0345844
0 0.213242 0.367611 0.0875046 0.0841644
0 0.0877023 0.829911 0.0355152 0.034906
0 0.851269 0.673396 0.0518185 0.0510754
0 0.255172 0.588503 0.0280527 0.0272058
0 0.645725 0.817544 0.0345055 0.0345837
0 0.585881 0.132288 0.034903 0.0347401
0 0.911107 0.886817 0.0367294 0.0364872
0 0.0505305 0.252029 0.0298152 0.0292576
0 0.383837 0.339607 0.0304482 0.0290515
0 0.934684 0.906862 0.0282413 0.0286215
0 0.778118 0.809374 0.0325104 0.0317301
0 0.899679 0.655417 0.0449472 0.0440706
0 0.695643 0.390896 0.0347574 0.0337461
0 0.574772 0.108202 0.0288771 0.0274562
0 0.21056 0.394203 0.0540532 0.0539164
0 0.437872 0.993338 0.0380383 0.0133245
0 0.957817 0.522764 0.0554449 0.0560743
0 0.502888 0.553463 0.0577437 0.055083
0 0.961308 0.751219 0.0515316 0.0479117
0 0.680111 0.8273 0.0420801 0.0408564
0 0.327712 0.0523042 0.0344625 0.0337726
0 0.196158 0.308849 0.0317074 0.0303983
0 0.0490491 0.181434 0.0323671 0.0326121
0 0.0491603 0.343843 0.0258016 0.0255757
0 0.723297 0.836421 0.0276892 0.0271473
0 0.731843 0.990292 0.0448214 0.019416
0 0.850515 0.532319 0.0502037 0.0499971
0 0.354039 0.742542 0.0283979 0.0272015
0 0.324194 0.0122022 0.0305811 0.0242925
0 0.106171 0.491082 0.0264069 0.0261934
0 0.306967 0.935449 0.0278387 0.0274666
0 0.11917 0.466815 0.028002 0.0273022
0 0.706834 0.899687 0.027085 0.025873
0 0.0968525 0.943633 0.0402624 0.0389381
0 0.768223 0.992218 0.0275492 0.0152725
0 0.181476 0.243139 0.0242596 0.0231048
0 0.0277458 0.117985 0.0250039 0.0252239
0 0.212142 0.925563 0.0324917 0.0310455
0 0.05121 0.11883 0.0287933 0.0280638
0 0.441708 0.490185 0.0740414 0.0720416
0 0.368947 0.412826 0.0576182 0.0547567
0 0.016466 0.320948 0.0270095 0.0267057
0 0.468308 0.590379 0.0379689 0.0357986
0 0.693086 0.842912 0.0337663 0.0329323
0 0.167284 0.789414 0.0282579 0.0279446
0 0.187441 0.424226 0.0267008 0.0262838
0 0.464267 0.660582 0.0245422 0.024507
0 0.617269 0.368084 0.0254898 0.024925
