0 0.703085 0.447794 0.04424 0.0374124
0 0.341301 0.176217 0.0414748 0.0360896
0 0.924175 0.124487 0.0367409 0.0327181
0 0.30896 0.542898 0.0350566 0.0307171
0 0.984368 0.652058 0.0305674 0.0290688
0 0.658794 0.980936 0.0488932 0.0376919
0 0.266257 0.246333 0.0322692 0.0294724
0 0.948025 0.428217 0.0857267 0.0745604
0 0.715596 0.140342 0.0376265 0.0317266
0 0.671365 0.327701 0.0335871 0.0274439
0 0.78077 0.098092 0.0301867 0.0270646
0 0.642301 0.529562 0.0574052 0.0485914
0 0.209213 0.515303 0.0267901 0.0234789
0 0.303367 0.936449 0.0773991 0.0664062
0 0.415191 0.9612 0.126891 0.0774508
0 0.489639 0.421317 0.0476997 0.0409893
0 0.467137 0.383666 0.0415255 0.0346383
0 0.241166 0.27132 0.0303501 0.0268942
0 0.294881 0.765467 0.113388 0.0950556
0 0.201132 0.0969807 0.133148 0.110605
0 0.429595 0.829408 0.234997 0.192655
0 0.764837 0.274019 0.333034 0.286812
0 0.0704076 0.00896453 0.0275099 0.0175
0 0.610546 0.205717 0.0486491 0.0375936
0 0.0229272 0.991615 0.0326825 0.01677
