0 0.929105 0.157353 0.141333 0.119977
0 0.105677 0.372285 0.0583885 0.042513
0 0.181374 0.16436 0.0820037 0.0593622
0 0.232777 0.121224 0.0564975 0.0420574
0 0.602512 0.0709292 0.0466942 0.0319387
0 0.641195 0.221934 0.286485 0.188762
0 0.117553 0.896675 0.0456827 0.0299789
0 0.308608 0.197104 0.202801 0.139781
0 0.0582993 0.236233 0.116032 0.123654
0 0.71332 0.504521 0.213022 0.137718
0 0.790857 0.694074 0.0396261 0.0279546
0 0.87524 0.398528 0.0357899 0.0280682
0 0.495184 0.185673 0.179119 0.140419
0 0.419127 0.14035 0.110518 0.0760699
0 0.558866 0.410796 0.126708 0.0908628
0 0.778484 0.00620485 0.0447933 0.0124097
0 0.159045 0.954576 0.0580149 0.0450951
0 0.564321 0.0331172 0.0591599 0.0403119
0 0.0967479 0.0639839 0.192421 0.127548
0 0.243892 0.762163 0.156183 0.121414
0 0.906293 0.716439 0.106252 0.0813315
0 0.795985 0.314114 0.188942 0.142483
0 0.780567 0.845413 0.0968424 0.0670694
0 0.394568 0.890902 0.151205 0.115089
0 0.024974 0.0842324 0.0477372 0.0384419
0 0.872891 0.89111 0.0347155 0.0268162
0 0.0411152 0.152329 0.0557546 0.0422345
0 0.964933 0.834057 0.0701338 0.105735
0 0.261606 0.512662 0.183137 0.125622
0 0.14321 0.67921 0.0310124 0.0253832
0 0.663698 0.95737 0.133609 0.0846951
