0 0.635473 0.0834315 0.0688982 0.0674114
0 0.196361 0.517168 0.0827836 0.0818367
0 0.173423 0.0676064 0.0868948 0.0846338
0 0.73905 0.152095 0.0410788 0.0400633
0 0.737279 0.567654 0.0347738 0.0345197
0 0.0915542 0.762824 0.0448168 0.0432622
0 0.944294 0.0212475 0.0556898 0.0424951
0 0.953023 0.591467 0.0335377 0.0334057
0 0.847562 0.278513 0.0307922 0.0305305
0 0.868221 0.977537 0.0316818 0.0299473
0 0.23084 0.792758 0.0312974 0.0308468
0 0.145405 0.5106 0.0345317 0.0328896
0 0.592246 0.563671 0.0309397 0.0299568
0 0.0819567 0.13504 0.0330949 0.0320127
0 0.482203 0.137631 0.0293359 0.028427
0 0.249234 0.192458 0.0343699 0.0340861
0 0.733452 0.300559 0.0334584 0.0316525
0 0.964491 0.436709 0.0265993 0.0266927
0 0.783057 0.423714 0.0268337 0.0262505
0 0.957288 0.101972 0.0246527 0.0243967
0 0.133131 0.147581 0.0285127 0.0280098
0 0.295281 0.389128 0.0291469 0.0290594
