0 0.6809 0.523051 0.09432 0.0718936
0 0.5103 0.0237071 0.0557127 0.0441921
0 0.860471 0.96786 0.132196 0.0642801
0 0.249849 0.245476 0.0724179 0.0570141
0 0.596978 0.0599708 0.0581701 0.043739
0 0.943231 0.213635 0.0699909 0.053795
0 0.256686 0.10291 0.198381 0.158962
0 0.597744 0.570154 0.0452745 0.0353003
0 0.0851972 0.498903 0.0722025 0.0551926
0 0.963901 0.176708 0.0397156 0.0320387
0 0.58256 0.326376 0.0847614 0.0648431
0 0.888981 0.245849 0.0638134 0.0497677
0 0.802091 0.258978 0.0931891 0.0662604
0 0.737897 0.055117 0.0560539 0.0430843
0 0.32619 0.358037 0.185542 0.143682
0 0.613967 0.911237 0.0379408 0.0292263
0 0.663236 0.652043 0.0557727 0.0445812
0 0.449539 0.469821 0.0586926 0.047612
0 0.531247 0.702014 0.0670748 0.055197
0 0.90704 0.364913 0.104132 0.0821441
0 0.258563 0.75029 0.0396944 0.0300562
0 0.849187 0.460791 0.0347588 0.0284574
0 0.218562 0.980484 0.0602098 0.0387554
0 0.367541 0.977207 0.102564 0.0455866
0 0.88279 0.426224 0.03409 0.0275003
0 0.666535 0.321327 0.0969344 0.074135
0 0.300944 0.703813 0.0365243 0.0305795
0 0.712561 0.143573 0.249552 0.197247
0 0.0399417 0.175541 0.0798835 0.0685533
0 0.415491 0.698017 0.0470182 0.0343014
0 0.642079 0.0430047 0.0555641 0.0437146
0 0.31401 0.523691 0.0931131 0.0706313
0 0.0177009 0.422636 0.0352437 0.0364105
0 0.168959 0.866315 0.0692957 0.0536644
0 0.123183 0.436921 0.0367495 0.0277859
0 0.761065 0.351741 0.0944029 0.0733617
0 0.527678 0.43136 0.0444547 0.0367509
0 0.462916 0.851721 0.0418548 0.0314396
0 0.163197 0.153997 0.0888866 0.0699362
0 0.958108 0.0439728 0.0640591 0.0533272
0 0.885337 0.278866 0.051556 0.0382339
0 0.0514389 0.829326 0.102861 0.117382
0 0.686134 0.388803 0.09347 0.0694398
0 0.880381 0.124074 0.10699 0.0855572
0 0.955827 0.273988 0.0878452 0.0766156
0 0.0780172 0.718807 0.156034 0.176113
0 0.0913555 0.0606452 0.172314 0.12129
0 0.183215 0.681926 0.0331428 0.0258173
0 0.0104549 0.980886 0.0209001 0.0376339
0 0.189067 0.401835 0.117416 0.0903721
0 0.783985 0.617078 0.0755821 0.0607477
0 0.594975 0.981434 0.0283973 0.0261837
0 0.898828 0.0602847 0.0402159 0.0335569
0 0.351513 0.836061 0.0358142 0.0281605
0 0.0202192 0.108044 0.0402128 0.068283
0 0.691654 0.851608 0.032966 0.0246265
0 0.281038 0.827835 0.0496601 0.037677
0 0.905969 0.884962 0.0626175 0.0483963
