0 0.621861 0.923594 0.139442 0.115543
0 0.338132 0.800916 0.180597 0.156482
0 0.181417 0.441293 0.0981672 0.084533
0 0.461122 0.728578 0.130092 0.110336
0 0.338614 0.93954 0.143747 0.119709
0 0.0640765 0.23666 0.0399734 0.0352638
0 0.221046 0.727956 0.0724526 0.0585087
0 0.88221 0.681628 0.0600462 0.0502056
0 0.455405 0.798671 0.0461643 0.037048
0 0.697886 0.762608 0.046633 0.0391492
0 0.551779 0.583542 0.0404989 0.0345448
0 0.577372 0.221201 0.0444882 0.0354667
0 0.278224 0.646087 0.0482658 0.0394833
0 0.501201 0.918987 0.0938196 0.077092
0 0.023923 0.226494 0.0476144 0.0558197
0 0.0982579 0.373225 0.0338202 0.0289936
0 0.169008 0.0916868 0.0348081 0.0317948
0 0.635859 0.80864 0.0386196 0.0305912
0 0.194294 0.254286 0.038259 0.0327981
0 0.646161 0.141708 0.0426535 0.0352137
0 0.196641 0.983955 0.0472723 0.0320309
0 0.196851 0.117423 0.0360544 0.0313309
0 0.259465 0.5027 0.0346483 0.0292521
0 0.189659 0.286108 0.035192 0.0292686
0 0.30585 0.283396 0.0867475 0.0696215
0 0.947236 0.606569 0.0383488 0.0317835
0 0.112131 0.0852126 0.0318179 0.0293829
0 0.122209 0.313348 0.0308651 0.0263864
0 0.783212 0.552365 0.433577 0.444131
0 0.539954 0.832761 0.0366421 0.0291817
0 0.811511 0.468647 0.0326744 0.0278339
0 0.192248 0.603174 0.0681542 0.0558382
0 0.684202 0.803409 0.0793718 0.0655195
0 0.289726 0.522541 0.0958427 0.0802047
0 0.162932 0.784908 0.0447407 0.0375195
0 0.0715724 0.616707 0.0433685 0.0352732
0 0.0175758 0.273511 0.0348377 0.047663
0 0.40501 0.88778 0.0567185 0.0488617
0 0.332934 0.695752 0.0553349 0.0455847
0 0.00657776 0.572253 0.0130716 0.0519571
0 0.536216 0.791792 0.100338 0.0761044
0 0.541858 0.740324 0.0323908 0.0275375
0 0.340357 0.361196 0.0500066 0.0400187
0 0.538918 0.968709 0.160629 0.0625811
0 0.475571 0.594457 0.053861 0.0451469
0 0.852517 0.802718 0.0292933 0.0264229
0 0.330213 0.65005 0.0455474 0.0376359
0 0.51999 0.235112 0.039193 0.0345784
0 0.874427 0.768701 0.0280972 0.0248388
0 0.765473 0.625857 0.0645114 0.0513329
0 0.391837 0.326484 0.0684341 0.0553466
0 0.282102 0.718642 0.0591005 0.0483674
0 0.877312 0.202704 0.245375 0.3984
0 0.598257 0.197081 0.0266128 0.0228957
0 0.536385 0.83336 0.14501 0.136345
0 0.289495 0.694148 0.0368413 0.0307907
