0 0.58207 0.702813 0.154273 0.153327
0 0.463766 0.249515 0.0568 0.0558666
0 0.687386 0.769283 0.0417639 0.040958
0 0.324898 0.282173 0.0341022 0.0332821
0 0.17604 0.115723 0.0403345 0.0389876
0 0.745008 0.543888 0.0484226 0.0476425
0 0.752735 0.570416 0.032141 0.0310884
0 0.445755 0.0865588 0.0288672 0.0286971
0 0.347689 0.744948 0.0282936 0.0282594
0 0.674726 0.343835 0.0288466 0.0284904
0 0.739865 0.969414 0.0706213 0.0610003
0 0.988977 0.822076 0.022011 0.0341686
0 0.0501958 0.214872 0.0311916 0.0297754
0 0.890642 0.250888 0.0450481 0.0437783
0 0.550794 0.918455 0.0280699 0.027639
0 0.294545 0.395503 0.0270377 0.0264208
0 0.875829 0.861031 0.0287201 0.0287731
0 0.513478 0.753463 0.0267948 0.0264402
0 0.939676 0.620988 0.0276608 0.027698
0 0.461366 0.899256 0.0264851 0.0261505
0 0.37885 0.277382 0.0260439 0.0258367
0 0.389618 0.213498 0.0253911 0.0253207
0 0.701059 0.920464 0.0308084 0.0303457
0 0.51388 0.0639255 0.0283363 0.027921
0 0.462745 0.990836 0.0248902 0.0183281
0 0.48323 0.72583 0.0263437 0.0250538
0 0.651445 0.120728 0.0258424 0.0246474
0 0.0109698 0.72317 0.0218121 0.0299599
0 0.777245 0.301932 0.0476257 0.0449642
