0 0.462051 0.836782 0.302136 0.296019
0 0.250015 0.910505 0.0508862 0.0498568
0 0.379828 0.0529104 0.0407372 0.0396737
0 0.242305 0.296707 0.0389417 0.0376554
0 0.720957 0.354281 0.0411213 0.040456
0 0.123411 0.544935 0.0355609 0.0341518
0 0.440239 0.329596 0.050528 0.0503213
0 0.460797 0.202687 0.041301 0.0392878
0 0.738288 0.840942 0.0412328 0.0390501
0 0.188856 0.857408 0.0369907 0.0356104
0 0.565932 0.320018 0.0354042 0.0345749
0 0.532018 0.0888542 0.0351351 0.0344993
0 0.144181 0.701848 0.0333194 0.0325054
0 0.942239 0.289637 0.0386194 0.0373268
0 0.175814 0.828334 0.0306819 0.0304985
0 0.234359 0.968066 0.0314721 0.0303204
0 0.281344 0.248558 0.0317492 0.0306976
0 0.270283 0.120944 0.0336753 0.0332669
0 0.471596 0.431835 0.037401 0.0369198
0 0.991501 0.194787 0.0169979 0.0468222
0 0.186339 0.0967488 0.0281174 0.0272254
0 0.480924 0.104868 0.0297246 0.0288385
0 0.593566 0.976281 0.0314606 0.0287876
0 0.867783 0.895286 0.029752 0.0288891
0 0.682696 0.412583 0.0346972 0.0328352
0 0.843534 0.60824 0.0495361 0.0481856
0 0.631503 0.913584 0.0280086 0.026498
0 0.955875 0.703387 0.0298599 0.0290588
0 0.968383 0.907781 0.0298779 0.0282278
0 0.38699 0.492505 0.0314536 0.0310381
0 0.260052 0.598243 0.0272475 0.0266329
0 0.570516 0.990275 0.0262718 0.0190735
0 0.953272 0.817474 0.0322201 0.0310066
0 0.136367 0.0127825 0.0422317 0.0255649
0 0.0283684 0.908866 0.0328581 0.0316147
0 0.332491 0.418245 0.0280765 0.0267542
0 0.40667 0.989525 0.0422273 0.0206203
