0 0.439999 0.733241 0.227488 0.220621
0 0.817728 0.748684 0.142823 0.137769
0 0.939493 0.170311 0.117805 0.114903
0 0.732376 0.698789 0.0339046 0.0322628
0 0.559232 0.305832 0.0440931 0.0418263
0 0.203696 0.985558 0.0311905 0.0287014
0 0.674633 0.741364 0.0392092 0.0370823
0 0.271074 0.0442981 0.042048 0.038938
0 0.620612 0.935142 0.0740047 0.0706142
0 0.711376 0.0076297 0.0486786 0.0152594
0 0.917555 0.489446 0.164889 0.252121
0 0.936873 0.0815043 0.126253 0.163009
0 0.748328 0.909869 0.187666 0.178771
0 0.673642 0.594894 0.0274311 0.0259501
0 0.242403 0.483241 0.0616658 0.0586828
0 0.713004 0.153788 0.0273216 0.0271738
0 0.629924 0.819975 0.10098 0.0955605
0 0.152055 0.810246 0.30411 0.361449
0 0.0175239 0.494427 0.0350478 0.0716578
0 0.538092 0.847742 0.101174 0.0958214
