0 0.385762 0.653706 0.223664 0.191012
0 0.0921826 0.845171 0.169229 0.141143
0 0.754396 0.359899 0.280501 0.243417
0 0.593821 0.557088 0.183632 0.156027
0 0.03154 0.338676 0.0630801 0.0643808
0 0.448599 0.29651 0.0954309 0.0793079
0 0.855622 0.495884 0.0417942 0.0364628
0 0.551561 0.124312 0.260824 0.226292
0 0.582106 0.488136 0.0675232 0.0539421
0 0.724365 0.364786 0.03564 0.0305736
0 0.564616 0.335196 0.0335765 0.0289506
0 0.293419 0.378489 0.063443 0.0562074
0 0.424214 0.521683 0.0408139 0.0360974
0 0.372899 0.554352 0.0990221 0.0809431
0 0.674075 0.449533 0.0714607 0.0589322
0 0.954728 0.809037 0.0324308 0.0291117
0 0.269656 0.719355 0.0517125 0.0434057
0 0.353827 0.906331 0.0350521 0.0295498
0 0.0462331 0.721934 0.0924661 0.205297
0 0.608983 0.209826 0.0884611 0.0722719
0 0.577258 0.712311 0.0291773 0.0263371
0 0.353605 0.968151 0.121218 0.0634794
0 0.62824 0.745049 0.0267494 0.0244302
0 0.319086 0.455361 0.14878 0.134495
0 0.0630049 0.934305 0.03634 0.0316391
0 0.46847 0.927447 0.0318933 0.0266464
0 0.836453 0.05911 0.327093 0.11822
0 0.53292 0.85255 0.0306849 0.027655
0 0.513484 0.353856 0.0282585 0.0232302
0 0.227721 0.524063 0.045612 0.0363863
0 0.0220024 0.534308 0.0440048 0.0509647
0 0.562959 0.852739 0.0284309 0.0270927
0 0.373293 0.524503 0.0598192 0.0554388
0 0.240682 0.529494 0.0269633 0.0251814
0 0.872115 0.827354 0.0260353 0.0241776
