0 0.484294 0.115913 0.0836432 0.067849
0 0.277789 0.678399 0.125567 0.107003
0 0.0661395 0.705223 0.123408 0.106395
0 0.794525 0.248797 0.229134 0.201909
0 0.490768 0.531709 0.347283 0.279889
0 0.965548 0.150047 0.0465065 0.0391535
0 0.970812 0.656342 0.0574192 0.0613268
0 0.428141 0.336226 0.040204 0.032991
0 0.497856 0.90583 0.283007 0.188339
0 0.113121 0.514942 0.084341 0.0665263
0 0.541009 0.768219 0.291194 0.236277
0 0.312849 0.211718 0.126384 0.108299
0 0.635796 0.106114 0.102118 0.0764248
0 0.0207992 0.441355 0.0412439 0.0393706
0 0.87116 0.122794 0.103402 0.0895899
0 0.811422 0.0813836 0.0353287 0.0294828
0 0.363167 0.0414146 0.031479 0.0262391
0 0.0173656 0.395197 0.0344355 0.05115
0 0.261026 0.562365 0.151372 0.128643
0 0.590049 0.296376 0.0305117 0.0254876
0 0.293494 0.146183 0.038426 0.0288955
0 0.779847 0.123451 0.0754524 0.0659342
0 0.155211 0.438822 0.0384533 0.0326469
0 0.651979 0.0131225 0.0383507 0.0258976
0 0.677321 0.452086 0.0320795 0.0264231
0 0.336083 0.893964 0.029518 0.0249714
0 0.864321 0.254153 0.0900768 0.0743278
0 0.658368 0.225337 0.0499561 0.0424818
0 0.0407323 0.113443 0.0811255 0.140539
0 0.7421 0.0132192 0.0352718 0.0264384
0 0.170823 0.604962 0.0316231 0.0278164
0 0.029601 0.928456 0.0475784 0.0400639
0 0.976259 0.370587 0.0474826 0.0553689
0 0.360421 0.98458 0.136984 0.0299538
0 0.0702696 0.0697051 0.0340946 0.0271237
0 0.875167 0.184338 0.0278893 0.0226733
0 0.987361 0.427706 0.0252785 0.027268
0 0.731059 0.0701607 0.0850796 0.0705153
0 0.685334 0.564611 0.137133 0.11898
0 0.423585 0.859458 0.030789 0.0272497
0 0.672817 0.271691 0.033861 0.0285164
0 0.766632 0.581746 0.0331451 0.0265095
0 0.162572 0.00678151 0.0324852 0.0133651
0 0.330691 0.016091 0.0516668 0.0321821
0 0.202329 0.625382 0.042803 0.0344192
0 0.932511 0.97275 0.032811 0.0282776
0 0.218701 0.243149 0.027605 0.0225962
0 0.098504 0.354967 0.0528837 0.0439391
0 0.524648 0.226502 0.0949782 0.0791289
0 0.0147869 0.268201 0.0292579 0.182415
0 0.00839682 0.552704 0.0164402 0.0596682
