0 0.16859 0.754813 0.214652 0.205299
0 0.46187 0.801414 0.162796 0.156138
0 0.286318 0.426179 0.140605 0.134746
0 0.348839 0.663789 0.209447 0.204162
0 0.601542 0.853034 0.0828907 0.0800457
0 0.467451 0.389463 0.137677 0.134331
0 0.607859 0.56329 0.0477587 0.0473892
0 0.375572 0.87524 0.0857497 0.0826752
0 0.912331 0.823242 0.0454529 0.0452007
0 0.144601 0.519175 0.0518796 0.0510731
0 0.239399 0.478072 0.0481864 0.0471777
0 0.593143 0.608439 0.0442815 0.0436367
0 0.385842 0.255591 0.0458084 0.0447516
0 0.475141 0.278834 0.0621086 0.0610052
0 0.0418692 0.810052 0.0355073 0.033548
0 0.467305 0.193993 0.0437923 0.0428988
0 0.509105 0.447226 0.0371911 0.0364936
0 0.866066 0.207941 0.0421375 0.0413764
0 0.477468 0.103589 0.0399692 0.0389456
0 0.35877 0.775107 0.0346466 0.0339082
0 0.710633 0.436777 0.0355151 0.0349011
0 0.820885 0.336958 0.0335651 0.0324713
0 0.442257 0.132852 0.0371159 0.0364386
0 0.0272213 0.416589 0.0403335 0.0384273
0 0.826573 0.673676 0.0367699 0.0363488
0 0.468954 0.490669 0.0307158 0.0300518
0 0.544471 0.924484 0.135277 0.130639
0 0.930072 0.728747 0.0440235 0.0434746
0 0.636642 0.256843 0.0848463 0.0831313
0 0.32418 0.361147 0.0382741 0.0368814
0 0.527857 0.600873 0.0446212 0.0440121
0 0.171593 0.990344 0.0482377 0.0193125
0 0.883341 0.0937135 0.0366219 0.0361041
0 0.110905 0.378351 0.0411567 0.0405261
0 0.200411 0.531284 0.0322088 0.0325821
0 0.87772 0.774901 0.0916412 0.0900646
0 0.462305 0.966602 0.0318203 0.0317564
0 0.256262 0.276677 0.0334494 0.0327795
0 0.863518 0.69584 0.0562199 0.0567929
0 0.242997 0.986686 0.0297693 0.0260927
0 0.884323 0.730441 0.0317936 0.0308843
0 0.470659 0.0606708 0.0328516 0.0319094
0 0.659006 0.845533 0.0370236 0.036437
0 0.0294842 0.623385 0.0586177 0.0702024
0 0.152271 0.714035 0.0380576 0.0397558
0 0.67905 0.950289 0.203658 0.0994223
0 0.0343617 0.986676 0.0261176 0.0251699
0 0.128754 0.990144 0.0329402 0.0193903
0 0.656585 0.761186 0.0390976 0.0390617
0 0.561227 0.819145 0.0446487 0.0422215
0 0.590346 0.0882264 0.0265553 0.0259614
0 0.563377 0.478388 0.0505644 0.051755
0 0.780027 0.634885 0.0621523 0.0582919
0 0.757133 0.849742 0.0504923 0.0498203
0 0.620262 0.0139013 0.0470444 0.0277711
0 0.616749 0.772908 0.106496 0.102664
0 0.0617371 0.428732 0.0325722 0.0316595
0 0.312185 0.214686 0.0291567 0.0283711
0 0.783632 0.41068 0.0317 0.0310925
0 0.869371 0.599004 0.122659 0.120777
0 0.102251 0.652212 0.026555 0.0256588
