0 0.782404 0.471214 0.0901854 0.0899313
0 0.108898 0.621482 0.0987522 0.0970581
0 0.222472 0.609739 0.0384113 0.0370438
0 0.551403 0.973801 0.0353357 0.0336487
0 0.573648 0.464355 0.0435015 0.0413155
0 0.682279 0.678021 0.035569 0.0347241
0 0.523237 0.860103 0.0340331 0.0325275
0 0.426706 0.384782 0.0330038 0.0320198
0 0.386646 0.853845 0.0325441 0.0318314
0 0.0374987 0.462899 0.0296731 0.0289654
0 0.623129 0.112634 0.0332649 0.032548
0 0.895869 0.276714 0.0329826 0.0312904
0 0.743384 0.720802 0.0382831 0.0370828
0 0.564575 0.806058 0.0383144 0.036689
0 0.977454 0.753139 0.0336767 0.033
0 0.442017 0.878767 0.0321735 0.0303616
0 0.398599 0.0769901 0.0377045 0.0382025
0 0.412476 0.959998 0.0465823 0.044788
0 0.384221 0.989688 0.0538875 0.020612
0 0.739151 0.645495 0.0398245 0.039756
0 0.743949 0.178278 0.0328774 0.0319924
0 0.783589 0.963945 0.0302265 0.0286125
0 0.42409 0.0837429 0.024818 0.0244862
0 0.993498 0.861813 0.0130033 0.042207
0 0.87493 0.590837 0.0356934 0.0347097
0 0.00680996 0.308429 0.0135917 0.0374456
0 0.582221 0.0870343 0.0290343 0.0281362
0 0.970791 0.599565 0.0295246 0.0282581
0 0.814946 0.219458 0.0434479 0.0409499
0 0.867696 0.210818 0.0368961 0.0356395
0 0.318942 0.931293 0.0281141 0.0265326
0 0.626454 0.788306 0.0274324 0.0264526
0 0.70347 0.299261 0.0239132 0.0236532
0 0.724902 0.305843 0.0280099 0.028336
0 0.658836 0.766512 0.0292713 0.0286181
0 0.199109 0.850678 0.0280036 0.0276443
0 0.329557 0.496178 0.0274413 0.026956
0 0.313026 0.317254 0.0532674 0.0519412
0 0.521231 0.93268 0.031019 0.0302097
0 0.518162 0.343921 0.0311373 0.0298228
0 0.958677 0.174113 0.0286774 0.028195
