0 0.113749 0.449539 0.0519106 0.0478455
0 0.336565 0.669799 0.0474463 0.0447739
0 0.828585 0.26109 0.0289078 0.0272528
0 0.0135753 0.885264 0.0271506 0.0342623
0 0.373618 0.6538 0.0418922 0.0382147
0 0.160041 0.369039 0.0322936 0.0291995
0 0.887101 0.012964 0.0316662 0.0256554
0 0.782801 0.0935579 0.026412 0.0259871
0 0.226468 0.483578 0.143091 0.126291
0 0.78446 0.0109434 0.0504742 0.021691
0 0.471871 0.80483 0.0437496 0.0401322
0 0.728986 0.495102 0.0258209 0.0246908
0 0.89284 0.436797 0.0265062 0.0246742
0 0.683312 0.480561 0.0344444 0.0309263
0 0.946638 0.676312 0.0371784 0.0339062
0 0.83833 0.220605 0.0236362 0.0227077
0 0.336182 0.471186 0.031672 0.0288779
0 0.902634 0.0700472 0.193878 0.140094
0 0.942636 0.257193 0.0430447 0.0382172
