0 0.391087 0.31952 0.107639 0.0959993
0 0.433214 0.234346 0.081193 0.0738232
0 0.80839 0.721305 0.0496541 0.0402497
0 0.257675 0.731027 0.0407723 0.0367273
0 0.988995 0.740079 0.02201 0.0453812
0 0.748157 0.954056 0.0400444 0.0319839
0 0.754521 0.522015 0.0358 0.0311138
0 0.0904878 0.352017 0.0412898 0.0341938
0 0.099825 0.505946 0.0492146 0.0415524
0 0.718598 0.384137 0.0325398 0.0280289
0 0.191722 0.374858 0.0355416 0.029651
0 0.0246475 0.358053 0.0468643 0.0404334
0 0.856706 0.360796 0.0346352 0.030171
0 0.157422 0.475159 0.0345653 0.0288761
0 0.963675 0.049542 0.0330486 0.0300282
0 0.852626 0.454294 0.0374294 0.0329458
0 0.369623 0.690843 0.0306996 0.0265232
0 0.0456008 0.29004 0.0675516 0.0616549
0 0.154174 0.576484 0.0358624 0.0282787
0 0.770752 0.488497 0.0403244 0.0362398
0 0.671176 0.916774 0.0377207 0.0296858
0 0.0169275 0.0157116 0.0307039 0.0291073
0 0.0300376 0.463691 0.0503279 0.0462408
0 0.257707 0.36359 0.050747 0.0433166
0 0.968659 0.270295 0.0404289 0.0387407
0 0.896948 0.948332 0.0333805 0.0259369
0 0.685934 0.787041 0.0281459 0.0237906
0 0.675303 0.614127 0.0893474 0.0741158
0 0.0991826 0.9753 0.025803 0.0239223
0 0.720239 0.137658 0.0276671 0.0249767
0 0.156398 0.191786 0.0275497 0.0251058
