0 0.386637 0.781167 0.331036 0.274379
0 0.244696 0.163079 0.140813 0.126097
0 0.733548 0.504133 0.259068 0.221875
0 0.586864 0.587564 0.112489 0.0921587
0 0.107031 0.875017 0.105813 0.0943602
0 0.354406 0.745152 0.0479067 0.0409796
0 0.0844251 0.507794 0.0500154 0.0428643
0 0.611065 0.0315317 0.0475275 0.0394806
0 0.72274 0.140003 0.0781631 0.0608944
0 0.409612 0.40793 0.182286 0.15901
0 0.323352 0.500041 0.0627596 0.0530701
0 0.181947 0.917775 0.0940491 0.0853748
0 0.0728005 0.943487 0.0536307 0.0486572
0 0.93594 0.0722723 0.114026 0.0978348
0 0.673623 0.807532 0.115402 0.102533
0 0.813062 0.883999 0.200944 0.166678
0 0.92536 0.645039 0.0524509 0.0411714
0 0.286987 0.261103 0.0736616 0.0631694
0 0.0739348 0.809531 0.031886 0.0285961
0 0.186995 0.824344 0.0710337 0.0672544
0 0.259321 0.588447 0.0384334 0.033309
0 0.473094 0.638538 0.03991 0.0315678
0 0.972076 0.130566 0.0553146 0.126779
0 0.287795 0.645357 0.0424316 0.0357582
0 0.153984 0.990277 0.0496066 0.0191738
0 0.130819 0.118894 0.105713 0.0888166
0 0.820616 0.95205 0.0354534 0.0309435
0 0.958422 0.379418 0.0830835 0.145366
0 0.863908 0.782378 0.0610916 0.0515568
0 0.531255 0.678756 0.0501778 0.0423063
0 0.132055 0.972165 0.0416642 0.0376968
0 0.0313606 0.409243 0.0624825 0.061054
0 0.0204519 0.0220618 0.0404004 0.0441237
0 0.933918 0.46547 0.0538929 0.0441991
0 0.17394 0.215843 0.344354 0.381961
0 0.76424 0.0558753 0.0390613 0.0317736
0 0.254569 0.0173099 0.0449126 0.0346197
0 0.292932 0.373036 0.0603439 0.0519503
0 0.820109 0.990164 0.0514244 0.019673
0 0.6424 0.689982 0.0903006 0.0694121
0 0.516224 0.421773 0.0820587 0.0673287
0 0.293388 0.714376 0.0326319 0.0300257
0 0.975976 0.895808 0.047747 0.0946533
0 0.0120562 0.200304 0.0241124 0.0829509
0 0.553532 0.0423395 0.0296114 0.0254435
0 0.234367 0.554852 0.0465722 0.0402797
0 0.930208 0.96141 0.139584 0.0767555
0 0.472866 0.436828 0.169299 0.152427
