0 0.123264 0.181554 0.0770564 0.0748957
0 0.764928 0.187769 0.164813 0.162935
0 0.322537 0.0397788 0.068342 0.0670494
0 0.0608493 0.420451 0.0550979 0.0534822
0 0.847247 0.691634 0.183737 0.175416
0 0.477952 0.036231 0.0352135 0.0340517
0 0.942907 0.874921 0.0490463 0.0496384
0 0.555029 0.219122 0.038611 0.0374563
0 0.428654 0.612119 0.0397209 0.0391586
0 0.0594098 0.592805 0.0427108 0.0411869
0 0.941057 0.723409 0.0667107 0.0664785
0 0.273685 0.385874 0.405962 0.401472
0 0.664035 0.521615 0.0276543 0.0270899
0 0.248379 0.812582 0.0927239 0.0900292
0 0.0463922 0.146793 0.0926808 0.127782
0 0.811456 0.0855104 0.0481257 0.0481239
0 0.571351 0.100425 0.0293167 0.0295169
0 0.77645 0.44987 0.157721 0.158312
0 0.644715 0.0909108 0.0310989 0.029373
0 0.0869411 0.992829 0.0309877 0.0141151
0 0.602028 0.245538 0.0815157 0.0773478
0 0.693388 0.356974 0.154665 0.143285
0 0.255831 0.0690515 0.0323284 0.0318733
0 0.41719 0.991311 0.0313156 0.0173512
0 0.734813 0.920195 0.0295664 0.0301357
0 0.407664 0.83179 0.204087 0.20134
0 0.954225 0.898083 0.0292786 0.0291189
0 0.663192 0.0729418 0.0258795 0.0241284
0 0.0311092 0.496209 0.0430639 0.0402401
0 0.350849 0.905983 0.153343 0.157063
0 0.7657 0.985102 0.0451954 0.0295486
0 0.703675 0.537801 0.0278876 0.0278874
0 0.521289 0.0610711 0.0253628 0.0247289
0 0.895933 0.559993 0.0241917 0.0234572
0 0.488718 0.989907 0.0309551 0.0200588
0 0.678288 0.556389 0.0291023 0.0281822
0 0.275081 0.879843 0.103767 0.0987829
0 0.975366 0.951355 0.048646 0.09729
0 0.935389 0.0724982 0.0299627 0.0290376
0 0.747423 0.81942 0.0447563 0.0507515
