0 0.422774 0.212575 0.159726 0.124144
0 0.207886 0.130289 0.13612 0.110039
0 0.679909 0.853285 0.0865349 0.0658594
0 0.515561 0.921462 0.0793198 0.0567024
0 0.934531 0.548361 0.0598782 0.042547
0 0.0628529 0.710281 0.0686067 0.052809
0 0.388305 0.458997 0.0844824 0.067244
0 0.235401 0.675998 0.0495581 0.0370287
0 0.498962 0.0184474 0.0531034 0.0368287
0 0.652948 0.694342 0.0690954 0.0511442
0 0.830153 0.187652 0.0616844 0.0459984
0 0.466087 0.339575 0.0394059 0.030324
0 0.830006 0.0825073 0.0860197 0.0647132
0 0.146526 0.871071 0.0932236 0.0675514
0 0.142078 0.702896 0.0569369 0.0442966
0 0.068748 0.942798 0.0699524 0.0527004
0 0.967436 0.820701 0.0449049 0.0339024
0 0.022499 0.0502356 0.0449981 0.0409308
0 0.545397 0.635039 0.0443911 0.0340185
0 0.0882684 0.803712 0.0444899 0.0330287
0 0.451564 0.124515 0.0522878 0.0416069
0 0.400296 0.27144 0.0338562 0.0268599
0 0.954901 0.61126 0.0784485 0.0570179
0 0.846861 0.885256 0.127659 0.0971281
0 0.731232 0.98882 0.0439824 0.0221647
0 0.703576 0.288179 0.0456261 0.0330115
0 0.586661 0.663624 0.074557 0.0538095
0 0.144964 0.362667 0.136568 0.117336
0 0.906066 0.31964 0.0949417 0.0736001
0 0.0510462 0.578922 0.101939 0.0808157
0 0.672359 0.383721 0.0547078 0.0435639
0 0.288514 0.834298 0.033832 0.0267311
0 0.886358 0.89125 0.0453865 0.0334194
0 0.988011 0.478939 0.0239772 0.0407969
0 0.0421932 0.64515 0.0556419 0.0402454
0 0.030542 0.936879 0.0517751 0.0434441
0 0.8124 0.677087 0.0635304 0.0499149
0 0.516247 0.667797 0.0409462 0.0302332
0 0.675652 0.0520935 0.0744534 0.0534368
0 0.327021 0.257593 0.0647054 0.047009
0 0.913359 0.257556 0.0404602 0.0317976
0 0.393044 0.521188 0.228653 0.189714
0 0.0567701 0.908164 0.0388178 0.0274231
0 0.400351 0.643912 0.0579963 0.0429939
0 0.692253 0.112484 0.114281 0.084549
0 0.525221 0.559689 0.0408015 0.0314539
0 0.478832 0.400264 0.06432 0.051052
0 0.188889 0.714705 0.0550715 0.0405489
0 0.262961 0.810666 0.0418375 0.0318605
0 0.481244 0.83606 0.0711295 0.0542974
0 0.776777 0.10608 0.0452978 0.0344631
0 0.895271 0.385989 0.031638 0.0250605
0 0.185407 0.224464 0.070807 0.0590917
0 0.0629183 0.601426 0.0667387 0.0502172
0 0.27413 0.316327 0.0310581 0.0244608
0 0.312661 0.118254 0.0811142 0.0664723
0 0.302893 0.383733 0.0310079 0.0234041
0 0.00614231 0.633171 0.0122846 0.0356786
0 0.992126 0.304922 0.0154846 0.0279665
0 0.755439 0.698851 0.0309292 0.0244838
