0 0.616184 0.727621 0.217864 0.204188
0 0.058654 0.0954915 0.0629982 0.0605793
0 0.0875637 0.442544 0.0674546 0.0650644
0 0.495943 0.934067 0.0975493 0.08978
0 0.188249 0.245914 0.251225 0.23744
0 0.20152 0.447396 0.171594 0.156808
0 0.153976 0.663748 0.0491705 0.0469851
0 0.609661 0.476129 0.0519671 0.050171
0 0.0562588 0.163398 0.0476365 0.0467189
0 0.777963 0.486036 0.0481482 0.0455635
0 0.62995 0.0997501 0.0580486 0.0538056
0 0.582126 0.169639 0.044103 0.0422515
0 0.458459 0.368411 0.049464 0.0438544
0 0.795876 0.806471 0.04323 0.0402321
0 0.0310481 0.958064 0.0606373 0.0828926
0 0.183847 0.116195 0.0322829 0.0321937
0 0.724002 0.395238 0.0350795 0.0338498
0 0.237253 0.0636327 0.0337724 0.0314637
0 0.709996 0.666231 0.0369729 0.0343532
0 0.017545 0.32688 0.0321741 0.0315137
0 0.826503 0.0138372 0.0305717 0.0276743
0 0.791755 0.256446 0.181648 0.171733
0 0.0303714 0.419902 0.0284538 0.0266338
0 0.988704 0.235081 0.0224096 0.0416121
0 0.56633 0.975481 0.108232 0.0490386
0 0.391094 0.146152 0.0312181 0.0295303
0 0.750703 0.799864 0.044391 0.0389549
0 0.0113432 0.451955 0.0226863 0.0340201
0 0.269446 0.6145 0.0526127 0.0496309
0 0.421127 0.177811 0.0273936 0.0274795
0 0.389792 0.901599 0.04972 0.0474678
0 0.962264 0.580276 0.0751114 0.0728642
0 0.222502 0.635326 0.0400503 0.0378902
0 0.822838 0.0972984 0.0329964 0.0308336
0 0.402045 0.754974 0.0282461 0.02612
0 0.113968 0.831542 0.0302825 0.0280701
0 0.614553 0.957109 0.0466298 0.0427094
0 0.69477 0.975485 0.0507023 0.044903
0 0.358031 0.515174 0.0276956 0.0266015
0 0.502752 0.0618955 0.0406421 0.0392397
0 0.645398 0.257806 0.0319598 0.0298794
0 0.969511 0.339314 0.0304615 0.0284429
0 0.989238 0.509966 0.0215109 0.0412445
0 0.531883 0.297643 0.0308787 0.0284501
0 0.701668 0.614096 0.0379023 0.0339066
0 0.35158 0.837999 0.0293067 0.027915
0 0.509135 0.0471816 0.0270626 0.02647
0 0.215581 0.250109 0.0446343 0.0415124
0 0.0061433 0.708551 0.0122866 0.0293737
0 0.62195 0.712903 0.0342056 0.0326779
0 0.793037 0.39532 0.0428862 0.0402511
0 0.233386 0.663046 0.035425 0.0316746
0 0.987223 0.91224 0.0254118 0.0252998
0 0.478928 0.607199 0.0330082 0.0300906
0 0.990807 0.345366 0.0183857 0.0253642
0 0.104889 0.751428 0.0303071 0.0288264
