0 0.780759 0.0823418 0.0582652 0.0564442
0 0.314132 0.626047 0.034348 0.03307
0 0.65612 0.409826 0.031245 0.0293074
0 0.537987 0.365962 0.0335426 0.031882
0 0.370179 0.370163 0.0303294 0.0299572
0 0.589173 0.504727 0.0346828 0.0330703
0 0.92521 0.238795 0.0335686 0.0317244
0 0.647624 0.307594 0.0372254 0.0350099
0 0.231405 0.29528 0.035441 0.0331645
0 0.642807 0.908148 0.0334377 0.0314936
0 0.0152766 0.582033 0.0301501 0.0314306
0 0.271001 0.321074 0.0301913 0.0287402
0 0.370941 0.418328 0.0279577 0.0265556
0 0.572643 0.533102 0.0291428 0.0286297
0 0.272468 0.598572 0.0360523 0.0353861
