0 0.643845 0.420459 0.0766863 0.0707801
0 0.171558 0.362964 0.190702 0.18117
0 0.792753 0.134057 0.105313 0.0956357
0 0.0786793 0.670495 0.0730261 0.0667084
0 0.08014 0.572636 0.0899227 0.0810197
0 0.0717516 0.313379 0.038288 0.0357627
0 0.919061 0.350241 0.0633823 0.0551199
0 0.780105 0.837284 0.148985 0.137932
0 0.445936 0.861588 0.0483534 0.0459728
0 0.166043 0.210313 0.0526938 0.0499155
0 0.110597 0.719242 0.057346 0.0525352
0 0.480224 0.583204 0.0605251 0.0574167
0 0.951497 0.314175 0.0572815 0.050619
0 0.571956 0.518654 0.0760099 0.0718862
0 0.933362 0.450223 0.0480408 0.0451123
0 0.252746 0.436466 0.0393488 0.0378951
0 0.236914 0.497142 0.0318301 0.0294645
0 0.0593799 0.287701 0.0433168 0.0403682
0 0.779481 0.651911 0.103576 0.098611
0 0.0763959 0.0843863 0.109751 0.106903
0 0.654861 0.985493 0.0630401 0.0290135
0 0.704649 0.124675 0.106077 0.0991555
0 0.918077 0.753106 0.0710032 0.0658275
0 0.28634 0.300182 0.0423393 0.0395247
0 0.985111 0.181594 0.0295742 0.0436848
0 0.18859 0.158123 0.0305203 0.0297606
0 0.109834 0.288612 0.0446417 0.042686
0 0.0242612 0.20311 0.0295092 0.0294158
0 0.114545 0.772162 0.0313008 0.0283257
0 0.169091 0.0266954 0.0291345 0.0273786
0 0.730206 0.193914 0.0414177 0.0396553
0 0.100819 0.831134 0.0289127 0.0271086
0 0.468768 0.808398 0.0378645 0.0356447
0 0.227456 0.127329 0.0275032 0.0257699
0 0.564229 0.317692 0.0309851 0.0292444
0 0.9728 0.784328 0.0543993 0.0588627
0 0.274209 0.0951566 0.0271184 0.0264575
0 0.581171 0.219033 0.0334993 0.0301073
0 0.322644 0.831853 0.0883533 0.0839867
0 0.899148 0.931515 0.0296486 0.0287756
0 0.0196144 0.769234 0.0389648 0.0489738
0 0.61493 0.923818 0.0347973 0.0318632
0 0.111354 0.190917 0.0569345 0.0541779
0 0.382154 0.338231 0.0350955 0.033146
0 0.921138 0.859813 0.147384 0.135755
0 0.603539 0.889295 0.0339209 0.0309139
0 0.510388 0.20778 0.0425035 0.0386044
0 0.70794 0.0172269 0.110295 0.0344538
0 0.273335 0.855975 0.0296071 0.0282413
0 0.570802 0.474605 0.0570818 0.0530756
0 0.354109 0.412104 0.0445965 0.0412637
0 0.551571 0.431571 0.233652 0.208333
0 0.303851 0.229623 0.0254927 0.023535
0 0.948471 0.951452 0.102707 0.095808
0 0.881892 0.515897 0.0402737 0.037562
0 0.136559 0.824273 0.0556902 0.0513067
0 0.218666 0.102263 0.028754 0.0274857
0 0.655758 0.0900685 0.0772669 0.0687325
0 0.288702 0.0380654 0.0316007 0.030305
0 0.445193 0.465157 0.0297192 0.0278623
0 0.751269 0.0307651 0.0631174 0.0597269
0 0.156549 0.704882 0.0343472 0.0324267
0 0.884447 0.653474 0.0627575 0.0566776
0 0.453802 0.0058325 0.0459654 0.011665
0 0.454275 0.636073 0.0316771 0.0312124
0 0.669623 0.495027 0.0333142 0.0301962
0 0.814126 0.715029 0.0400818 0.0378571
0 0.952175 0.486842 0.0272501 0.0259598
0 0.231565 0.0103089 0.0412846 0.0205093
