0 0.586087 0.260795 0.293572 0.237552
0 0.773937 0.318517 0.148316 0.112937
0 0.86736 0.562508 0.143211 0.107798
0 0.882675 0.0348945 0.092284 0.0684554
0 0.569477 0.897786 0.0427904 0.0320328
0 0.810718 0.896017 0.0459202 0.0334377
0 0.760136 0.856491 0.0493177 0.0354881
0 0.562645 0.749616 0.0987164 0.077084
0 0.724453 0.821712 0.0452183 0.0351622
0 0.819354 0.736941 0.0424248 0.033074
0 0.728869 0.985401 0.0517557 0.0287483
0 0.906281 0.966506 0.0993393 0.0666933
0 0.568779 0.692049 0.0671911 0.0492842
0 0.953007 0.646175 0.0939278 0.157661
0 0.750567 0.637607 0.0691128 0.0536537
0 0.85633 0.14101 0.0555347 0.0440773
0 0.742807 0.0254549 0.0394634 0.0292632
0 0.309164 0.931386 0.0338748 0.0272034
0 0.718469 0.89209 0.0398273 0.0283384
0 0.702349 0.917462 0.0420422 0.0311153
0 0.467334 0.959601 0.109211 0.0794199
0 0.484994 0.806153 0.0643278 0.0481709
0 0.572039 0.660633 0.0336536 0.0285578
0 0.867778 0.960485 0.0597321 0.049831
0 0.72161 0.602596 0.0336069 0.0269291
0 0.6999 0.114948 0.17208 0.14055
0 0.868655 0.333562 0.0353504 0.0285021
0 0.962806 0.421065 0.045816 0.0359236
0 0.988996 0.0530414 0.0219128 0.0397687
0 0.955686 0.32138 0.0322395 0.025479
0 0.541101 0.716581 0.0312027 0.0258669
0 0.972194 0.505424 0.0551529 0.0588421
0 0.772446 0.215859 0.106055 0.0899438
0 0.810641 0.989243 0.0852917 0.0215145
0 0.794375 0.00814466 0.0616592 0.0160679
