0 0.376925 0.234499 0.0906963 0.0873586
0 0.864916 0.410143 0.0690165 0.0678967
0 0.271674 0.616744 0.0488285 0.0472199
0 0.822413 0.592696 0.0587774 0.0581791
0 0.716992 0.881856 0.0604057 0.0590977
0 0.58554 0.220993 0.0438222 0.0432591
0 0.135085 0.656621 0.0434653 0.0428263
0 0.259058 0.162635 0.0410047 0.0402916
0 0.693136 0.0213391 0.0387553 0.0371147
0 0.343943 0.0235197 0.110576 0.0470395
0 0.0995867 0.108495 0.0329153 0.0334302
0 0.197358 0.395311 0.0344992 0.0336426
0 0.081451 0.492204 0.0337342 0.0333411
0 0.443189 0.124968 0.0514698 0.0504007
0 0.819332 0.91793 0.0292774 0.0297432
0 0.152931 0.483686 0.0301964 0.0300549
0 0.192246 0.116809 0.0351649 0.035312
0 0.247018 0.663206 0.0308384 0.0306473
0 0.0273156 0.504527 0.030198 0.0300045
0 0.392824 0.432465 0.315542 0.338266
0 0.671509 0.423555 0.0327665 0.0323811
0 0.968887 0.988553 0.0266962 0.0227608
0 0.855342 0.807216 0.0288963 0.0282974
0 0.0481698 0.0481438 0.0312949 0.032041
0 0.856002 0.0571178 0.0278378 0.0270948
0 0.984617 0.618642 0.026819 0.0269864
0 0.645965 0.412045 0.0322336 0.0313706
0 0.160751 0.429387 0.0275841 0.0264362
0 0.607567 0.977907 0.025839 0.0254963
0 0.839662 0.482912 0.0275444 0.0274181
0 0.861908 0.00667672 0.0370672 0.0133534
0 0.29144 0.244008 0.0337296 0.0334409
0 0.770928 0.106166 0.0262883 0.0260191
0 0.938237 0.313551 0.0279163 0.0274356
0 0.709731 0.151992 0.0294422 0.0287583
0 0.736008 0.172631 0.0275536 0.0266816
0 0.947765 0.840566 0.0255367 0.0256111
0 0.790505 0.0722771 0.0274567 0.0260129
0 0.311412 0.993795 0.0300838 0.0120659
0 0.183518 0.231748 0.0263268 0.0262765
0 0.807169 0.484212 0.0268213 0.0268579
0 0.818879 0.170224 0.0285414 0.0275568
0 0.965203 0.413391 0.033086 0.0309099
0 0.241112 0.139544 0.0246753 0.0245575
0 0.12048 0.0891879 0.0361946 0.034724
