0 0.1758 0.21352 0.160214 0.158344
0 0.136231 0.105401 0.227488 0.210792
0 0.848599 0.0393948 0.0462042 0.0451294
0 0.788358 0.0564121 0.0704466 0.0707069
0 0.0757241 0.373843 0.037278 0.0358301
0 0.804126 0.285839 0.0337442 0.0325849
0 0.677821 0.779466 0.0364703 0.0333579
0 0.474044 0.151846 0.0311288 0.0302696
0 0.130428 0.459554 0.0272309 0.0261021
0 0.42989 0.550303 0.601469 0.531313
0 0.610473 0.0188299 0.0401077 0.0370293
0 0.729571 0.216751 0.0742704 0.0712326
0 0.668101 0.107037 0.0296244 0.0286374
0 0.149177 0.681735 0.0374812 0.0351264
0 0.842017 0.018738 0.0751064 0.0366697
0 0.540118 0.178897 0.0508039 0.0504384
0 0.328011 0.25805 0.0641228 0.0622222
0 0.792015 0.160002 0.027412 0.0267967
0 0.07896 0.247403 0.127234 0.112426
0 0.562644 0.213056 0.0265354 0.0258955
