0 0.444762 0.539353 0.0681759 0.0644337
0 0.608511 0.618057 0.0517378 0.0503584
0 0.277076 0.680663 0.065189 0.0597969
0 0.403438 0.0644151 0.0472346 0.0467424
0 0.325269 0.560612 0.0425179 0.0393019
0 0.33948 0.524759 0.039494 0.0366774
0 0.819875 0.415992 0.0370319 0.036305
0 0.793247 0.0327361 0.0400867 0.0374095
0 0.848247 0.693271 0.037158 0.0353461
0 0.94379 0.582801 0.0382305 0.0372747
0 0.441697 0.177186 0.033926 0.0317271
0 0.427126 0.133127 0.0340286 0.0337009
0 0.695922 0.843604 0.0561016 0.0525494
0 0.978896 0.586747 0.0412195 0.0394018
0 0.79908 0.577906 0.0299199 0.0292376
0 0.0792275 0.883252 0.0273431 0.0257784
0 0.475141 0.787449 0.0309148 0.0285416
0 0.390092 0.132565 0.0355986 0.0347129
0 0.963552 0.737558 0.0350061 0.0326641
0 0.842008 0.962591 0.0334213 0.0312737
0 0.109869 0.52334 0.0388535 0.0345189
0 0.292893 0.475284 0.0342656 0.0321516
0 0.924678 0.986722 0.0307978 0.0265555
0 0.036528 0.172189 0.073056 0.0767325
0 0.731918 0.653848 0.0295964 0.0280939
0 0.882512 0.882806 0.0281912 0.0269379
0 0.341416 0.609559 0.0353907 0.0332287
0 0.829263 0.757668 0.168752 0.165691
0 0.927709 0.516308 0.0273472 0.0266726
0 0.21535 0.854329 0.0410812 0.0358109
0 0.042464 0.957191 0.0529643 0.0479012
0 0.0324668 0.687049 0.0649336 0.141538
0 0.628248 0.804108 0.286136 0.264822
0 0.740394 0.855972 0.0327284 0.0313311
