0 0.921284 0.60706 0.0438187 0.0422487
0 0.0609647 0.254419 0.0376764 0.0361325
0 0.974371 0.290783 0.0512142 0.05398
0 0.857124 0.411306 0.0404348 0.0381265
0 0.8596 0.519746 0.03941 0.037682
0 0.122946 0.543869 0.0317771 0.0308483
0 0.195931 0.270851 0.0329868 0.0314731
0 0.647737 0.943432 0.0302843 0.0285828
0 0.719174 0.499957 0.0345392 0.0331944
0 0.288812 0.65045 0.0337516 0.0333299
0 0.903383 0.454457 0.0311558 0.0288857
0 0.255023 0.322621 0.028635 0.0272645
0 0.289782 0.511929 0.0301763 0.0288844
0 0.264041 0.643182 0.0273536 0.02776
0 0.690179 0.427418 0.0301323 0.0277488
0 0.779616 0.799374 0.0281065 0.0269255
0 0.922745 0.127295 0.0334579 0.0311512
0 0.810227 0.834774 0.0285023 0.0272133
0 0.951892 0.110181 0.0319935 0.0306721
