0 0.950927 0.91027 0.0538349 0.0525841
0 0.234998 0.24935 0.040841 0.0403277
0 0.626803 0.84072 0.0350569 0.0343296
0 0.217394 0.207642 0.0490555 0.0467488
0 0.409223 0.645247 0.0319672 0.0321976
0 0.629145 0.450288 0.0293186 0.0287882
0 0.511609 0.955297 0.0411508 0.0405098
0 0.927251 0.532193 0.0311852 0.0304058
0 0.0935418 0.793823 0.0406024 0.0400047
0 0.37617 0.693436 0.0303372 0.0302657
0 0.6101 0.986331 0.0336882 0.0272568
0 0.27984 0.894615 0.0282654 0.0271149
0 0.169625 0.670217 0.052635 0.0513655
0 0.211843 0.940455 0.0342206 0.0336947
0 0.652696 0.0806434 0.0356581 0.0348956
0 0.265041 0.168291 0.0363732 0.0357434
0 0.846973 0.819019 0.0297451 0.0290228
0 0.073617 0.833743 0.0329929 0.0317024
0 0.872672 0.833017 0.0320772 0.0322712
0 0.208691 0.878268 0.0366432 0.0354345
0 0.0874204 0.16446 0.0292983 0.0283173
0 0.00752217 0.20342 0.0150443 0.0292955
0 0.478429 0.246471 0.0289028 0.0292021
0 0.310496 0.188943 0.0306002 0.0290672
0 0.621117 0.207088 0.0387044 0.0375885
0 0.832657 0.30848 0.0254845 0.0253929
0 0.845119 0.741389 0.02551 0.0252989
0 0.463056 0.275879 0.0307869 0.0283463
0 0.140281 0.180545 0.0265476 0.026461
0 0.149852 0.133251 0.0308326 0.0317552
