0 0.720337 0.354083 0.0538299 0.0526743
0 0.976142 0.461903 0.0468601 0.0462958
0 0.685544 0.617126 0.0512466 0.0498587
0 0.974039 0.809082 0.0516861 0.0646824
0 0.109077 0.966477 0.0467986 0.0437733
0 0.911222 0.375022 0.0360722 0.0348197
0 0.50012 0.550869 0.0402219 0.0385777
0 0.934982 0.972318 0.0362129 0.033386
0 0.284322 0.363231 0.035773 0.0345909
0 0.236178 0.500722 0.0293346 0.0286528
0 0.0246343 0.23003 0.0492687 0.0752801
0 0.28973 0.281308 0.041788 0.040497
0 0.165332 0.349468 0.0327341 0.0322556
0 0.86128 0.382379 0.029701 0.0293035
0 0.0651196 0.630205 0.0849271 0.0831191
0 0.0124201 0.17421 0.0248402 0.0618393
0 0.866663 0.0764212 0.101233 0.10079
0 0.27675 0.866039 0.0317825 0.0310566
0 0.156107 0.637624 0.0294919 0.0284498
0 0.321567 0.630038 0.0638212 0.0609005
0 0.738767 0.418305 0.03503 0.0341447
0 0.214427 0.990566 0.0312702 0.0185787
0 0.0142662 0.0916413 0.0283905 0.0856269
0 0.604277 0.686176 0.0260897 0.0255724
0 0.498963 0.487979 0.0387535 0.0366647
0 0.91219 0.517121 0.0317831 0.0312711
0 0.772816 0.0459637 0.101785 0.0919275
0 0.831449 0.278172 0.0320976 0.0301041
0 0.803794 0.456803 0.0261612 0.0262735
0 0.138601 0.918046 0.0410501 0.0385746
0 0.155702 0.233192 0.0346167 0.0347446
0 0.288936 0.835427 0.0314424 0.0314018
0 0.991412 0.391419 0.0171759 0.0501298
0 0.107094 0.677273 0.0853541 0.0858307
0 0.57763 0.0471929 0.157234 0.0942215
0 0.967248 0.502046 0.0264372 0.0251397
0 0.707871 0.701598 0.0293677 0.0277981
0 0.233719 0.317792 0.0292058 0.02915
0 0.427835 0.473252 0.0250368 0.024269
0 0.839421 0.484747 0.02537 0.025675
0 0.875256 0.777788 0.0321033 0.0313528
0 0.91055 0.603291 0.0375423 0.0358685
0 0.239389 0.694606 0.0360102 0.0343939
0 0.609675 0.371351 0.0382245 0.0371593
0 0.47965 0.792232 0.0691259 0.0667573
