0 0.329504 0.203855 0.128689 0.105559
0 0.901776 0.0940894 0.107341 0.0839126
0 0.0368639 0.197025 0.0451322 0.0358047
0 0.0619574 0.78219 0.0528341 0.0394518
0 0.0345185 0.721703 0.0690369 0.0566818
0 0.480052 0.793358 0.0473255 0.0357126
0 0.5815 0.0137872 0.0445966 0.0271138
0 0.645281 0.0607719 0.156013 0.118221
0 0.618832 0.191311 0.134954 0.09406
0 0.960451 0.358516 0.0790981 0.0745473
0 0.115395 0.927431 0.0502444 0.0376392
0 0.429178 0.897208 0.0449162 0.0333134
0 0.411127 0.725508 0.0341658 0.0261299
0 0.343716 0.124457 0.0696424 0.0562997
