0 0.0819734 0.71513 0.125737 0.0985886
0 0.896589 0.170807 0.200584 0.151646
0 0.746341 0.104338 0.209173 0.169411
0 0.235475 0.652596 0.0794561 0.0588493
0 0.486051 0.606747 0.0696122 0.0511182
0 0.387264 0.94745 0.043591 0.03158
0 0.193997 0.676239 0.0782271 0.0603155
0 0.906304 0.88752 0.0378857 0.029064
0 0.447265 0.680688 0.0336196 0.0267172
0 0.363981 0.356707 0.0370227 0.027354
0 0.616424 0.492571 0.0384349 0.0292833
0 0.564502 0.495741 0.0391791 0.0286524
0 0.245404 0.30159 0.0342176 0.028367
0 0.339335 0.962387 0.0354955 0.0315956
0 0.539761 0.0538757 0.123787 0.0913194
0 0.933975 0.0688586 0.13205 0.136265
0 0.804452 0.0296958 0.0468122 0.0391857
0 0.00806833 0.092301 0.0159984 0.035578
0 0.0140928 0.00809989 0.0281855 0.0161031
0 0.309438 0.0486026 0.0554688 0.0417139
0 0.146491 0.645658 0.0501187 0.0417816
