0 0.270387 0.849247 0.169095 0.132917
0 0.299776 0.208076 0.261406 0.206978
0 0.0300887 0.280652 0.0599594 0.0505945
0 0.324347 0.926817 0.0647359 0.0494259
0 0.336576 0.472045 0.125409 0.0955401
0 0.426509 0.151717 0.0901778 0.0714093
0 0.0780492 0.307493 0.0617522 0.0505785
0 0.534733 0.0388685 0.0941967 0.0747306
0 0.761807 0.224016 0.0518324 0.0419135
0 0.81879 0.187395 0.0347218 0.0291189
0 0.132315 0.23867 0.0640423 0.0517452
0 0.879676 0.0675805 0.122996 0.102068
0 0.371775 0.796259 0.107615 0.0843082
0 0.811373 0.414585 0.0458061 0.0362078
0 0.206385 0.954559 0.112195 0.0895504
0 0.114253 0.677727 0.0786544 0.0643429
0 0.698326 0.0384317 0.0323053 0.0276917
0 0.867834 0.632713 0.0360191 0.0321358
0 0.936034 0.58625 0.0446339 0.0393049
0 0.0594551 0.81603 0.114399 0.096291
0 0.950398 0.443469 0.0445112 0.036841
0 0.884843 0.458487 0.0380859 0.0308991
0 0.784134 0.838764 0.0569283 0.0498257
0 0.861036 0.990977 0.0348869 0.0177555
0 0.703003 0.0915585 0.0878603 0.0724927
0 0.705425 0.639816 0.0495819 0.0434471
0 0.291946 0.755611 0.0696895 0.0566872
0 0.068597 0.979113 0.0585427 0.0417747
0 0.269123 0.985074 0.063803 0.0293152
0 0.390306 0.313634 0.111373 0.0877062
0 0.0331861 0.878629 0.0663723 0.110944
0 0.190561 0.745019 0.0675272 0.0566839
0 0.857656 0.510125 0.0311253 0.0275132
0 0.892303 0.974707 0.0465015 0.0394756
0 0.18318 0.59679 0.06452 0.0543612
0 0.0606709 0.227836 0.0380386 0.0319142
0 0.705046 0.754843 0.0317822 0.0268697
0 0.86238 0.543338 0.033942 0.0308037
0 0.413205 0.0165521 0.0625803 0.0331043
0 0.160863 0.628552 0.0882718 0.0663544
0 0.390462 0.987752 0.0628182 0.0244967
0 0.403822 0.870856 0.04908 0.0364147
0 0.918948 0.424195 0.0331181 0.0286005
0 0.348542 0.0115003 0.0450603 0.0228992
0 0.653911 0.930818 0.028865 0.0254673
0 0.218322 0.00717396 0.055527 0.0142813
0 0.771811 0.969454 0.0290129 0.0254143
