0 0.0419276 0.49275 0.0612411 0.0604841
0 0.381392 0.958498 0.0700876 0.0702034
0 0.0556748 0.231985 0.0613871 0.0598453
0 0.668816 0.779271 0.0561283 0.0541584
0 0.569078 0.717896 0.0467184 0.0463991
0 0.0756536 0.464796 0.0357454 0.0345015
0 0.320465 0.190964 0.0381446 0.0375919
0 0.43093 0.840663 0.0355375 0.0351219
0 0.475549 0.681689 0.0324965 0.0326059
0 0.172564 0.471598 0.0554634 0.0562416
0 0.633232 0.580519 0.0359162 0.034483
0 0.724058 0.613417 0.0447436 0.0435648
0 0.166764 0.0888354 0.0398478 0.0396152
0 0.596884 0.781937 0.0327532 0.0311029
0 0.433753 0.660837 0.0580212 0.0555835
0 0.663222 0.565549 0.0327674 0.0320229
0 0.52357 0.467116 0.119302 0.114917
0 0.281801 0.114875 0.0580587 0.0568581
0 0.336401 0.891334 0.0327776 0.0331692
0 0.914805 0.61303 0.0264952 0.0257593
0 0.639981 0.901277 0.0376333 0.0379833
0 0.631572 0.434193 0.132662 0.125732
0 0.307516 0.324377 0.0514327 0.0506412
0 0.922635 0.854539 0.0346478 0.0339109
0 0.0774072 0.805874 0.0496523 0.0469862
0 0.489823 0.849654 0.0313058 0.0305595
0 0.95634 0.784206 0.0243237 0.0243991
0 0.0189396 0.00653407 0.0316306 0.0130681
0 0.303208 0.641204 0.0627003 0.0643065
0 0.350988 0.990596 0.0330672 0.0183945
0 0.923548 0.828759 0.0267475 0.0269815
0 0.318868 0.375437 0.0299075 0.0288243
0 0.37844 0.483061 0.0891765 0.0868936
0 0.282828 0.162559 0.0328238 0.0318721
0 0.229508 0.249244 0.0279228 0.0273319
0 0.256505 0.245281 0.0248149 0.0250267
0 0.226421 0.565335 0.125506 0.123116
0 0.648149 0.841253 0.0988104 0.0938686
0 0.829633 0.949607 0.0643019 0.0623976
