0 0.808896 0.842367 0.27723 0.266206
0 0.842038 0.483438 0.114146 0.111654
0 0.155632 0.545969 0.0882376 0.0857887
0 0.366651 0.489455 0.0737342 0.0724293
0 0.533756 0.830069 0.0766218 0.0745531
0 0.230879 0.126838 0.3382 0.253677
0 0.658227 0.971561 0.0384379 0.0374275
0 0.947748 0.462386 0.0402767 0.0385279
0 0.382922 0.607278 0.0630076 0.0618916
0 0.103534 0.797545 0.0328464 0.032267
0 0.309987 0.797785 0.0348977 0.0341953
0 0.0812574 0.591608 0.080768 0.0782185
0 0.939128 0.770464 0.0412106 0.0400701
0 0.249617 0.559001 0.0476908 0.0463821
0 0.545079 0.755064 0.0529152 0.0520238
0 0.924757 0.436948 0.0293888 0.0287102
0 0.922482 0.0275996 0.0276676 0.0268135
0 0.604316 0.835503 0.0688831 0.0685944
0 0.859663 0.133855 0.0273741 0.0270638
0 0.500829 0.681598 0.050262 0.0482164
0 0.562091 0.906601 0.0920017 0.0903311
0 0.63903 0.635582 0.125278 0.118282
0 0.0353045 0.927987 0.069863 0.0691513
0 0.712948 0.258148 0.0281405 0.0279408
0 0.340867 0.747084 0.0291148 0.0281126
0 0.082726 0.949457 0.0526561 0.0509369
0 0.282911 0.343828 0.0797824 0.077107
0 0.803753 0.657292 0.0568064 0.0547499
0 0.820333 0.985041 0.0417341 0.0295176
0 0.511342 0.484674 0.0494663 0.0494535
0 0.178639 0.962095 0.115141 0.0758093
0 0.466411 0.410167 0.09935 0.0956714
0 0.598004 0.568612 0.0692835 0.0705978
0 0.624812 0.137751 0.148243 0.140853
0 0.578795 0.935253 0.0599717 0.056003
0 0.0790243 0.861185 0.0551715 0.0514339
0 0.374326 0.965194 0.0623208 0.0600519
0 0.966863 0.714312 0.0651045 0.0676068
