0 0.780719 0.104536 0.0661675 0.0610421
0 0.527426 0.576271 0.0623144 0.0571812
0 0.273236 0.782743 0.0619662 0.0556913
0 0.73274 0.277419 0.0497888 0.0455325
0 0.746438 0.0466348 0.045748 0.0418346
0 0.184953 0.225171 0.0826617 0.0792701
0 0.709234 0.0915379 0.0440069 0.0406741
0 0.759204 0.247921 0.0352778 0.0321966
0 0.715933 0.58775 0.0333847 0.0314575
0 0.628107 0.9085 0.197471 0.174833
0 0.533579 0.778549 0.0322254 0.0297537
0 0.10936 0.336168 0.0421414 0.039206
0 0.626429 0.82325 0.0326199 0.0298645
0 0.289105 0.504722 0.0316679 0.0288141
0 0.133045 0.249495 0.0523052 0.0489928
0 0.804024 0.992787 0.0373438 0.0144254
0 0.00898516 0.17474 0.0177618 0.0326812
0 0.116422 0.295619 0.0381649 0.0355285
0 0.0901124 0.216458 0.0393742 0.0364038
0 0.682147 0.156583 0.0284326 0.0264555
0 0.922997 0.857288 0.15308 0.18718
0 0.972085 0.967963 0.05583 0.0636074
