0 0.775603 0.384061 0.39336 0.377295
0 0.349651 0.794423 0.0374463 0.0364377
0 0.890038 0.959058 0.171532 0.0816002
0 0.608786 0.0813834 0.242702 0.162736
0 0.956474 0.742977 0.0870522 0.117027
0 0.256913 0.839178 0.0292289 0.0271767
0 0.526244 0.674188 0.0572451 0.0534917
0 0.333006 0.658032 0.0560388 0.0543081
0 0.885296 0.885621 0.0361397 0.0344744
0 0.551016 0.897282 0.0535421 0.0527073
0 0.54565 0.716834 0.045336 0.0430144
0 0.219883 0.265818 0.0434603 0.0421602
0 0.612569 0.950083 0.041816 0.0402721
0 0.810707 0.823947 0.037145 0.0356499
0 0.984632 0.672486 0.0307364 0.0543097
0 0.435621 0.992148 0.040589 0.0155216
0 0.435814 0.785789 0.0483045 0.0468981
0 0.60495 0.700703 0.0405262 0.0393867
0 0.815419 0.712574 0.101664 0.0966276
0 0.864318 0.676275 0.0718693 0.0710346
0 0.228224 0.948705 0.030683 0.0293808
0 0.789014 0.799544 0.0382283 0.0372622
0 0.044776 0.85213 0.089472 0.121875
0 0.204303 0.579799 0.0801178 0.075666
0 0.9742 0.613544 0.0374432 0.0353262
0 0.3039 0.629069 0.031556 0.0303982
0 0.368146 0.0532306 0.235509 0.106461
0 0.42399 0.657353 0.133461 0.129897
0 0.151337 0.516135 0.0654674 0.0617819
0 0.101067 0.103856 0.202072 0.20744
0 0.682942 0.90509 0.0330889 0.0324825
0 0.483759 0.84085 0.0677479 0.0642082
0 0.0235963 0.949725 0.0471021 0.0571693
0 0.41464 0.109455 0.0340917 0.0324377
0 0.260592 0.777525 0.0624271 0.0588982
0 0.330795 0.83093 0.0364996 0.0338585
0 0.526066 0.87657 0.031876 0.0301334
0 0.39583 0.67421 0.0742856 0.0688822
0 0.0367895 0.761276 0.0613909 0.0575764
0 0.251642 0.0684967 0.0593037 0.0571433
0 0.266404 0.618115 0.0458298 0.0438509
0 0.478433 0.719825 0.0290955 0.0286148
0 0.722778 0.172293 0.0866959 0.0823006
