0 0.549595 0.42945 0.190966 0.180745
0 0.891153 0.0206616 0.0543903 0.0413232
0 0.102249 0.743304 0.0651781 0.0619614
0 0.218627 0.71555 0.0472208 0.0451294
0 0.679861 0.79601 0.0325241 0.0310316
0 0.423676 0.986262 0.0414742 0.0274757
0 0.954597 0.967691 0.0363289 0.0331047
0 0.658174 0.603626 0.0674565 0.0640789
0 0.336231 0.982218 0.0327421 0.0306917
0 0.0859591 0.681608 0.0318464 0.0295088
0 0.573733 0.94085 0.0436676 0.0392475
0 0.977199 0.28563 0.0453934 0.0869477
0 0.587988 0.902478 0.0361302 0.0342112
0 0.538391 0.98729 0.0482983 0.0251003
0 0.259266 0.719183 0.0373371 0.0360072
0 0.719169 0.902629 0.0321503 0.029578
0 0.477612 0.635748 0.0502192 0.0472797
0 0.483741 0.815346 0.037618 0.0359779
0 0.0321659 0.860013 0.0322061 0.0290993
0 0.891208 0.802921 0.0334082 0.03162
0 0.207285 0.808839 0.029286 0.0273705
0 0.450707 0.785457 0.0505446 0.04636
0 0.348862 0.789679 0.0414432 0.0387241
0 0.0510719 0.276959 0.0278001 0.0276542
0 0.358919 0.62208 0.0517429 0.0488424
0 0.504409 0.624457 0.067458 0.0618818
0 0.676045 0.459214 0.0258811 0.0239548
0 0.629905 0.667556 0.0338038 0.032342
0 0.345207 0.658028 0.0338763 0.0319904
0 0.0388813 0.835683 0.0264421 0.0259047
0 0.493937 0.706024 0.0320108 0.0308016
0 0.554593 0.601124 0.0432612 0.0402639
