0 0.600996 0.249442 0.123103 0.120032
0 0.197395 0.272895 0.0810208 0.0793788
0 0.588266 0.0893402 0.100073 0.0965621
0 0.258293 0.0690193 0.0432675 0.0426894
0 0.0793961 0.86473 0.04703 0.0461956
0 0.161909 0.210606 0.0408726 0.0395923
0 0.0174254 0.242185 0.0341985 0.0362366
0 0.441107 0.602759 0.0397215 0.0381924
0 0.93971 0.804106 0.110612 0.107012
0 0.40145 0.559699 0.0325312 0.0319233
0 0.116027 0.988657 0.0468261 0.0225012
0 0.578607 0.556349 0.0363345 0.0346212
0 0.0622202 0.354938 0.0459677 0.0449729
0 0.524833 0.86509 0.0369592 0.0367126
0 0.860512 0.7111 0.0654427 0.065695
0 0.494397 0.156735 0.0315504 0.0309413
0 0.0159886 0.0560265 0.0319771 0.0408207
0 0.488121 0.517162 0.0405798 0.039698
0 0.521638 0.0480399 0.0514544 0.0504674
0 0.0351245 0.75245 0.0304796 0.0302927
0 0.920085 0.6313 0.0413744 0.0410412
0 0.0653131 0.815138 0.0314619 0.030548
0 0.476025 0.177912 0.0482516 0.0455555
0 0.529196 0.153378 0.0410402 0.0413027
0 0.629834 0.343326 0.0294006 0.0274657
0 0.454499 0.458098 0.0458187 0.0421177
0 0.227013 0.931298 0.0430856 0.0427914
0 0.424285 0.32018 0.0336075 0.034391
0 0.932934 0.585702 0.0483004 0.047063
0 0.375191 0.052388 0.0317787 0.0312677
0 0.680263 0.856866 0.0277264 0.0272976
0 0.155789 0.807451 0.0641761 0.0629427
0 0.0154872 0.348607 0.0303827 0.0326278
0 0.0998005 0.412744 0.0307407 0.0301996
0 0.268315 0.288189 0.0346066 0.0342185
0 0.677098 0.628552 0.029213 0.0291045
0 0.0175191 0.551308 0.0350382 0.0398646
0 0.808361 0.675516 0.0707373 0.0710619
0 0.73977 0.0105535 0.0279733 0.0208639
0 0.318545 0.580146 0.0433269 0.0422597
0 0.571111 0.0267965 0.0342384 0.0335795
0 0.292008 0.712754 0.0386268 0.0379612
0 0.512346 0.772898 0.0295448 0.029522
0 0.959686 0.560805 0.0452263 0.0454281
0 0.678419 0.417991 0.178482 0.169274
0 0.477159 0.054704 0.0365953 0.0345269
0 0.032989 0.53102 0.0279437 0.027684
0 0.531654 0.670227 0.0316602 0.0305741
0 0.0113265 0.322574 0.022653 0.0339143
0 0.0989875 0.0432864 0.0270458 0.0268227
0 0.0597782 0.565398 0.0315772 0.0311721
0 0.680847 0.037874 0.0289314 0.0278349
0 0.38067 0.712181 0.0403992 0.0410402
0 0.359498 0.0318047 0.0331329 0.0318239
0 0.285014 0.0479023 0.0279181 0.0272113
0 0.48093 0.273338 0.0304732 0.028956
0 0.322889 0.839782 0.0261847 0.0250065
0 0.293697 0.311169 0.0324694 0.0307108
0 0.149118 0.786678 0.0677305 0.0661716
0 0.897761 0.941226 0.0255079 0.0252647
0 0.840757 0.0598432 0.174724 0.119474
0 0.418124 0.109752 0.0289469 0.0287167
0 0.293826 0.557493 0.0332029 0.0348598
0 0.947397 0.665528 0.0306671 0.0297796
0 0.215704 0.897822 0.0337805 0.0320875
0 0.445561 0.575768 0.0246498 0.0234163
0 0.68811 0.824595 0.0258595 0.0249008
0 0.495826 0.656221 0.0410514 0.040788
0 0.322802 0.31577 0.0291855 0.0305092
0 0.307453 0.283944 0.0359465 0.0354872
0 0.417626 0.695842 0.0454235 0.0436234
0 0.551157 0.693368 0.0314835 0.032103
0 0.571169 0.719581 0.0299318 0.0298249
0 0.128689 0.664588 0.0380667 0.0372612
