0 0.841438 0.906407 0.142549 0.13718
0 0.894588 0.683677 0.165543 0.157289
0 0.0813653 0.942576 0.0401762 0.0396256
0 0.91612 0.765233 0.0300825 0.0295403
0 0.511503 0.951192 0.0371157 0.036536
0 0.707164 0.946356 0.0287596 0.0286846
0 0.162162 0.40444 0.0392754 0.0377623
0 0.718072 0.674515 0.0375929 0.0346945
0 0.619721 0.944452 0.0373389 0.0373215
0 0.362163 0.867189 0.0310539 0.0314041
0 0.629096 0.337714 0.0685143 0.0682869
0 0.569857 0.445097 0.0805323 0.0792789
0 0.58847 0.913983 0.0446219 0.0447823
0 0.321611 0.916534 0.0455611 0.0460224
0 0.294058 0.889617 0.0376539 0.0360035
0 0.74651 0.492737 0.0404717 0.0401741
0 0.987225 0.884839 0.0254305 0.0383259
0 0.454424 0.73931 0.0361874 0.0355293
0 0.844129 0.504806 0.0290197 0.0284327
0 0.42462 0.918517 0.0354088 0.0367573
0 0.78868 0.518438 0.224041 0.214781
0 0.485785 0.992402 0.026591 0.015102
0 0.828531 0.143849 0.0470247 0.0454953
0 0.881047 0.388076 0.0677353 0.0642904
0 0.442282 0.57352 0.0351196 0.032024
0 0.728219 0.820339 0.0241888 0.024091
0 0.847432 0.41151 0.0240025 0.0229664
0 0.457203 0.677682 0.0329491 0.0318964
0 0.0717825 0.107095 0.143565 0.166103
0 0.0979443 0.98311 0.0605935 0.0335135
0 0.155741 0.583252 0.0388938 0.0382313
0 0.66049 0.582613 0.0372076 0.0362341
0 0.0110634 0.672227 0.0221268 0.029644
0 0.98865 0.667543 0.0226992 0.0377274
0 0.868903 0.378037 0.0445431 0.0449286
0 0.88069 0.532131 0.0398823 0.0387742
0 0.228777 0.818218 0.0438945 0.0424093
0 0.485741 0.83465 0.0334967 0.0330368
0 0.868068 0.425734 0.0271933 0.0259395
0 0.991728 0.775691 0.0165442 0.0254893
