0 0.305538 0.290303 0.134453 0.119034
0 0.568297 0.892262 0.221267 0.203116
0 0.669146 0.608265 0.10593 0.097135
0 0.614085 0.495749 0.139453 0.119339
0 0.817273 0.900232 0.0982925 0.0935308
0 0.516018 0.109455 0.0521713 0.0483142
0 0.0523291 0.616907 0.104658 0.192473
0 0.66839 0.750829 0.0373617 0.0333506
0 0.538329 0.218122 0.0564034 0.0502275
0 0.196799 0.402544 0.0367192 0.0331768
0 0.498694 0.913348 0.0375856 0.0349842
0 0.568357 0.0988998 0.0425287 0.0393492
0 0.868855 0.930281 0.0360401 0.0341389
0 0.428471 0.136295 0.0461703 0.0409924
0 0.548143 0.921502 0.0298668 0.0286747
0 0.127345 0.244947 0.0604585 0.0541179
0 0.50022 0.707668 0.0440282 0.0391727
0 0.468851 0.315423 0.117109 0.105535
0 0.11805 0.850341 0.0465503 0.0416283
0 0.653844 0.809233 0.0276829 0.0255117
0 0.17711 0.314506 0.0565841 0.0499818
0 0.830493 0.502802 0.0340179 0.0294205
0 0.359342 0.463644 0.0295426 0.0286694
0 0.964573 0.0188695 0.0278156 0.0286137
0 0.841683 0.520593 0.316502 0.515605
0 0.647147 0.289938 0.0297179 0.0267881
0 0.380503 0.419299 0.0310967 0.0281912
0 0.496365 0.984055 0.0377172 0.030241
0 0.156739 0.0157062 0.0333399 0.0295435
0 0.855 0.969106 0.0302914 0.0271694
0 0.591803 0.768337 0.0302334 0.0278962
