0 0.709508 0.531921 0.108527 0.0808206
0 0.929946 0.192989 0.0855997 0.0631744
0 0.590849 0.0295227 0.0938829 0.058961
0 0.132865 0.580422 0.0520767 0.0365788
0 0.153964 0.626487 0.0500433 0.0361981
0 0.226989 0.433432 0.0692324 0.0492404
0 0.089469 0.308825 0.0559577 0.0414593
0 0.234885 0.699765 0.0432264 0.0310617
0 0.56978 0.608913 0.0420137 0.031901
0 0.840251 0.478986 0.0514084 0.0401046
0 0.792987 0.512459 0.0799593 0.0625173
0 0.937833 0.719311 0.0404629 0.0299555
0 0.0716438 0.731181 0.110065 0.0806499
0 0.420646 0.41065 0.0396457 0.0300128
0 0.402096 0.512156 0.0449641 0.0340781
0 0.611465 0.234237 0.0404606 0.0307721
0 0.234384 0.636698 0.0390233 0.027241
0 0.635103 0.784932 0.0353872 0.028358
0 0.124671 0.137463 0.0403858 0.0300992
0 0.825813 0.454622 0.0441523 0.0334579
0 0.977569 0.124755 0.0443743 0.0380613
0 0.215849 0.0106003 0.0428228 0.0212006
0 0.28335 0.394021 0.0389987 0.0295546
0 0.495477 0.383258 0.0365127 0.0288783
0 0.356325 0.689795 0.0461267 0.0337401
0 0.289862 0.459837 0.0305571 0.0238741
0 0.393157 0.27471 0.0597596 0.045458
0 0.3402 0.424606 0.0335991 0.0260513
0 0.307962 0.332192 0.081936 0.0629528
0 0.738012 0.442644 0.040517 0.0313133
0 0.645918 0.583703 0.0414816 0.0280376
0 0.1343 0.165322 0.0323634 0.0258185
0 0.171938 0.703252 0.0399383 0.0328115
0 0.614079 0.423902 0.0361081 0.0277723
0 0.47103 0.362156 0.0353525 0.0276203
0 0.0366081 0.715418 0.0732162 0.0703605
0 0.0177935 0.449048 0.0337203 0.0277321
0 0.454922 0.202342 0.0364691 0.0295938
0 0.932502 0.0123798 0.0333982 0.0243708
0 0.74258 0.482714 0.036116 0.0277209
0 0.656497 0.715697 0.0328248 0.0265038
0 0.521626 0.119427 0.0358385 0.0287312
0 0.954674 0.0625548 0.0332127 0.0276572
0 0.983357 0.683271 0.033286 0.0389114
0 0.264204 0.526129 0.0329973 0.0256146
0 0.316355 0.276928 0.0398915 0.0290576
