0 0.64029 0.326643 0.0783714 0.0632878
0 0.553809 0.79527 0.0956723 0.0765545
0 0.162009 0.488274 0.056906 0.043294
0 0.104509 0.653411 0.0602924 0.0481845
0 0.497913 0.862771 0.0408943 0.0337437
0 0.2108 0.716621 0.0572559 0.0454526
0 0.853245 0.0804537 0.0579876 0.0453632
0 0.433915 0.662283 0.138713 0.107379
0 0.982016 0.0644823 0.0359681 0.0325153
0 0.336539 0.323867 0.0591245 0.0426492
0 0.510664 0.301777 0.0533113 0.0407741
0 0.404178 0.955987 0.0522564 0.0410343
0 0.0973541 0.979772 0.0643517 0.0393234
0 0.714358 0.333443 0.0793894 0.0624537
0 0.290034 0.624511 0.0553935 0.0428106
0 0.862499 0.538432 0.275001 0.242909
0 0.30368 0.778035 0.0684608 0.0534296
0 0.390894 0.372998 0.0386286 0.0297391
0 0.299923 0.660151 0.0565186 0.0424458
0 0.71191 0.163531 0.0553843 0.0433956
0 0.885192 0.707735 0.158496 0.128951
0 0.903872 0.395965 0.0467117 0.0341799
0 0.960263 0.912871 0.079113 0.114916
0 0.197629 0.911122 0.0486952 0.0407402
0 0.835936 0.419283 0.0922863 0.0711687
0 0.978378 0.798766 0.0351112 0.0277112
0 0.859775 0.815217 0.0874926 0.0729073
0 0.401952 0.217333 0.0448853 0.0351536
0 0.422692 0.433258 0.0381058 0.0286785
0 0.660253 0.464348 0.0626188 0.0462699
0 0.211573 0.845627 0.0412779 0.0334198
0 0.490099 0.151359 0.0387915 0.0309194
0 0.5138 0.213537 0.0533873 0.0401699
0 0.888746 0.134543 0.0442215 0.0322581
0 0.778351 0.618604 0.044008 0.0333376
0 0.306009 0.50537 0.0376011 0.0284107
0 0.418004 0.0566398 0.0572567 0.0452995
0 0.8863 0.37282 0.0510006 0.0370389
0 0.943803 0.0292743 0.0345522 0.027517
0 0.456649 0.735462 0.0358673 0.0287486
0 0.790195 0.00929041 0.0453651 0.0185808
0 0.3173 0.872942 0.167118 0.140586
0 0.678586 0.876245 0.0496958 0.0386477
0 0.213359 0.713738 0.140011 0.125143
0 0.381925 0.168963 0.0432935 0.032937
0 0.0391056 0.344156 0.041516 0.0372741
0 0.723984 0.404095 0.111946 0.0930636
0 0.531346 0.0677954 0.036352 0.0262897
0 0.166487 0.956094 0.0476909 0.0382801
0 0.127789 0.363276 0.0410915 0.0334149
0 0.0845056 0.333981 0.169011 0.308623
0 0.0654729 0.92984 0.0796839 0.0694832
0 0.301875 0.361542 0.0302975 0.0238912
0 0.399213 0.461228 0.0368779 0.0286804
0 0.448673 0.361302 0.0444797 0.0336961
0 0.293188 0.0134483 0.0309697 0.0248872
0 0.701337 0.00843959 0.050731 0.0168792
0 0.975687 0.457119 0.0473043 0.0419149
0 0.818974 0.959263 0.0474796 0.0364391
0 0.748844 0.638132 0.284767 0.218182
0 0.612343 0.224165 0.0405169 0.0318283
0 0.559433 0.863974 0.0855366 0.063381
0 0.936168 0.777156 0.0909515 0.0723892
0 0.444443 0.822608 0.160137 0.134553
0 0.283036 0.445345 0.0325645 0.026524
0 0.745099 0.817218 0.0318617 0.0272701
0 0.913809 0.103504 0.0280092 0.023087
0 0.0183262 0.740214 0.03604 0.10898
0 0.177119 0.823048 0.0332316 0.029443
0 0.987803 0.341365 0.0243931 0.0532804
0 0.48281 0.905987 0.0651728 0.0483376
0 0.377699 0.00869608 0.0272326 0.0173429
0 0.774245 0.0954958 0.0342308 0.0286664
0 0.869789 0.13629 0.0343227 0.0281189
0 0.593044 0.480826 0.035885 0.0285653
0 0.202814 0.191742 0.0300312 0.0227989
0 0.484171 0.175861 0.0448557 0.0338655
0 0.278054 0.304673 0.0277001 0.0225304
0 0.447073 0.592442 0.109146 0.0849013
0 0.988791 0.305512 0.0224175 0.0257337
0 0.366438 0.881074 0.0798892 0.0632523
0 0.697547 0.104343 0.0486521 0.0384763
0 0.156783 0.767853 0.0394709 0.0353619
