0 0.711821 0.468199 0.0493723 0.0374128
0 0.76869 0.774167 0.0428802 0.0323441
0 0.722994 0.357271 0.0360504 0.0281404
0 0.0550266 0.548734 0.041645 0.0313049
0 0.591054 0.52106 0.0953484 0.0747335
0 0.22428 0.643893 0.0403051 0.031398
0 0.0204543 0.434091 0.0406271 0.0458224
0 0.167042 0.656074 0.0362696 0.0279882
0 0.829156 0.702518 0.0718033 0.0503661
0 0.935907 0.932373 0.036705 0.0281879
0 0.469683 0.844687 0.0552385 0.0439487
0 0.0130507 0.199402 0.0259339 0.0256163
0 0.0108557 0.570968 0.0217114 0.0255401
0 0.772352 0.506961 0.0633543 0.0481379
0 0.385421 0.659134 0.0299472 0.0241528
0 0.36159 0.984026 0.0485197 0.0319487
0 0.972778 0.398754 0.0281887 0.0238338
0 0.0577931 0.330246 0.0702008 0.0541318
