0 0.406258 0.535915 0.15962 0.121682
0 0.537129 0.473049 0.131907 0.0965412
0 0.928188 0.462185 0.136145 0.100876
0 0.275592 0.204183 0.212165 0.158061
0 0.75896 0.829704 0.11846 0.0847233
0 0.699691 0.680061 0.115489 0.0821891
0 0.372845 0.842173 0.193614 0.142428
0 0.880693 0.625388 0.0856857 0.0625294
0 0.603828 0.683787 0.0769007 0.053561
0 0.811044 0.550493 0.103916 0.0769857
0 0.774059 0.887698 0.0814735 0.0564137
0 0.974369 0.665464 0.0510571 0.0545916
0 0.926345 0.84539 0.0925919 0.0692196
0 0.569635 0.593654 0.072296 0.0531225
0 0.891924 0.803332 0.0908672 0.0657038
0 0.27944 0.16697 0.0514892 0.0373523
0 0.912765 0.919796 0.0504444 0.0358147
0 0.96458 0.564558 0.0708402 0.0637856
0 0.83979 0.662683 0.0425228 0.0301066
0 0.146697 0.356805 0.0345433 0.0252834
0 0.244133 0.315949 0.0759284 0.0533685
0 0.91386 0.0786703 0.0459011 0.0321748
0 0.74377 0.530001 0.0794849 0.06119
0 0.71859 0.47915 0.0724503 0.0492167
0 0.848399 0.272392 0.037439 0.0277411
0 0.353525 0.331192 0.0781418 0.0540597
0 0.227551 0.379814 0.0809553 0.0601891
0 0.600967 0.804188 0.0418321 0.0307402
0 0.188202 0.131275 0.0402669 0.0297764
0 0.671124 0.896642 0.0386923 0.0292778
0 0.502602 0.743834 0.0420074 0.0299095
0 0.956849 0.521647 0.0514193 0.0362031
0 0.510894 0.301095 0.0438014 0.0293348
0 0.815212 0.932755 0.0832782 0.0624889
0 0.337236 0.224532 0.0623316 0.0470594
0 0.983062 0.0665407 0.0338766 0.0555484
0 0.434013 0.0130384 0.0440332 0.0259405
0 0.976819 0.808162 0.0459969 0.103287
0 0.138615 0.234723 0.0337463 0.0238543
0 0.863777 0.890223 0.0454174 0.0325348
0 0.949397 0.065481 0.032637 0.0262626
0 0.117394 0.896449 0.0702677 0.0435211
0 0.936981 0.958427 0.0374432 0.0298473
0 0.946151 0.633647 0.0442696 0.03353
