0 0.084874 0.507029 0.0963189 0.0753531
0 0.839971 0.94687 0.0940889 0.0699307
0 0.172908 0.110774 0.10079 0.0818637
0 0.313478 0.141632 0.0945092 0.0766248
0 0.615943 0.205334 0.211421 0.197026
0 0.730978 0.417033 0.0434223 0.0334944
0 0.35634 0.823694 0.0359476 0.0280285
0 0.207597 0.159818 0.061238 0.0472599
0 0.826073 0.816426 0.0404799 0.0306183
0 0.139045 0.685692 0.0719286 0.0544418
0 0.317673 0.301853 0.0663363 0.0559996
0 0.944373 0.456432 0.0426851 0.0339827
0 0.42241 0.777251 0.0401388 0.0306602
0 0.307169 0.20988 0.0664729 0.056475
0 0.318121 0.368568 0.0797641 0.0675233
0 0.607835 0.937167 0.0370489 0.0279932
0 0.593798 0.137826 0.0479519 0.0407404
0 0.380238 0.116222 0.0601843 0.0489391
0 0.253497 0.365869 0.0456487 0.0373518
0 0.289457 0.785586 0.038727 0.0305342
0 0.112441 0.324041 0.0486449 0.0392814
0 0.656978 0.0785959 0.0345275 0.027899
0 0.0581183 0.228145 0.060534 0.0480149
0 0.365982 0.584002 0.0338484 0.0263247
0 0.882842 0.0204023 0.0465832 0.0398097
0 0.662189 0.968727 0.033903 0.0277184
0 0.695479 0.792124 0.0380319 0.0298708
0 0.122433 0.614636 0.0383002 0.0316395
0 0.237672 0.253728 0.0576115 0.046868
0 0.224954 0.623788 0.0339061 0.0272043
0 0.380004 0.365391 0.0356055 0.0271597
0 0.745037 0.596729 0.0359911 0.0281678
0 0.229519 0.938918 0.0352971 0.0282709
0 0.155724 0.594571 0.0500014 0.0382387
0 0.326777 0.435257 0.0463442 0.0387801
0 0.186026 0.640592 0.043719 0.0341383
0 0.296636 0.885683 0.0391542 0.0292223
0 0.228437 0.304389 0.0497525 0.0385742
0 0.286113 0.475192 0.0321823 0.0277684
0 0.97231 0.693585 0.0541695 0.0511982
0 0.542731 0.0308666 0.0364964 0.0319033
0 0.236318 0.340347 0.0466444 0.0364547
0 0.43417 0.326006 0.0406168 0.0331693
0 0.261514 0.207752 0.0580227 0.0501304
0 0.380073 0.715669 0.0334944 0.0255198
0 0.0793457 0.767564 0.0289497 0.0234549
0 0.257146 0.0320167 0.0562614 0.0518271
0 0.809165 0.707609 0.034804 0.0271554
0 0.0862656 0.362897 0.0807232 0.066688
0 0.0635671 0.302706 0.0616859 0.0473626
0 0.285456 0.840166 0.034795 0.0282421
0 0.107161 0.258598 0.0784137 0.0693882
0 0.184562 0.418076 0.0288094 0.0236191
