0 0.115328 0.30989 0.230497 0.229413
0 0.496055 0.858619 0.065095 0.0622906
0 0.152771 0.920128 0.0561216 0.0552876
0 0.735246 0.0949777 0.0615501 0.061958
0 0.580255 0.208417 0.0529589 0.0519027
0 0.187993 0.96563 0.0641236 0.0633011
0 0.781317 0.0304373 0.0625757 0.0596165
0 0.400915 0.735814 0.0357404 0.0345881
0 0.590722 0.0645426 0.0474285 0.0461767
0 0.445007 0.664653 0.0495485 0.0487133
0 0.388808 0.944817 0.0410151 0.0399467
0 0.0523189 0.821427 0.0510763 0.0497221
0 0.963322 0.544618 0.0410866 0.0401796
0 0.168648 0.875115 0.0430071 0.0429909
0 0.654487 0.130817 0.0372705 0.0377204
0 0.401005 0.240218 0.0324531 0.0319177
0 0.0901081 0.457737 0.0418564 0.0408215
0 0.402638 0.907859 0.0362047 0.0355667
0 0.880925 0.215867 0.0380465 0.0363384
0 0.768409 0.240293 0.0293669 0.0277211
0 0.45889 0.515779 0.0312603 0.0319643
0 0.438291 0.362291 0.0264035 0.0255346
0 0.379562 0.584831 0.0266349 0.0262245
0 0.608219 0.327453 0.0339668 0.0348659
0 0.19593 0.186648 0.0358311 0.0340106
0 0.37626 0.696783 0.0298581 0.0286888
0 0.697254 0.032939 0.165043 0.065878
0 0.0136323 0.912859 0.0271083 0.0480202
0 0.345705 0.194566 0.0314826 0.0319358
0 0.760707 0.63899 0.0270226 0.0270233
0 0.610653 0.130127 0.0275572 0.0262325
0 0.418915 0.0769839 0.0301159 0.0286795
0 0.886817 0.527242 0.0341099 0.0332925
0 0.564044 0.323446 0.0266844 0.0265538
0 0.0152811 0.563254 0.0302682 0.0615921
0 0.639003 0.363664 0.032612 0.0323928
0 0.918732 0.117518 0.0528919 0.0514313
0 0.0903376 0.667485 0.125564 0.124354
0 0.724935 0.264884 0.0310572 0.031
0 0.622644 0.551442 0.0338734 0.0347303
0 0.807592 0.0620579 0.0398857 0.0420269
0 0.953142 0.39969 0.0261681 0.0254563
0 0.6159 0.157222 0.0273325 0.0267085
0 0.937777 0.380997 0.0328568 0.0325437
0 0.00869713 0.818766 0.0172631 0.0322958
0 0.384226 0.88853 0.0322891 0.0314364
0 0.921986 0.078535 0.0529713 0.0534547
0 0.590132 0.351058 0.0358124 0.0351011
0 0.0364008 0.20221 0.0724103 0.193794
0 0.568475 0.0163764 0.031048 0.0300559
0 0.0924989 0.87025 0.0660632 0.0654465
0 0.782981 0.220741 0.0271368 0.0265572
0 0.987862 0.567549 0.0242756 0.067929
0 0.909946 0.200502 0.0270061 0.0267182
0 0.0138292 0.839645 0.026695 0.0264194
0 0.748911 0.209146 0.0276919 0.0274762
0 0.886729 0.423154 0.0287996 0.0282089
0 0.807626 0.827692 0.0308017 0.0289577
0 0.464841 0.985995 0.0330475 0.0280107
0 0.0522679 0.579798 0.0492404 0.0473617
0 0.578409 0.0401501 0.0328463 0.0338303
0 0.667414 0.0788487 0.0295044 0.0287079
0 0.377154 0.464252 0.129913 0.129047
0 0.512323 0.189951 0.0415123 0.0378922
0 0.560233 0.0304786 0.0589211 0.0532532
0 0.363682 0.0379232 0.250358 0.0757599
0 0.983767 0.842746 0.0324657 0.0396914
0 0.873912 0.0935573 0.0438221 0.0436515
0 0.386893 0.537334 0.0278527 0.0265299
0 0.278987 0.415399 0.116584 0.121843
0 0.91756 0.637019 0.155725 0.156311
