0 0.532558 0.820372 0.13478 0.128397
0 0.0741005 0.455792 0.0433767 0.04069
0 0.153278 0.481194 0.046382 0.0436163
0 0.618927 0.525036 0.0546689 0.0511883
0 0.224647 0.85369 0.0311098 0.0304241
0 0.107981 0.22737 0.036283 0.0324641
0 0.21786 0.825097 0.0305681 0.0291496
0 0.402599 0.159739 0.032201 0.0295268
0 0.246875 0.188733 0.0345396 0.0313975
0 0.729257 0.479806 0.0367485 0.0344671
0 0.345433 0.920783 0.0270472 0.0260233
0 0.727709 0.33157 0.0337397 0.030952
0 0.543236 0.279935 0.0312009 0.0308164
0 0.765783 0.769965 0.0361969 0.0339277
0 0.178738 0.0389307 0.144231 0.0778614
0 0.30897 0.0908964 0.033169 0.0316033
0 0.718622 0.856995 0.10071 0.0917114
0 0.00977315 0.269798 0.019414 0.0468007
0 0.43842 0.839472 0.0290922 0.0282026
0 0.585449 0.0382708 0.138924 0.0765416
0 0.793177 0.696676 0.0807438 0.068462
0 0.519205 0.541236 0.0352523 0.0337056
0 0.666419 0.184555 0.0330882 0.0316544
0 0.446738 0.719875 0.0983825 0.0934647
0 0.778044 0.432909 0.336081 0.313481
0 0.0320628 0.142632 0.0641256 0.146772
0 0.910007 0.585266 0.101514 0.0950443
0 0.693496 0.467814 0.0380853 0.0333696
0 0.589942 0.116391 0.0268749 0.025638
0 0.685584 0.590164 0.0877115 0.0799179
0 0.729872 0.695014 0.0598957 0.0561022
0 0.387978 0.987741 0.0250373 0.0235683
