0 0.752957 0.162854 0.267841 0.252017
0 0.179798 0.615881 0.17853 0.163479
0 0.313057 0.0782721 0.159133 0.146134
0 0.0372915 0.940561 0.0554061 0.0474545
0 0.259229 0.125674 0.0861994 0.0797627
0 0.323881 0.785147 0.0436052 0.0384267
0 0.402125 0.712508 0.0447251 0.0402334
0 0.874379 0.63348 0.0501553 0.0448685
0 0.54831 0.830745 0.0588531 0.0516214
0 0.486878 0.679625 0.0336212 0.0289995
0 0.102035 0.439364 0.180724 0.167223
0 0.42874 0.342052 0.0356754 0.0327996
0 0.795101 0.401559 0.0322598 0.0290667
0 0.118932 0.0938928 0.0302616 0.0285165
0 0.0924278 0.156902 0.0319352 0.0307034
0 0.251314 0.567925 0.0323591 0.0302675
0 0.0334044 0.281261 0.0321332 0.0293927
0 0.776598 0.772278 0.032094 0.0290333
0 0.407456 0.757611 0.0511479 0.0450062
0 0.0197824 0.712059 0.0288057 0.0273226
0 0.246256 0.635866 0.0298329 0.0271599
0 0.415103 0.0573406 0.0445731 0.0401143
0 0.743164 0.685652 0.0423306 0.0371923
0 0.546352 0.952816 0.0358438 0.0321877
0 0.636069 0.320798 0.0321745 0.02864
0 0.887513 0.949165 0.0699953 0.062005
0 0.609933 0.962534 0.0401831 0.0345434
0 0.56574 0.918233 0.0412973 0.0345989
0 0.466411 0.177643 0.0297647 0.0284461
0 0.831125 0.976624 0.0818329 0.0462658
0 0.114483 0.403971 0.127093 0.114083
0 0.986338 0.592144 0.0273235 0.0301407
0 0.0409431 0.135114 0.0795268 0.0768125
0 0.805571 0.428111 0.0313803 0.0296366
0 0.982084 0.570108 0.0339462 0.0330729
0 0.47195 0.649757 0.0334721 0.0306559
