0 0.21504 0.28757 0.0935019 0.0915998
0 0.858737 0.293342 0.0647064 0.0630102
0 0.077589 0.239936 0.0861798 0.0834296
0 0.132174 0.352187 0.058646 0.0570422
0 0.862746 0.449754 0.0572916 0.0569531
0 0.728581 0.135459 0.0549929 0.053781
0 0.974656 0.62762 0.0504837 0.0507914
0 0.322617 0.555144 0.0421024 0.0413849
0 0.649711 0.132052 0.0344609 0.0341711
0 0.101949 0.67803 0.0527305 0.0517078
0 0.0269159 0.0302794 0.0537815 0.0590291
0 0.0533842 0.97832 0.0618898 0.0431919
0 0.392463 0.10494 0.0836737 0.0826005
0 0.321727 0.941104 0.0610089 0.0596386
0 0.361906 0.22156 0.0383983 0.0373669
0 0.332428 0.235057 0.0304655 0.0289165
0 0.320177 0.0195182 0.0464199 0.0390365
0 0.160798 0.540962 0.0404921 0.0399477
0 0.694606 0.419333 0.0264957 0.0257383
0 0.0495 0.111643 0.0359901 0.0348736
0 0.251339 0.731975 0.0485267 0.0466393
0 0.605499 0.243169 0.0421967 0.0413892
0 0.416654 0.74372 0.032266 0.032223
0 0.0359242 0.366677 0.0426475 0.0402867
0 0.456585 0.502964 0.0408733 0.0416347
0 0.0816665 0.179193 0.0466572 0.0442665
0 0.314654 0.775803 0.0514002 0.0504107
0 0.894321 0.391807 0.0389063 0.0366275
0 0.592526 0.295368 0.0383543 0.0384322
0 0.0946872 0.814703 0.0659663 0.0664177
0 0.75654 0.322829 0.057377 0.0589814
0 0.574275 0.212613 0.0374919 0.0373594
0 0.888259 0.971579 0.0251682 0.0246067
0 0.069689 0.00731127 0.0382656 0.0146225
0 0.803401 0.701821 0.0262226 0.0250344
0 0.520268 0.101502 0.0471579 0.0466134
0 0.670859 0.0213106 0.0643417 0.0425418
0 0.472845 0.403452 0.0668276 0.0635337
0 0.949732 0.838939 0.0486027 0.0475643
0 0.0418321 0.0820626 0.0429301 0.0418639
0 0.328022 0.701822 0.0585856 0.0611917
0 0.49417 0.98079 0.197693 0.0383129
0 0.641901 0.59773 0.0598596 0.0583829
0 0.64666 0.521273 0.0459854 0.0456109
0 0.878399 0.628549 0.0705475 0.0675636
0 0.333761 0.069828 0.0378967 0.0368622
0 0.35728 0.741431 0.0483632 0.0463379
0 0.325157 0.107 0.0405312 0.0390463
0 0.709863 0.0913735 0.0363571 0.0360551
0 0.371969 0.497617 0.0451683 0.0441669
0 0.239691 0.706026 0.0387018 0.0384838
0 0.333226 0.685816 0.0589439 0.0524109
0 0.334488 0.515947 0.0374739 0.0359099
0 0.960817 0.940572 0.0415783 0.0394943
0 0.522866 0.60345 0.0492284 0.0485563
