0 0.557166 0.0240178 0.031842 0.0305187
0 0.582127 0.790486 0.0316969 0.0294415
0 0.420221 0.744564 0.134177 0.1278
0 0.917095 0.462729 0.0496655 0.0498827
0 0.0196435 0.837243 0.0392021 0.0504456
0 0.926391 0.227721 0.0305727 0.0299555
0 0.306347 0.167037 0.0258205 0.0251839
0 0.0420314 0.907819 0.0706911 0.0711588
0 0.242594 0.647818 0.0297269 0.028595
0 0.299486 0.311344 0.0879238 0.0860768
0 0.826396 0.029845 0.0373753 0.0355999
0 0.526856 0.829494 0.0262869 0.0248566
0 0.478676 0.30039 0.0293466 0.0286701
0 0.559626 0.712603 0.0297939 0.0281681
