0 0.133745 0.814441 0.108096 0.10304
0 0.821097 0.32567 0.348532 0.345894
0 0.412591 0.156896 0.0481121 0.0454031
0 0.16451 0.458492 0.326861 0.374923
0 0.71443 0.302809 0.0369033 0.0350779
0 0.0289205 0.886875 0.0577791 0.119085
0 0.515203 0.375196 0.0368694 0.0346115
0 0.834555 0.133892 0.0473961 0.0435515
0 0.272326 0.0513314 0.0374341 0.0356303
0 0.388533 0.835543 0.248199 0.242733
0 0.548963 0.173372 0.457551 0.346744
0 0.745401 0.777441 0.026207 0.0239565
0 0.573414 0.781855 0.0275532 0.0260077
0 0.775284 0.578189 0.0265057 0.0249954
0 0.846962 0.0698937 0.0904055 0.0796714
0 0.119424 0.945827 0.037331 0.0355021
0 0.575414 0.584206 0.0449055 0.0424164
0 0.719095 0.0644203 0.0660391 0.0613491
0 0.0852947 0.0615362 0.0710068 0.0677959
0 0.621024 0.260033 0.0405041 0.0388708
0 0.595163 0.960071 0.0272175 0.0258493
0 0.450729 0.310244 0.0445086 0.0414082
0 0.797671 0.0265906 0.0433913 0.0377353
0 0.616248 0.896463 0.0246753 0.0244066
0 0.896493 0.250267 0.199183 0.190129
0 0.760138 0.14303 0.141651 0.137097
