0 0.249603 0.570379 0.188958 0.15337
0 0.22022 0.910504 0.130448 0.110733
0 0.487589 0.410317 0.0432945 0.0350004
0 0.254399 0.386174 0.0553788 0.0429772
0 0.714751 0.608218 0.0466578 0.0363598
0 0.572255 0.273831 0.0387869 0.0317715
0 0.0385403 0.338702 0.0770806 0.0804181
0 0.581119 0.0834137 0.0384489 0.0315345
0 0.924058 0.0594723 0.0659817 0.0508043
0 0.0780155 0.265433 0.0390157 0.0327547
0 0.493896 0.180934 0.15641 0.128614
0 0.907093 0.879072 0.185814 0.241857
0 0.324841 0.86377 0.0325007 0.0278
0 0.601887 0.174087 0.125918 0.1056
0 0.637294 0.594761 0.0294718 0.0238523
0 0.701068 0.223096 0.0279222 0.0240795
0 0.97514 0.244445 0.0393082 0.0298148
0 0.854401 0.151133 0.0527393 0.0439045
0 0.962739 0.260547 0.0335411 0.0262156
0 0.865591 0.0230406 0.0755358 0.0460812
0 0.471038 0.352967 0.0338797 0.0279898
0 0.00479373 0.673047 0.00958746 0.0315867
