0 0.880937 0.340878 0.0478699 0.0410913
0 0.65556 0.0246227 0.0500319 0.0419818
0 0.653791 0.765557 0.0373858 0.0315056
0 0.111573 0.293743 0.0655817 0.056741
0 0.647207 0.168227 0.0372677 0.0307021
0 0.0868814 0.110856 0.087942 0.0761743
0 0.358692 0.713219 0.0375051 0.0306231
0 0.583342 0.298962 0.0387415 0.031743
0 0.72265 0.850574 0.0311071 0.0273832
0 0.597975 0.423211 0.0336956 0.028969
0 0.792819 0.0924847 0.0365926 0.0292692
0 0.106311 0.7747 0.030612 0.0257553
0 0.652548 0.904091 0.0301182 0.0245504
0 0.601942 0.918148 0.070104 0.0628059
0 0.539384 0.444094 0.269002 0.215115
0 0.517319 0.684932 0.090543 0.0736389
0 0.10362 0.234568 0.0763498 0.0607329
0 0.602302 0.441471 0.166369 0.147132
0 0.567876 0.872688 0.0709383 0.0624189
0 0.668813 0.825982 0.108049 0.0931837
0 0.860123 0.523428 0.0326702 0.0292457
0 0.180464 0.303191 0.0801181 0.0668403
0 0.621889 0.384987 0.0549435 0.0504635
0 0.684715 0.118292 0.0360064 0.0304208
