0 0.0693722 0.0167707 0.0447762 0.0335413
0 0.505167 0.509272 0.0732559 0.0519137
0 0.86368 0.864803 0.0485376 0.0373692
0 0.629585 0.388808 0.0448423 0.0329412
0 0.31063 0.444069 0.0375893 0.028875
0 0.510573 0.966122 0.0835459 0.0675421
0 0.899285 0.888324 0.0398968 0.0312252
0 0.157762 0.269887 0.0375736 0.0296273
0 0.88947 0.0141332 0.0391632 0.0282337
0 0.817525 0.0508299 0.0377142 0.0305512
0 0.864395 0.774109 0.0519234 0.0388903
0 0.91469 0.563319 0.0479576 0.0362383
0 0.595326 0.956873 0.0897559 0.0754128
0 0.656318 0.00447756 0.0436555 0.00895512
0 0.221184 0.0493581 0.105632 0.0895513
0 0.771092 0.346195 0.0342579 0.0274662
0 0.364782 0.265093 0.110415 0.0873087
