0 0.259652 0.824506 0.0879491 0.0785465
0 0.139839 0.485079 0.0689282 0.0636742
0 0.72001 0.148405 0.0775807 0.0724113
0 0.509571 0.525408 0.0532612 0.0490236
0 0.611574 0.607422 0.0397026 0.0368114
0 0.704064 0.500498 0.0401486 0.0353619
0 0.982551 0.226063 0.03384 0.0338875
0 0.85936 0.354289 0.0662743 0.0588778
0 0.818797 0.233837 0.0644257 0.060893
0 0.46678 0.0960166 0.0553474 0.047015
0 0.968777 0.866686 0.0411427 0.0380432
0 0.229169 0.0944407 0.044308 0.0405923
0 0.700381 0.201147 0.0315666 0.0297714
0 0.861677 0.873172 0.0328371 0.0289059
0 0.613401 0.801987 0.0659317 0.061903
0 0.810494 0.0379056 0.164146 0.0755401
0 0.144985 0.829823 0.0337276 0.0312359
0 0.796086 0.719428 0.0964799 0.0829796
0 0.796726 0.18991 0.0334805 0.0313536
0 0.444234 0.608073 0.0300306 0.0266193
0 0.798554 0.420716 0.0987127 0.08993
0 0.163641 0.39114 0.0292905 0.0270382
0 0.909536 0.568504 0.0321718 0.0288808
0 0.621101 0.214381 0.0365347 0.0341044
0 0.679927 0.986204 0.0311306 0.0257233
0 0.572536 0.181909 0.0660429 0.0594269
0 0.257383 0.401272 0.509555 0.656887
0 0.0411669 0.0410822 0.0311327 0.0288887
0 0.495807 0.812818 0.0259882 0.0250046
0 0.00980633 0.770646 0.019354 0.0552907
0 0.703264 0.36543 0.0588717 0.0503484
0 0.0844683 0.612288 0.168937 0.170259
0 0.927063 0.144182 0.0373268 0.0361534
0 0.0320639 0.28713 0.0641277 0.0774381
0 0.222429 0.041362 0.0342966 0.0313938
0 0.654612 0.0673094 0.0306971 0.0291177
