0 0.97002 0.348834 0.0371639 0.0314546
0 0.638231 0.243397 0.0418174 0.0347203
0 0.65354 0.0565326 0.0582008 0.0460248
0 0.754203 0.149495 0.0505665 0.0398174
0 0.846781 0.922909 0.0495972 0.0399118
0 0.616364 0.494073 0.0378261 0.032255
0 0.792144 0.176087 0.0386881 0.0313958
0 0.279229 0.694593 0.0344481 0.0293854
0 0.349113 0.642174 0.0340502 0.0286695
0 0.563362 0.981558 0.0362801 0.0322962
0 0.0848624 0.0390574 0.0307386 0.0268158
0 0.0994097 0.725446 0.0345498 0.028328
0 0.850639 0.276264 0.032786 0.0276333
0 0.770686 0.35444 0.0314296 0.0276588
0 0.674225 0.283888 0.0320017 0.0268253
0 0.929487 0.395547 0.0304243 0.0265876
0 0.899589 0.957767 0.0331329 0.0280479
0 0.365663 0.481554 0.0287926 0.0263198
0 0.333328 0.0142449 0.0296852 0.0258875
0 0.166029 0.284225 0.0285202 0.0272493
0 0.623414 0.274688 0.0306119 0.0262707
0 0.709033 0.10073 0.0355154 0.0288217
0 0.56975 0.908527 0.0330189 0.0284826
0 0.44376 0.365509 0.0308664 0.0276868
