0 0.169575 0.116662 0.133164 0.129675
0 0.23713 0.318581 0.0696371 0.0675267
0 0.231987 0.895867 0.0503932 0.049144
0 0.821082 0.515188 0.0587496 0.0556068
0 0.379588 0.939277 0.0582225 0.0557156
0 0.110409 0.803591 0.0461396 0.0453388
0 0.830425 0.610594 0.0441265 0.0417924
0 0.958088 0.184853 0.0838233 0.107861
0 0.0419662 0.725615 0.0441215 0.0435849
0 0.784426 0.285224 0.04993 0.0482661
0 0.866862 0.470501 0.0411755 0.039123
0 0.943322 0.847691 0.0784443 0.0753464
0 0.69808 0.268615 0.0354506 0.0352757
0 0.761303 0.258505 0.040802 0.0399352
0 0.642765 0.606061 0.0682114 0.0664158
0 0.380653 0.556081 0.0404291 0.0401148
0 0.190847 0.781914 0.0331172 0.0316013
0 0.267973 0.702042 0.0337655 0.0320107
0 0.122449 0.896083 0.0369572 0.0358292
0 0.630661 0.507345 0.0278296 0.0269994
0 0.414201 0.140592 0.0284301 0.027713
0 0.517273 0.793877 0.0286972 0.0275692
0 0.970391 0.923577 0.0587585 0.0626675
0 0.0831815 0.56587 0.0466641 0.0439384
0 0.575737 0.711622 0.11254 0.112367
0 0.215493 0.975225 0.0363908 0.0340458
0 0.925681 0.924458 0.0334854 0.0319725
0 0.300696 0.425207 0.0296748 0.0291096
0 0.420281 0.342667 0.0258234 0.0250983
0 0.645528 0.242227 0.0295877 0.0276712
0 0.189964 0.80999 0.0324694 0.0310379
0 0.862908 0.512882 0.0299276 0.0281664
0 0.0562813 0.296646 0.0284857 0.0270111
0 0.803177 0.481002 0.0338452 0.0318813
0 0.617873 0.766993 0.0710979 0.0703819
0 0.0137967 0.555859 0.0267718 0.0265121
0 0.624259 0.181153 0.0278667 0.0272167
0 0.747275 0.0920594 0.0265857 0.0252391
0 0.958684 0.495658 0.0273489 0.0253691
0 0.75263 0.438822 0.0386051 0.0382617
0 0.511229 0.912761 0.0278825 0.0276054
0 0.492072 0.992623 0.0308578 0.014687
0 0.741406 0.461682 0.0317625 0.0297148
0 0.580812 0.68203 0.0924185 0.0795458
0 0.635045 0.277036 0.031822 0.0301004
0 0.181231 0.53067 0.0264412 0.0259447
0 0.0129616 0.29535 0.0247555 0.0252127
0 0.233696 0.59716 0.0247114 0.0244671
