0 0.271031 0.439613 0.107701 0.104221
0 0.245532 0.180168 0.0488622 0.0471285
0 0.279862 0.533878 0.0687529 0.0660845
0 0.674579 0.238408 0.0981592 0.0935083
0 0.451357 0.322895 0.0692383 0.0662652
0 0.0983 0.692961 0.196454 0.310776
0 0.940122 0.224888 0.119756 0.179213
0 0.198389 0.538613 0.0454097 0.0428371
0 0.0216058 0.902988 0.0431475 0.0645397
0 0.445757 0.284415 0.0317952 0.0310683
0 0.390618 0.935147 0.0372256 0.0344416
0 0.147278 0.534007 0.0320962 0.0313555
0 0.319415 0.605487 0.0596045 0.0558437
0 0.210286 0.819918 0.0587629 0.0562805
0 0.750688 0.457633 0.0610945 0.0589107
0 0.919223 0.132303 0.0314899 0.0302649
0 0.251087 0.371055 0.03066 0.0297879
0 0.243053 0.233939 0.0376964 0.0345686
0 0.0470381 0.325855 0.0313386 0.0295526
0 0.01126 0.505378 0.02252 0.0305967
0 0.724402 0.95501 0.071463 0.0679617
0 0.218299 0.858721 0.0994811 0.0941616
0 0.673587 0.736994 0.0408148 0.0388725
0 0.0642546 0.963351 0.0789536 0.0707092
0 0.154674 0.0121124 0.0377752 0.0242157
0 0.0311523 0.815773 0.0623045 0.0713453
0 0.553396 0.684431 0.0545474 0.051309
0 0.981649 0.251252 0.0293221 0.0278402
0 0.229315 0.61566 0.143628 0.137485
0 0.806987 0.33862 0.225402 0.208882
0 0.728699 0.565758 0.0306114 0.0298567
0 0.53789 0.300142 0.0256361 0.0251645
0 0.404817 0.985797 0.0540432 0.028274
0 0.458157 0.488022 0.085671 0.0813721
0 0.197472 0.860944 0.0598043 0.0561045
0 0.733686 0.543941 0.0235362 0.0231738
0 0.66809 0.364022 0.02903 0.028151
0 0.876465 0.252147 0.0547512 0.0549983
0 0.952598 0.0820557 0.0238312 0.022402
0 0.355305 0.296605 0.0348221 0.0330289
0 0.476474 0.570082 0.0790226 0.0733287
0 0.628578 0.985445 0.0572464 0.0291105
0 0.218312 0.0222412 0.0267264 0.0258451
