0 0.229857 0.340101 0.088063 0.0743441
0 0.054711 0.138316 0.0902724 0.0747884
0 0.244845 0.745141 0.0663471 0.0605846
0 0.461299 0.4449 0.0733465 0.062468
0 0.531127 0.405436 0.0576691 0.0477986
0 0.40013 0.724022 0.0410667 0.0356668
0 0.0255642 0.289063 0.0510045 0.0509042
0 0.69866 0.473835 0.042997 0.0375938
0 0.832142 0.289109 0.0498428 0.0414044
0 0.398012 0.420379 0.046304 0.0382477
0 0.0243291 0.367142 0.0484078 0.0709182
0 0.507188 0.692823 0.0484884 0.0396283
0 0.795923 0.409853 0.0448578 0.037711
0 0.103214 0.573982 0.0668382 0.0611603
0 0.156443 0.246901 0.0390802 0.0331985
0 0.0287453 0.00724351 0.0485592 0.014487
0 0.472162 0.0660105 0.0368025 0.0327166
0 0.589257 0.926048 0.046209 0.0400656
0 0.656575 0.749035 0.0381988 0.0324518
0 0.944697 0.566416 0.0314236 0.0290934
0 0.389468 0.166807 0.132169 0.113119
0 0.327061 0.445069 0.0346721 0.0295168
0 0.74091 0.346266 0.0406773 0.0345338
0 0.424839 0.953943 0.124825 0.0914787
0 0.621027 0.302207 0.0614586 0.0494661
0 0.738823 0.213973 0.0357307 0.0289413
0 0.313388 0.340225 0.0370082 0.0325464
0 0.720996 0.287275 0.0369059 0.03095
0 0.50654 0.718377 0.0347881 0.0323434
0 0.27162 0.307243 0.543241 0.614485
0 0.550875 0.624676 0.0310455 0.0255796
0 0.469838 0.79443 0.0585365 0.0515717
0 0.107306 0.331561 0.0499983 0.0391058
0 0.84305 0.181569 0.029541 0.0253762
0 0.327712 0.319567 0.0419567 0.0374879
0 0.371857 0.250001 0.0389332 0.0342283
0 0.883577 0.462188 0.231984 0.366827
