0 0.738105 0.373219 0.192131 0.158669
0 0.342489 0.648107 0.128564 0.102182
0 0.406544 0.32326 0.130502 0.106918
0 0.945764 0.752665 0.0516441 0.039403
0 0.653032 0.504816 0.0537359 0.0428429
0 0.539727 0.714692 0.36792 0.27131
0 0.890689 0.916343 0.218623 0.167029
0 0.518287 0.240938 0.0619597 0.0458738
0 0.336664 0.209139 0.0535675 0.0435621
0 0.75358 0.490802 0.0496693 0.0391972
0 0.465757 0.417959 0.0543044 0.0411917
0 0.971322 0.559789 0.0567032 0.0985285
0 0.621436 0.609372 0.0551003 0.0434721
0 0.733092 0.335738 0.0378733 0.0307005
0 0.95588 0.184562 0.0466057 0.0379118
0 0.938896 0.272923 0.0411743 0.0319798
0 0.256891 0.378455 0.0429206 0.0341608
0 0.959081 0.882744 0.0483652 0.039782
0 0.755037 0.748557 0.094845 0.0768326
0 0.0195817 0.748846 0.0390173 0.108866
0 0.72419 0.590846 0.0428354 0.0329467
0 0.396899 0.156437 0.041245 0.0322605
0 0.552197 0.0345537 0.134219 0.0691074
0 0.417478 0.770595 0.0898579 0.0703636
0 0.59964 0.706144 0.0401777 0.0313404
0 0.503554 0.466935 0.0657114 0.0505606
0 0.372615 0.554049 0.0406898 0.033737
0 0.84064 0.141144 0.12725 0.0962658
0 0.853545 0.367881 0.0358532 0.0284101
0 0.713031 0.493172 0.0381944 0.0301565
0 0.509531 0.523922 0.0354949 0.0288878
0 0.327182 0.265472 0.0359568 0.0286993
0 0.986994 0.194657 0.0260124 0.0269002
0 0.143057 0.64368 0.0565117 0.0402684
0 0.568594 0.991125 0.0329374 0.017709
0 0.78714 0.375105 0.0324096 0.028381
0 0.749057 0.0760883 0.0899108 0.0676565
0 0.10432 0.805535 0.150852 0.126129
0 0.991966 0.97762 0.0156891 0.0397661
0 0.796518 0.496563 0.0316229 0.0260517
0 0.987679 0.711808 0.0241758 0.0386703
0 0.819219 0.238129 0.0695354 0.0566733
0 0.850427 0.204208 0.0385258 0.0312826
0 0.551815 0.690546 0.0328081 0.0277007
0 0.607979 0.431674 0.0422561 0.0297759
0 0.532868 0.807628 0.0727615 0.0557003
0 0.674293 0.602105 0.0378353 0.0279506
0 0.845008 0.325289 0.0378239 0.0304046
0 0.985977 0.748212 0.0280457 0.0268409
0 0.327329 0.317957 0.109972 0.0907601
0 0.406579 0.00611912 0.0378987 0.0122382
0 0.439203 0.451235 0.0681214 0.0504837
0 0.170029 0.0178056 0.0999725 0.0356112
0 0.0793246 0.666522 0.0508751 0.0397888
0 0.3074 0.00623487 0.0348802 0.0124659
