0 0.23888 0.305203 0.162826 0.121262
0 0.244084 0.167854 0.183896 0.148298
0 0.245411 0.549291 0.230593 0.180815
0 0.885835 0.589218 0.22833 0.203326
0 0.412438 0.883664 0.069873 0.0548138
0 0.274727 0.150047 0.066712 0.050645
0 0.514765 0.219186 0.137605 0.112335
0 0.936957 0.0423943 0.0401043 0.0306295
0 0.113791 0.459899 0.131251 0.103591
0 0.747201 0.535071 0.05604 0.0444468
0 0.706274 0.15805 0.0450645 0.0354368
0 0.0414105 0.342234 0.0828211 0.0739509
0 0.233546 0.821941 0.054085 0.0410503
0 0.708896 0.767098 0.0302843 0.0276367
0 0.908649 0.315204 0.0368166 0.0299454
0 0.842321 0.74564 0.0420593 0.0362284
0 0.356023 0.780528 0.0397514 0.0313994
0 0.507768 0.703093 0.0336369 0.0269676
0 0.879708 0.392045 0.227753 0.206216
0 0.261761 0.409213 0.0759575 0.0491706
0 0.31883 0.690273 0.054276 0.0386194
0 0.199926 0.412774 0.0483383 0.0360079
0 0.0433339 0.523059 0.029378 0.0239628
0 0.050377 0.706449 0.0387975 0.0310434
0 0.0137018 0.533177 0.0270546 0.038901
0 0.753293 0.310994 0.0288038 0.0236209
0 0.601844 0.0229032 0.0288387 0.0244607
0 0.249421 0.402122 0.0542574 0.038653
0 0.0897501 0.377045 0.05522 0.0392267
