0 0.548725 0.210857 0.304862 0.256764
0 0.706552 0.467449 0.0968821 0.0805035
0 0.757661 0.112567 0.190545 0.15671
0 0.213225 0.077465 0.0527389 0.0424794
0 0.676823 0.386428 0.0736555 0.059827
0 0.489884 0.479615 0.0659389 0.0533867
0 0.954701 0.832954 0.0418118 0.0328667
0 0.250715 0.520846 0.0416712 0.0338196
0 0.593257 0.412114 0.050536 0.0433306
0 0.832164 0.521305 0.063047 0.0525084
0 0.717038 0.641236 0.114619 0.0965336
0 0.415935 0.649821 0.128127 0.0973871
0 0.155341 0.48453 0.067343 0.0565164
0 0.500066 0.0211705 0.0892008 0.0417765
0 0.530983 0.74641 0.400143 0.311427
0 0.899693 0.900641 0.147536 0.129796
0 0.962058 0.359106 0.0424824 0.0353199
0 0.838823 0.170179 0.0388542 0.0317789
0 0.204971 0.239337 0.0511114 0.0412313
0 0.682387 0.110021 0.0459696 0.0398567
0 0.626884 0.0195744 0.0529182 0.0389882
0 0.297598 0.412648 0.0419467 0.0330896
0 0.223949 0.485859 0.0668088 0.0565219
0 0.927969 0.110768 0.0379742 0.0329372
0 0.533891 0.111279 0.0817892 0.0679182
0 0.263746 0.342023 0.0423033 0.0339298
0 0.0989759 0.565671 0.0675382 0.0499586
0 0.158631 0.336169 0.082568 0.0545398
0 0.954908 0.517816 0.0575516 0.0438263
0 0.928026 0.146499 0.143906 0.174473
0 0.0159005 0.799289 0.0317534 0.0423574
0 0.73915 0.985604 0.0533597 0.028791
0 0.538 0.373594 0.0419479 0.0367249
0 0.267892 0.213565 0.058441 0.0458013
0 0.825543 0.823256 0.0501484 0.0428383
0 0.490194 0.721289 0.0666801 0.055691
0 0.441433 0.703626 0.0327057 0.02719
0 0.0932276 0.734836 0.142345 0.117207
0 0.508427 0.65798 0.0370832 0.0302879
0 0.678617 0.438947 0.0549549 0.0456121
0 0.813626 0.907085 0.0621801 0.0504948
0 0.494356 0.0522327 0.0463318 0.0404583
0 0.175053 0.258932 0.0683459 0.0545977
0 0.434485 0.129199 0.0509802 0.044439
0 0.65109 0.040147 0.0429183 0.0341302
0 0.0544066 0.628955 0.0664244 0.0402205
0 0.957834 0.400098 0.0843328 0.0858888
0 0.782959 0.875693 0.0661697 0.0608242
0 0.783047 0.952894 0.0913417 0.071419
0 0.0592845 0.535879 0.0500272 0.0406071
0 0.863245 0.975284 0.165928 0.0487799
0 0.554358 0.607605 0.0611834 0.0517246
0 0.972455 0.456201 0.0396832 0.0357931
0 0.317119 0.0604514 0.0312821 0.0267309
0 0.901093 0.984369 0.0752979 0.0312622
0 0.263068 0.686124 0.0425715 0.0336762
0 0.00957751 0.587292 0.019155 0.0536247
0 0.629507 0.0834728 0.0803865 0.0634892
0 0.206979 0.372414 0.0576829 0.0479028
0 0.43403 0.506622 0.0577041 0.0488194
0 0.601762 0.0487188 0.0303211 0.0276363
0 0.606052 0.152198 0.0916028 0.0797933
0 0.262615 0.895078 0.0360911 0.0277872
0 0.299673 0.106345 0.0360746 0.0309357
0 0.825178 0.268922 0.0290754 0.0258327
0 0.12419 0.523369 0.058947 0.0478871
0 0.429817 0.592791 0.0369164 0.0308341
0 0.577648 0.955974 0.0393382 0.0351725
0 0.60198 0.971447 0.0371113 0.0316435
0 0.809219 0.236491 0.037451 0.0308219
0 0.554234 0.406291 0.0338783 0.0287958
