0 0.74448 0.288216 0.266254 0.227132
0 0.452104 0.629045 0.105677 0.0802292
0 0.189846 0.127925 0.0602189 0.0476132
0 0.501325 0.717563 0.149298 0.122741
0 0.868092 0.642289 0.0475225 0.0388601
0 0.713187 0.351414 0.0374143 0.0324976
0 0.020983 0.237575 0.0410968 0.0344628
0 0.259376 0.447551 0.0366925 0.0290497
0 0.174408 0.448686 0.0390996 0.0295768
0 0.624701 0.381354 0.0391123 0.0342119
0 0.961263 0.830924 0.056992 0.0494568
0 0.122886 0.0842475 0.0345889 0.0278105
0 0.380836 0.584321 0.0347763 0.0291439
0 0.257871 0.966508 0.0672927 0.0545746
0 0.586383 0.36488 0.0365322 0.0302694
0 0.687619 0.802282 0.0426978 0.0345936
0 0.452968 0.762837 0.0749027 0.06154
0 0.150705 0.206302 0.0406457 0.032372
0 0.720146 0.0103505 0.0361601 0.0204692
0 0.916176 0.869751 0.0487467 0.0456629
0 0.104269 0.296 0.0567771 0.046995
