0 0.840463 0.23364 0.214382 0.18203
0 0.18728 0.631233 0.074245 0.0595446
0 0.91191 0.199496 0.0541744 0.0444754
0 0.0212675 0.191164 0.0424231 0.0421168
0 0.0450865 0.226852 0.0500453 0.0398561
0 0.384515 0.635908 0.207471 0.147138
0 0.750002 0.0986684 0.0463181 0.0375051
0 0.946275 0.334152 0.0447941 0.0363282
0 0.0491702 0.080875 0.0443983 0.0357215
0 0.0447579 0.934013 0.0398701 0.0298225
0 0.834156 0.475491 0.0416325 0.0315383
0 0.393414 0.939338 0.09245 0.0696587
0 0.563975 0.544436 0.0709181 0.0570566
0 0.767657 0.0265918 0.0518578 0.0393042
0 0.961677 0.429434 0.0549847 0.0425536
0 0.900309 0.905628 0.198692 0.188745
0 0.613569 0.102135 0.0324583 0.0259758
0 0.427145 0.00718694 0.0379359 0.0142794
0 0.985511 0.267945 0.0282278 0.0268901
0 0.717393 0.394844 0.080944 0.0661676
0 0.0871329 0.0924181 0.0361711 0.0285675
0 0.98366 0.0806636 0.0322413 0.0300886
0 0.0197262 0.422927 0.0393655 0.0391325
0 0.878522 0.0802142 0.0839233 0.0677909
0 0.0576898 0.169426 0.0449586 0.0372858
0 0.325636 0.526663 0.0514337 0.0408734
0 0.737741 0.57779 0.0749739 0.0605343
0 0.395393 0.836774 0.0585732 0.0453793
0 0.31121 0.780843 0.127336 0.0996918
0 0.988167 0.464277 0.0236652 0.053263
0 0.0171523 0.566592 0.0326465 0.0289106
0 0.911842 0.413508 0.0438742 0.0328083
0 0.466452 0.575339 0.0947632 0.0738991
0 0.92897 0.0299829 0.0394321 0.0323027
0 0.632959 0.667808 0.104671 0.0841366
0 0.0324541 0.10462 0.0343564 0.0290867
0 0.182333 0.681506 0.053685 0.0432236
0 0.773512 0.331246 0.0759835 0.0611813
0 0.0681075 0.85536 0.0297049 0.0237526
0 0.398515 0.9926 0.0312405 0.0146534
