0 0.438195 0.146461 0.0960684 0.093121
0 0.653462 0.780365 0.489817 0.433851
0 0.293889 0.319174 0.0545651 0.0543106
0 0.944629 0.0428102 0.102207 0.0856203
0 0.0488705 0.121067 0.0976278 0.115016
0 0.24609 0.142944 0.0524211 0.0523622
0 0.420488 0.209969 0.0507743 0.049909
0 0.798855 0.321708 0.186813 0.185819
0 0.910073 0.427551 0.04669 0.0458108
0 0.797713 0.465503 0.0401304 0.0388704
0 0.958797 0.444304 0.0673819 0.0661601
0 0.249998 0.208657 0.0635215 0.0619742
0 0.557822 0.0224222 0.0393342 0.0380052
0 0.686887 0.150842 0.0393003 0.0382438
0 0.794354 0.11063 0.0439051 0.043057
0 0.572189 0.103242 0.0336695 0.0330364
0 0.922783 0.370972 0.0433334 0.0421041
0 0.503053 0.950786 0.0426828 0.041135
0 0.865615 0.430265 0.0452332 0.0445011
0 0.370761 0.854566 0.0513963 0.0493526
0 0.922967 0.204542 0.0399549 0.0390886
0 0.426081 0.33078 0.0489637 0.0466806
0 0.0972069 0.711199 0.0329414 0.0318649
0 0.561299 0.260789 0.0420139 0.0419445
0 0.643103 0.831624 0.0337952 0.0332375
0 0.253285 0.457932 0.0367575 0.0359118
0 0.433612 0.556962 0.0572604 0.0547489
0 0.645948 0.579055 0.035854 0.0334759
0 0.102684 0.98834 0.0316329 0.0233191
0 0.329737 0.708507 0.0390051 0.0380075
0 0.970355 0.917335 0.0374977 0.0368149
0 0.172906 0.168401 0.0395823 0.0383615
0 0.849502 0.621039 0.0596226 0.0587276
0 0.0332677 0.826351 0.0484756 0.0464642
0 0.292213 0.984436 0.05437 0.0308342
0 0.112235 0.167563 0.0412287 0.0405584
0 0.0827882 0.257722 0.0384943 0.0372899
0 0.95258 0.796282 0.0943108 0.104624
0 0.550976 0.343116 0.030519 0.0302537
0 0.631881 0.186642 0.0377426 0.03668
0 0.762768 0.548083 0.0768386 0.0754438
0 0.38003 0.263952 0.0321193 0.0302142
0 0.699283 0.61965 0.0367027 0.0349712
0 0.584474 0.0397901 0.0304596 0.0298616
0 0.816827 0.595247 0.0316423 0.0306824
0 0.528387 0.530271 0.0336142 0.0335227
0 0.568152 0.566472 0.033332 0.0343092
0 0.261485 0.247214 0.0379668 0.0368518
0 0.513758 0.419997 0.0343771 0.034888
0 0.880604 0.369911 0.0314495 0.0316609
0 0.1571 0.331913 0.0462794 0.0443263
0 0.336885 0.332164 0.025798 0.0249784
0 0.313477 0.482296 0.032763 0.0325661
0 0.884975 0.678221 0.026569 0.0265809
0 0.232282 0.37587 0.0251293 0.0243676
0 0.0128534 0.0523433 0.0256559 0.031369
0 0.976411 0.285634 0.0258587 0.0261613
0 0.929132 0.0951957 0.0557228 0.0558572
0 0.75377 0.512064 0.0278372 0.0272174
0 0.949081 0.0812987 0.101663 0.130331
0 0.59065 0.982196 0.0891193 0.0356079
0 0.424687 0.253231 0.0286808 0.0284506
0 0.649636 0.632155 0.0281534 0.0271754
0 0.968958 0.101948 0.0613388 0.0945031
0 0.776123 0.0409331 0.0343642 0.0350722
0 0.505955 0.258274 0.0689429 0.0658131
0 0.548519 0.388723 0.0921576 0.0899858
0 0.385726 0.640389 0.0436629 0.0418729
0 0.218785 0.175363 0.0378152 0.0361999
0 0.746803 0.0343844 0.0295897 0.0281735
0 0.433186 0.5314 0.0339932 0.0323457
0 0.38743 0.0344661 0.0380527 0.0375215
0 0.015932 0.654295 0.031864 0.0654375
0 0.495571 0.288516 0.0432692 0.0409486
0 0.397636 0.359251 0.0240541 0.0237402
0 0.747392 0.0649371 0.0257678 0.02491
0 0.848187 0.216239 0.0278439 0.0284706
0 0.477067 0.398744 0.0361666 0.0350193
