0 0.889383 0.497969 0.0845402 0.0840939
0 0.741287 0.780815 0.100415 0.0984076
0 0.888564 0.646657 0.0870964 0.0861931
0 0.895671 0.895304 0.0910957 0.0881222
0 0.818135 0.148629 0.0691433 0.067988
0 0.126737 0.771512 0.102786 0.0984777
0 0.32399 0.911875 0.0399693 0.0380526
0 0.615294 0.815701 0.0380358 0.0371523
0 0.0576623 0.42703 0.0406803 0.0399914
0 0.161198 0.59832 0.0423891 0.0422787
0 0.374668 0.0556222 0.0496979 0.0490074
0 0.968849 0.467189 0.0537346 0.0504433
0 0.935336 0.137619 0.0499889 0.048132
0 0.868863 0.775341 0.0614952 0.0590074
0 0.510585 0.870764 0.0335613 0.034573
0 0.214869 0.626715 0.0431144 0.0446925
0 0.618809 0.023638 0.0500823 0.0472167
0 0.416623 0.816705 0.0283535 0.0280506
0 0.282896 0.650604 0.0428819 0.0421038
0 0.976764 0.30606 0.045591 0.0621567
0 0.813723 0.987531 0.0277942 0.0244408
0 0.40256 0.293607 0.0319088 0.0311407
0 0.216856 0.68151 0.0478168 0.0471018
0 0.876869 0.441119 0.0367605 0.0356287
0 0.844403 0.716739 0.105625 0.100694
0 0.710287 0.245513 0.0701052 0.0676264
0 0.675046 0.841327 0.0797324 0.0784571
0 0.149688 0.481973 0.0281158 0.0284212
0 0.484278 0.216481 0.0780588 0.0700796
0 0.473687 0.0445407 0.0385639 0.0373069
0 0.775847 0.477831 0.0369805 0.0360874
0 0.260459 0.477638 0.0291623 0.0281954
0 0.435843 0.348585 0.0532648 0.0519943
0 0.308829 0.280055 0.0271291 0.0254233
0 0.987319 0.748811 0.0253626 0.0816118
0 0.731908 0.325344 0.0434913 0.0438017
0 0.788414 0.0827779 0.0410667 0.0395352
0 0.981905 0.163991 0.0361902 0.0453042
0 0.743185 0.216524 0.0482624 0.0487937
0 0.062713 0.218397 0.0272544 0.0273885
0 0.230959 0.36483 0.050547 0.0485721
0 0.666807 0.752693 0.0301012 0.0292818
0 0.123957 0.597125 0.039816 0.0400047
0 0.241849 0.62703 0.0305601 0.0308928
0 0.266093 0.791324 0.0257674 0.025349
0 0.754257 0.050449 0.0388036 0.0376229
0 0.262703 0.892749 0.0307624 0.0301342
0 0.460418 0.367497 0.0358734 0.0350903
0 0.316069 0.129783 0.0484745 0.0475214
0 0.467879 0.865286 0.0228069 0.0227364
0 0.270199 0.81438 0.0248822 0.0242481
0 0.492834 0.623124 0.0317259 0.0310575
0 0.922886 0.237681 0.030481 0.0293694
0 0.856223 0.826982 0.0388203 0.0369946
0 0.904538 0.843761 0.0310265 0.0300777
0 0.57314 0.569215 0.0339039 0.0331362
0 0.0237769 0.89262 0.0475538 0.066132
0 0.796146 0.047623 0.039773 0.0378902
0 0.226768 0.315126 0.0271063 0.025893
0 0.823218 0.564291 0.0374813 0.0356876
0 0.646814 0.424738 0.0347351 0.0362739
0 0.991071 0.404748 0.0178574 0.0270639
0 0.0248861 0.372844 0.0495474 0.0601227
