0 0.507548 0.454773 0.411888 0.403606
0 0.159448 0.440886 0.282889 0.257275
0 0.864686 0.231301 0.168378 0.156334
0 0.917213 0.878346 0.148019 0.137986
0 0.568149 0.129092 0.233497 0.235039
0 0.0260686 0.808555 0.0474319 0.0473063
0 0.674276 0.96106 0.0400015 0.0388393
0 0.689475 0.68573 0.0372733 0.0348337
0 0.490779 0.834188 0.0342316 0.0315683
0 0.64489 0.687855 0.0571829 0.0533026
0 0.302294 0.305396 0.0437776 0.0418768
0 0.598315 0.802295 0.0422462 0.0415844
0 0.622988 0.933598 0.0384368 0.0353325
0 0.145459 0.934743 0.0398526 0.0382706
0 0.532113 0.026525 0.0359526 0.0355222
0 0.864364 0.528511 0.0324848 0.0307508
0 0.323783 0.849295 0.0423416 0.0421434
0 0.694518 0.858487 0.0329544 0.0303329
0 0.983698 0.803622 0.028648 0.0280476
0 0.781962 0.674082 0.0468941 0.0410707
0 0.0186624 0.652125 0.0372655 0.054088
0 0.592768 0.662265 0.0453338 0.0444264
0 0.0272579 0.370722 0.0545157 0.0579284
0 0.00868704 0.497507 0.0173741 0.0304917
0 0.2523 0.178915 0.486171 0.35783
0 0.227802 0.642922 0.0459255 0.0445432
0 0.71297 0.665226 0.0307056 0.0283856
0 0.295846 0.736378 0.0343503 0.0324305
0 0.238312 0.560026 0.0316609 0.0314915
0 0.926118 0.976919 0.135414 0.0459679
0 0.296779 0.793383 0.0324442 0.0324837
0 0.607192 0.677083 0.0324915 0.0297797
0 0.099484 0.652039 0.0343579 0.0334455
0 0.594621 0.883648 0.0283483 0.0251186
0 0.307476 0.719537 0.0319679 0.0313452
0 0.128197 0.667179 0.0281661 0.0264996
0 0.667108 0.624845 0.0421944 0.0403406
0 0.172272 0.982772 0.0845253 0.0344557
0 0.42063 0.0648249 0.0849218 0.0807263
0 0.244146 0.731903 0.0298209 0.0294014
0 0.335181 0.828047 0.0277344 0.028064
0 0.638246 0.661377 0.0340392 0.031301
0 0.705132 0.976972 0.0327695 0.0306252
0 0.638261 0.980003 0.0262903 0.0261993
0 0.554537 0.947531 0.0305292 0.0291573
0 0.0553437 0.327617 0.042006 0.0363802
