0 0.209966 0.640709 0.152282 0.148679
0 0.224149 0.036693 0.0966199 0.0732868
0 0.420314 0.129173 0.15452 0.153253
0 0.621412 0.376743 0.181247 0.175573
0 0.895125 0.062744 0.0593868 0.0559379
0 0.949042 0.476361 0.039994 0.0387546
0 0.865389 0.642447 0.118008 0.114211
0 0.287165 0.313892 0.0593654 0.0570254
0 0.823702 0.702075 0.0424257 0.0416132
0 0.484048 0.209471 0.0372206 0.0357776
0 0.363873 0.860639 0.0286712 0.0286968
0 0.974898 0.691958 0.0495777 0.0845116
0 0.305329 0.58624 0.0411747 0.0405298
0 0.413717 0.520699 0.0570534 0.0569953
0 0.297115 0.0951641 0.0309998 0.0304092
0 0.935467 0.871086 0.106637 0.102376
0 0.862774 0.0968655 0.0385273 0.0352872
0 0.477989 0.319506 0.184787 0.17771
0 0.224837 0.197799 0.0309637 0.0293424
0 0.159181 0.804436 0.191776 0.19449
0 0.809359 0.195575 0.0316566 0.0301004
0 0.306427 0.947992 0.02843 0.0276608
0 0.101839 0.236579 0.0323981 0.0309027
0 0.73302 0.166703 0.0392433 0.0367687
0 0.229643 0.164606 0.0318915 0.0305944
0 0.0626217 0.673571 0.0379916 0.0368801
0 0.559936 0.0646908 0.0302995 0.0290222
0 0.873007 0.156664 0.0487415 0.0460207
0 0.601406 0.183438 0.0348622 0.0333019
0 0.43385 0.243231 0.0272598 0.026398
0 0.621587 0.124001 0.0289293 0.0276358
0 0.363849 0.288782 0.0479955 0.0471356
0 0.220875 0.127157 0.0386643 0.0367168
0 0.783517 0.117371 0.0413055 0.0391524
0 0.849999 0.587862 0.0374649 0.0366015
0 0.537254 0.666182 0.0435501 0.0443344
0 0.35532 0.0599093 0.0534195 0.0502481
0 0.141487 0.334562 0.0340646 0.0313159
0 0.811786 0.768886 0.0384581 0.0372265
0 0.735703 0.0396191 0.0704573 0.0650564
0 0.940242 0.753278 0.119517 0.183494
0 0.616265 0.578386 0.0817637 0.0798338
0 0.0677792 0.033448 0.0272408 0.0266514
0 0.425445 0.351087 0.266254 0.267517
0 0.799231 0.748055 0.0363249 0.0332487
0 0.8436 0.400027 0.0312492 0.0290549
0 0.871868 0.0278616 0.0716509 0.0555522
0 0.238453 0.229778 0.22031 0.218886
0 0.881915 0.280992 0.0405146 0.0389667
0 0.941012 0.0139511 0.0635256 0.0279022
0 0.0833959 0.69234 0.0322299 0.0326552
0 0.363335 0.587273 0.106532 0.101927
0 0.505215 0.167272 0.0478602 0.0448793
0 0.101565 0.534295 0.125807 0.118783
0 0.20116 0.416676 0.076453 0.0762147
0 0.638298 0.471536 0.02801 0.0275457
0 0.261224 0.565163 0.0514487 0.048453
