0 0.964897 0.685356 0.0439259 0.0410003
0 0.977783 0.92802 0.0402218 0.0366121
0 0.921816 0.676504 0.0613388 0.0569013
0 0.83371 0.766515 0.035825 0.0331711
0 0.91869 0.77963 0.0458992 0.0422926
0 0.210091 0.872167 0.0301462 0.0278435
0 0.687706 0.791304 0.0317416 0.0288328
0 0.481628 0.861144 0.100962 0.0862881
0 0.9857 0.846119 0.0286 0.0330166
0 0.771738 0.609806 0.0341148 0.0318841
0 0.116949 0.139585 0.233212 0.27917
0 0.856897 0.798631 0.0431145 0.0399999
0 0.827604 0.695868 0.0696543 0.0610731
0 0.150912 0.705012 0.0879291 0.0816742
0 0.524912 0.988368 0.036968 0.0224792
