0 0.769152 0.886807 0.10141 0.081601
0 0.505778 0.447178 0.0895652 0.070924
0 0.348156 0.764006 0.234919 0.180835
0 0.44851 0.513486 0.0824205 0.0625249
0 0.0807031 0.126232 0.0602533 0.0474158
0 0.906202 0.396357 0.0750393 0.0547318
0 0.0728864 0.267748 0.0677095 0.0497786
0 0.316858 0.159776 0.0464435 0.0389645
0 0.244131 0.346565 0.053286 0.0414692
0 0.587031 0.449571 0.0434856 0.03533
0 0.191461 0.279957 0.0437114 0.0338201
0 0.156238 0.0581346 0.0463692 0.0353878
0 0.155557 0.224185 0.0378726 0.0278296
0 0.0991154 0.53716 0.0425427 0.0331695
0 0.289733 0.621749 0.0376987 0.0293339
0 0.180157 0.370073 0.049072 0.0382184
0 0.778207 0.303784 0.0528719 0.0413744
0 0.328333 0.612826 0.0368542 0.0283808
0 0.643588 0.726556 0.0458307 0.0330109
0 0.746072 0.690465 0.0488842 0.0367581
0 0.0966156 0.64757 0.0558234 0.0433475
0 0.281381 0.232767 0.0322325 0.0241199
0 0.152085 0.75019 0.0536886 0.0404033
0 0.617846 0.507544 0.0340214 0.0273512
0 0.196234 0.737427 0.0714483 0.0547178
0 0.193044 0.785168 0.0532854 0.041515
0 0.454344 0.726459 0.0457669 0.034589
0 0.829289 0.747803 0.0424 0.0310738
0 0.899441 0.0334233 0.188435 0.0667529
0 0.384668 0.265003 0.0322331 0.0267555
0 0.0103297 0.712557 0.0204394 0.0518709
0 0.860972 0.741541 0.0406921 0.0314071
0 0.904196 0.491006 0.0370272 0.0279513
0 0.674221 0.539246 0.0352257 0.0279015
0 0.183279 0.408024 0.0369904 0.0282602
0 0.223757 0.198661 0.0298165 0.024536
0 0.378712 0.117475 0.0312501 0.026001
0 0.967868 0.767122 0.0341053 0.0273273
0 0.916897 0.268295 0.036068 0.0278225
0 0.38468 0.628612 0.0339466 0.0266281
0 0.690594 0.706905 0.0566166 0.0431921
0 0.424913 0.40537 0.03009 0.0254173
0 0.920555 0.786598 0.0601665 0.0420637
0 0.530654 0.525764 0.0324834 0.025568
0 0.943013 0.314715 0.0439808 0.0334749
0 0.0723324 0.77409 0.0330548 0.0267523
0 0.935616 0.760645 0.0448027 0.0354408
0 0.844446 0.106348 0.123374 0.102051
0 0.250694 0.150585 0.0282379 0.0231806
0 0.103349 0.0908654 0.0327956 0.0259423
0 0.891711 0.99271 0.0405735 0.0145802
0 0.173544 0.572933 0.0303562 0.0239161
0 0.549174 0.869753 0.0628035 0.0512102
0 0.568286 0.104283 0.0291786 0.0229668
0 0.0168851 0.952235 0.0314694 0.0288958
0 0.527766 0.680328 0.0361511 0.0273072
0 0.586585 0.12648 0.0288347 0.0246439
0 0.833889 0.200497 0.105485 0.0891667
0 0.78291 0.52626 0.0287812 0.0226679
0 0.0966447 0.986171 0.0784571 0.0276578
0 0.430621 0.652591 0.0695491 0.0588942
0 0.450967 0.614891 0.0562839 0.0416255
0 0.0171696 0.409829 0.0339443 0.0323485
0 0.52209 0.62536 0.0330832 0.0260611
