0 0.165684 0.809801 0.123366 0.112783
0 0.463146 0.520843 0.283746 0.25583
0 0.219033 0.642431 0.0815458 0.0726767
0 0.55624 0.37814 0.0449522 0.0427716
0 0.297405 0.486302 0.0384957 0.0354572
0 0.0911247 0.568246 0.102449 0.0906984
0 0.110931 0.938427 0.178583 0.122791
0 0.41681 0.646436 0.0779801 0.0742694
0 0.0254692 0.87758 0.0393971 0.0358097
0 0.628169 0.556947 0.0329384 0.031894
0 0.268059 0.920814 0.0772753 0.0721237
0 0.511566 0.0534617 0.0314348 0.0292696
0 0.653394 0.4204 0.0358149 0.0335794
0 0.305608 0.770205 0.0939655 0.0887722
0 0.432603 0.324002 0.0383841 0.0353311
0 0.238583 0.717541 0.140137 0.130202
0 0.48494 0.733509 0.0520357 0.0490869
0 0.136149 0.731862 0.0741769 0.0686771
0 0.11818 0.761516 0.0379748 0.033803
0 0.364674 0.638136 0.03079 0.0284718
0 0.785119 0.69132 0.0604818 0.0592963
0 0.580486 0.0252885 0.0297888 0.0280105
0 0.440363 0.11396 0.376674 0.227417
0 0.253909 0.200366 0.106281 0.0983086
0 0.599576 0.239142 0.0292913 0.0271544
0 0.0650557 0.259104 0.129108 0.120702
0 0.592218 0.592362 0.0300274 0.0289371
0 0.172011 0.60341 0.0580767 0.0538595
0 0.70294 0.737758 0.150424 0.136513
0 0.934684 0.616042 0.130632 0.166855
0 0.139642 0.0972296 0.267086 0.194459
0 0.0541233 0.663095 0.0934744 0.0773537
0 0.868827 0.830172 0.0445889 0.0415134
0 0.896377 0.547711 0.0307613 0.0291331
0 0.655127 0.898331 0.106498 0.100242
0 0.987083 0.061599 0.0258343 0.0301905
0 0.8589 0.85024 0.280759 0.298978
0 0.932275 0.388315 0.0737442 0.0687623
0 0.383739 0.401382 0.0276108 0.0265089
0 0.74169 0.47077 0.127756 0.120096
0 0.339661 0.965931 0.0633183 0.0605225
0 0.168868 0.882128 0.0391371 0.0371296
0 0.644641 0.355148 0.0267452 0.0261863
0 0.0790246 0.863389 0.0673389 0.0621265
0 0.803361 0.196729 0.098634 0.0934404
0 0.703381 0.384577 0.361999 0.356137
