0 0.730939 0.725511 0.145207 0.112252
0 0.0890667 0.0897542 0.178133 0.143474
0 0.374617 0.298948 0.0786502 0.0616395
0 0.409617 0.555109 0.0512983 0.0382161
0 0.423164 0.270868 0.0484255 0.0357731
0 0.0601562 0.862571 0.0457751 0.0356712
0 0.898225 0.520057 0.04734 0.0379937
0 0.359357 0.423633 0.0409944 0.0303705
0 0.824463 0.14768 0.0646217 0.0472658
0 0.771022 0.551789 0.0923212 0.0712404
0 0.691929 0.04039 0.150221 0.08078
0 0.484781 0.430648 0.041728 0.0341851
0 0.819045 0.498613 0.0355124 0.0276698
0 0.380641 0.0103705 0.050082 0.0203686
0 0.444091 0.438699 0.0356278 0.0259104
0 0.503509 0.880333 0.0372463 0.0295973
0 0.540387 0.189786 0.0382728 0.0288677
0 0.392057 0.132228 0.0742451 0.0515889
0 0.385662 0.38599 0.0327732 0.0263914
0 0.244666 0.139042 0.0308476 0.023145
0 0.0167648 0.306135 0.0331093 0.0353997
0 0.826989 0.820679 0.0338619 0.0256731
0 0.658686 0.638914 0.0321075 0.0245997
0 0.117806 0.599042 0.0650656 0.045418
0 0.0477755 0.417579 0.0491063 0.0374478
0 0.805016 0.295133 0.0353619 0.0276477
0 0.2262 0.0142891 0.0597585 0.0281983
0 0.104962 0.201329 0.136653 0.104518
0 0.709056 0.114127 0.047041 0.0357162
0 0.46191 0.54156 0.0444296 0.0327738
0 0.0768139 0.3359 0.0388332 0.0298991
0 0.696563 0.458525 0.0437482 0.0337047
0 0.428802 0.367317 0.0311119 0.0255752
0 0.992459 0.305598 0.015082 0.0418706
0 0.83068 0.573156 0.0329987 0.0247851
0 0.061504 0.289794 0.0615044 0.0464406
0 0.825759 0.33388 0.0632307 0.0466752
0 0.0766071 0.468324 0.0296092 0.0239071
0 0.892861 0.411017 0.0346058 0.027815
0 0.197244 0.473235 0.0340972 0.0245584
