0 0.210457 0.75229 0.0816757 0.0596016
0 0.224784 0.287364 0.0429299 0.0325679
0 0.844742 0.321347 0.0623224 0.0465016
0 0.264398 0.208333 0.05273 0.0384673
0 0.171249 0.228017 0.0529151 0.0390745
0 0.306071 0.361207 0.0436174 0.0318203
0 0.304582 0.111728 0.0396184 0.0288289
0 0.0404028 0.949752 0.0353197 0.0257442
0 0.581065 0.0794355 0.04272 0.0296894
0 0.814014 0.298216 0.0428494 0.0336703
0 0.372049 0.496381 0.0341517 0.0264553
0 0.838561 0.374667 0.0464539 0.031874
0 0.609297 0.506375 0.0333751 0.0248676
0 0.0772725 0.276239 0.0333034 0.0230546
