0 0.246488 0.737412 0.264516 0.195446
0 0.647972 0.407002 0.180933 0.134325
0 0.661904 0.314538 0.0783769 0.0641388
0 0.883712 0.440054 0.0998819 0.0718376
0 0.201963 0.351989 0.0664127 0.0510414
0 0.460703 0.663626 0.365573 0.284081
0 0.306397 0.425158 0.149528 0.112114
0 0.621472 0.201923 0.140076 0.106773
0 0.227395 0.529838 0.0980745 0.0753339
0 0.541345 0.278848 0.140521 0.109136
0 0.689343 0.181151 0.122254 0.0965195
0 0.748737 0.502016 0.0461535 0.0330383
0 0.785426 0.153229 0.0425215 0.0309223
0 0.506103 0.186511 0.0856472 0.0656304
0 0.414024 0.25043 0.181652 0.143601
0 0.518581 0.542179 0.0533772 0.0432611
0 0.715946 0.666787 0.0826169 0.0609644
0 0.971889 0.499661 0.0509033 0.0368424
0 0.976699 0.619507 0.046601 0.0434969
0 0.370895 0.839799 0.0455577 0.0334164
0 0.195137 0.0471893 0.0656867 0.0512271
0 0.516651 0.433523 0.0862072 0.06388
0 0.1459 0.420738 0.179938 0.142064
0 0.814699 0.092341 0.0860214 0.0573326
0 0.912647 0.0572834 0.174706 0.114567
0 0.324973 0.507853 0.110135 0.085733
0 0.793528 0.485034 0.035853 0.0268827
0 0.50444 0.913643 0.0706508 0.0476225
0 0.603017 0.333365 0.0446928 0.0350043
0 0.348553 0.821907 0.0376581 0.0263012
0 0.0611361 0.0515165 0.0679323 0.0501509
0 0.298123 0.0913139 0.0602079 0.0438987
0 0.37207 0.1714 0.0401748 0.032402
0 0.261265 0.235126 0.049253 0.0378294
0 0.179063 0.175613 0.0487899 0.0370398
0 0.0749049 0.0356095 0.122052 0.0697453
