0 0.442446 0.0483841 0.0529993 0.0483013
0 0.442616 0.236538 0.0466481 0.0429627
0 0.0595698 0.530999 0.0325512 0.0293755
0 0.323039 0.799519 0.0616357 0.0566075
0 0.850494 0.712302 0.0342691 0.0325607
0 0.749604 0.700055 0.0419788 0.0399551
0 0.943098 0.931278 0.0403633 0.0357658
0 0.80037 0.777629 0.0439129 0.0421385
0 0.508588 0.875987 0.0383576 0.0347399
0 0.898048 0.0999646 0.0474453 0.0443631
0 0.533292 0.907347 0.0544943 0.0461393
0 0.502619 0.845331 0.0341971 0.032444
0 0.991687 0.977376 0.0166257 0.036565
0 0.230977 0.149127 0.045796 0.0444833
0 0.764789 0.0793754 0.0468673 0.0414755
0 0.852262 0.876169 0.0730036 0.0656319
0 0.794425 0.0948255 0.0319822 0.0311141
0 0.516932 0.199614 0.0590586 0.0578226
0 0.949257 0.355209 0.0301067 0.0293349
0 0.799893 0.715843 0.029409 0.0273029
0 0.891829 0.922748 0.0403889 0.0351749
0 0.293847 0.856244 0.0508642 0.0454506
0 0.758322 0.0550297 0.0450884 0.0387594
0 0.18127 0.166786 0.0318188 0.0264172
0 0.290513 0.0297161 0.0293468 0.0283385
0 0.370796 0.79019 0.0431253 0.038597
0 0.703234 0.210938 0.0290482 0.0279066
0 0.575535 0.148434 0.0273289 0.0265165
0 0.505039 0.181239 0.0475658 0.0408792
0 0.820633 0.305857 0.0270416 0.0254771
0 0.958558 0.516647 0.0317036 0.0281509
0 0.297153 0.820151 0.0393583 0.0369789
