0 0.657454 0.294534 0.235462 0.18448
0 0.252604 0.406038 0.0740378 0.0551364
0 0.720743 0.483641 0.0725191 0.0555931
0 0.648421 0.554293 0.0733346 0.0549559
0 0.402859 0.323035 0.0481209 0.0361629
0 0.644934 0.519402 0.0579626 0.0411016
0 0.886477 0.044744 0.0534821 0.0412925
0 0.599854 0.703586 0.0412205 0.0301575
0 0.0500191 0.612788 0.0477853 0.0344667
0 0.645466 0.849876 0.0364196 0.0265692
0 0.275481 0.208281 0.0433426 0.0333665
0 0.979268 0.571016 0.0301422 0.0241435
0 0.866902 0.758706 0.263204 0.230998
0 0.559212 0.556904 0.0289616 0.0245718
0 0.987007 0.388056 0.0259859 0.0289072
