0 0.158916 0.748535 0.0429953 0.0421419
0 0.629039 0.951107 0.0305696 0.0290646
0 0.357865 0.888919 0.047233 0.0448742
0 0.772069 0.424569 0.0276384 0.0267239
0 0.563425 0.14143 0.105535 0.099999
0 0.703113 0.102611 0.0826393 0.0814599
0 0.504166 0.100311 0.0269592 0.0258135
0 0.577328 0.0997444 0.0298416 0.0299788
0 0.878363 0.974867 0.0708775 0.0502665
0 0.335758 0.955017 0.0973126 0.0891949
0 0.651141 0.629579 0.025344 0.0250117
0 0.0195527 0.555409 0.0391053 0.0432891
0 0.698798 0.0877924 0.061538 0.0595998
0 0.120215 0.0637398 0.0268681 0.026416
0 0.218133 0.00740659 0.0560363 0.0147628
