0 0.823684 0.486299 0.0759192 0.0634419
0 0.0189278 0.041139 0.0378556 0.0392905
0 0.703879 0.571631 0.0578912 0.04891
0 0.0423016 0.485257 0.04535 0.0396124
0 0.265915 0.530458 0.0423957 0.0397535
0 0.313646 0.306951 0.0347882 0.0304543
0 0.964666 0.03265 0.0484245 0.0428293
0 0.581368 0.721043 0.0571415 0.0483448
0 0.830579 0.238792 0.0348524 0.0307024
0 0.633064 0.265562 0.0367138 0.0311898
0 0.47606 0.00826151 0.0462062 0.016523
0 0.738702 0.524037 0.0337869 0.0276721
0 0.672765 0.47077 0.0298296 0.0266468
0 0.410002 0.480517 0.130378 0.118014
0 0.263882 0.309726 0.0347415 0.0308178
0 0.0755537 0.891044 0.0278676 0.0259329
0 0.896062 0.506245 0.038406 0.0323462
0 0.760468 0.75535 0.0995003 0.0853722
0 0.0589514 0.954457 0.0555934 0.0462973
