0 0.884198 0.206961 0.0937851 0.089179
0 0.775676 0.71105 0.033432 0.0321683
0 0.31514 0.532659 0.0297798 0.0281406
0 0.693171 0.912803 0.0386721 0.037429
0 0.808154 0.823396 0.030822 0.0286266
0 0.441831 0.398866 0.208635 0.192828
0 0.185489 0.462262 0.0324206 0.0295925
0 0.0534193 0.752193 0.0248685 0.0241071
0 0.151929 0.389931 0.120701 0.11498
0 0.518991 0.472775 0.0287333 0.0267424
0 0.0590876 0.707259 0.118039 0.308805
0 0.458948 0.0951721 0.356949 0.190157
0 0.765501 0.17297 0.123746 0.117734
0 0.428067 0.508018 0.0257264 0.0246243
0 0.143118 0.837738 0.0288582 0.0274178
0 0.0320501 0.770818 0.0356433 0.0338211
