0 0.750946 0.765068 0.0493572 0.0357162
0 0.317074 0.277319 0.0625595 0.0461855
0 0.127947 0.679877 0.0691238 0.0481405
0 0.763976 0.169984 0.0751841 0.0556713
0 0.75743 0.208799 0.0528482 0.0392219
0 0.649782 0.2236 0.0470688 0.0360316
0 0.878116 0.197844 0.0640846 0.0488249
0 0.569901 0.199283 0.0376879 0.0280373
0 0.302172 0.0181251 0.045683 0.0343002
0 0.278542 0.242433 0.0444228 0.031988
0 0.817431 0.226308 0.0395721 0.0276438
0 0.36913 0.278313 0.0412355 0.0319045
0 0.297699 0.214096 0.0486576 0.0363427
0 0.317833 0.197458 0.0381453 0.0275098
0 0.894029 0.922531 0.0361145 0.0268555
0 0.0107874 0.941628 0.0213507 0.0336481
0 0.405382 0.424121 0.114337 0.079634
0 0.720486 0.36378 0.0334768 0.0259235
0 0.853234 0.598655 0.101588 0.0667362
0 0.855847 0.370464 0.0448179 0.0313529
