0 0.212509 0.878358 0.0830057 0.0680107
0 0.129843 0.93144 0.0611904 0.0528969
0 0.247474 0.466897 0.219235 0.195583
0 0.537292 0.798971 0.0552418 0.0478862
0 0.950741 0.865222 0.0470139 0.0400929
0 0.964238 0.597748 0.0689711 0.0648196
0 0.811292 0.227321 0.0346043 0.0320979
0 0.965276 0.227073 0.0371704 0.032777
0 0.738092 0.752347 0.0376734 0.0348007
0 0.690991 0.247981 0.0340844 0.0303839
0 0.884893 0.331371 0.0391218 0.0356086
0 0.190448 0.456947 0.0455991 0.0406643
0 0.881126 0.209633 0.0313454 0.0277856
0 0.260308 0.139205 0.0360041 0.0346464
0 0.557829 0.867667 0.0452894 0.0401718
0 0.0314014 0.362094 0.0628029 0.150315
0 0.539072 0.553687 0.269965 0.241111
0 0.989902 0.29323 0.020195 0.0346159
0 0.551305 0.394913 0.033696 0.0299918
0 0.903665 0.485935 0.0379055 0.0337444
0 0.741123 0.555106 0.0339209 0.0289479
0 0.2068 0.153165 0.0361552 0.0329554
0 0.959416 0.432345 0.0338039 0.0306646
0 0.708305 0.192117 0.0312383 0.0282992
0 0.728535 0.892193 0.0343161 0.0300613
0 0.41813 0.0102666 0.0603155 0.0204927
0 0.841937 0.627277 0.242322 0.2347
0 0.940409 0.452367 0.0480938 0.04398
0 0.742168 0.653956 0.031502 0.0271654
0 0.910097 0.305124 0.0306782 0.0281299
0 0.109493 0.05164 0.21142 0.103216
0 0.263504 0.772979 0.527008 0.454041
