0 0.28112 0.0605595 0.183674 0.121119
0 0.161464 0.54877 0.042366 0.0357283
0 0.0529382 0.41712 0.0571969 0.0473846
0 0.628735 0.366833 0.0446646 0.0359137
0 0.0763459 0.794432 0.0578773 0.0448942
0 0.761069 0.684546 0.0548118 0.0406576
0 0.853118 0.651673 0.0415066 0.032873
0 0.580868 0.97836 0.0618391 0.0432438
0 0.125531 0.465379 0.0861616 0.070121
0 0.301783 0.804815 0.0631849 0.0497469
0 0.832823 0.566763 0.064859 0.0499244
0 0.646978 0.301128 0.0395994 0.0320314
0 0.723455 0.305384 0.0407127 0.0327423
0 0.704633 0.76458 0.0701903 0.0583769
0 0.966036 0.384393 0.0350575 0.0290263
0 0.530714 0.300739 0.0431905 0.0360201
0 0.766181 0.52408 0.0439848 0.0351591
0 0.515412 0.0970501 0.0390976 0.0295819
0 0.939821 0.929639 0.0924597 0.0759823
0 0.35489 0.772844 0.0579709 0.0459818
0 0.965133 0.459487 0.069734 0.0891243
0 0.491644 0.982481 0.0891153 0.0342564
0 0.891299 0.0264384 0.0368198 0.0301316
0 0.85061 0.37961 0.0344156 0.0291301
0 0.864984 0.722504 0.0359688 0.0296856
0 0.660978 0.571969 0.16815 0.13976
0 0.864299 0.762525 0.0345188 0.0277031
0 0.725589 0.436346 0.0379831 0.0305741
0 0.407668 0.416267 0.0425241 0.0340527
0 0.0741959 0.585616 0.112658 0.088143
0 0.507285 0.898639 0.0674829 0.05592
0 0.434306 0.397113 0.0359616 0.0276424
0 0.291769 0.389447 0.0854435 0.0728945
0 0.0912453 0.986546 0.0412494 0.0268747
0 0.409659 0.863977 0.0511815 0.0405457
0 0.191143 0.182276 0.0407819 0.03007
0 0.00965213 0.181189 0.0192506 0.0526117
0 0.382779 0.302728 0.0794999 0.0635755
0 0.349111 0.175065 0.0327945 0.0263519
0 0.259543 0.343378 0.0381656 0.0322201
0 0.90463 0.628025 0.0415333 0.0331083
0 0.878781 0.958747 0.0485476 0.0390917
0 0.797252 0.744944 0.0331718 0.0263792
