0 0.936606 0.432151 0.125823 0.120586
0 0.433388 0.0208872 0.0530311 0.0407082
0 0.359818 0.355266 0.0618033 0.0519047
0 0.745306 0.464096 0.0985784 0.0801903
0 0.490768 0.194025 0.101056 0.0851883
0 0.48095 0.401735 0.0489787 0.0396605
0 0.798451 0.404435 0.0330753 0.0290609
0 0.788357 0.773512 0.0346226 0.0306557
0 0.490324 0.9324 0.0346539 0.0304144
0 0.196582 0.198136 0.0366719 0.0308626
0 0.116701 0.345923 0.0375464 0.0321673
0 0.130776 0.797263 0.0328459 0.0291189
0 0.187862 0.619623 0.0441497 0.037875
0 0.453808 0.0552269 0.0321157 0.0263446
0 0.202269 0.454468 0.0364956 0.0313293
0 0.890913 0.142345 0.0343256 0.0274854
0 0.142916 0.872949 0.12691 0.111408
0 0.443267 0.37773 0.0366098 0.0304333
0 0.113908 0.385379 0.0322236 0.0263519
0 0.269006 0.201675 0.0387817 0.0333788
0 0.0900663 0.187852 0.0427594 0.0349325
0 0.249798 0.934686 0.0460737 0.0387232
0 0.670097 0.147818 0.0305285 0.0245397
0 0.51858 0.629936 0.0424122 0.0337907
0 0.102353 0.974804 0.0616552 0.050034
0 0.901391 0.9697 0.0310017 0.028157
0 0.610349 0.245936 0.0444532 0.0388406
0 0.827161 0.41576 0.0305199 0.026346
0 0.289196 0.312296 0.0298648 0.0260592
0 0.923033 0.111065 0.0762173 0.0592317
0 0.804687 0.0169561 0.061583 0.0339122
0 0.14844 0.709463 0.0476508 0.0368988
0 0.111558 0.919915 0.0972094 0.0814583
0 0.367972 0.317439 0.0314102 0.0271926
0 0.165808 0.192108 0.111448 0.098728
0 0.574705 0.205752 0.0714428 0.0620161
0 0.458681 0.283004 0.0319295 0.0264211
0 0.852451 0.0357934 0.0535879 0.0458467
0 0.102433 0.275321 0.0288049 0.024707
0 0.0614019 0.17027 0.035415 0.0309098
0 0.85077 0.62473 0.0320725 0.0284079
0 0.979831 0.609378 0.0399029 0.0492292
0 0.253494 0.197368 0.0524504 0.0389568
0 0.550092 0.131098 0.0282198 0.0239478
0 0.0424242 0.555813 0.0848484 0.0866167
0 0.909237 0.128993 0.181526 0.239153
0 0.332605 0.0571786 0.0286273 0.0244772
0 0.795129 0.0437441 0.0287304 0.0235188
0 0.74666 0.322725 0.050568 0.0440924
