0 0.463138 0.930743 0.221392 0.138514
0 0.690153 0.270853 0.0645004 0.0499497
0 0.469785 0.621043 0.0971851 0.0819603
0 0.31058 0.681119 0.075814 0.0572182
0 0.858821 0.921004 0.282359 0.157993
0 0.650277 0.26831 0.450179 0.374105
0 0.294036 0.125451 0.38794 0.250903
0 0.80984 0.594217 0.034486 0.0291069
0 0.355558 0.407443 0.042182 0.0310573
0 0.134177 0.489488 0.035173 0.0306177
0 0.197512 0.411255 0.0342524 0.031478
0 0.0415878 0.669918 0.0701681 0.0586365
0 0.11838 0.391065 0.0387909 0.0323952
0 0.145217 0.414018 0.0330396 0.0259661
0 0.659534 0.662336 0.0417164 0.0334982
0 0.177195 0.623959 0.0332765 0.0259943
0 0.521881 0.394344 0.0348989 0.0275831
0 0.125115 0.709812 0.0333128 0.0274319
0 0.354968 0.0563582 0.0500255 0.0407024
0 0.489989 0.796547 0.0371299 0.0292393
0 0.944938 0.609466 0.0398266 0.031119
0 0.2983 0.752198 0.0332242 0.0285769
0 0.153361 0.753329 0.0363432 0.0295454
0 0.542385 0.563036 0.0334638 0.025353
0 0.395247 0.621624 0.100472 0.0865631
0 0.964042 0.755675 0.0717728 0.0778437
0 0.0210759 0.0217906 0.0421519 0.0390406
0 0.0802366 0.12118 0.0497694 0.0417945
0 0.501993 0.417067 0.0330121 0.0255266
0 0.223344 0.839206 0.0318194 0.0266712
0 0.405853 0.11642 0.0321656 0.0291294
0 0.451935 0.990504 0.0306117 0.0189912
0 0.867723 0.688079 0.0386284 0.0306442
0 0.0758785 0.542254 0.0364617 0.0291317
0 0.00775082 0.194008 0.0155016 0.0514739
0 0.980991 0.569238 0.0380177 0.0402395
0 0.864148 0.457375 0.0290476 0.0242853
0 0.236795 0.797861 0.0328776 0.0269531
0 0.307727 0.714019 0.0332729 0.0254956
0 0.391938 0.454806 0.031464 0.0244766
0 0.112935 0.42924 0.0440316 0.0360115
0 0.234963 0.0424793 0.0352651 0.0283919
