0 0.770425 0.362121 0.100674 0.0994704
0 0.534163 0.854166 0.0704125 0.0689079
0 0.622791 0.115789 0.0363194 0.0358052
0 0.886745 0.892586 0.048275 0.0471439
0 0.0788259 0.276907 0.0330103 0.0319195
0 0.798857 0.51369 0.0652702 0.0648401
0 0.776538 0.0922547 0.0504055 0.0500371
0 0.337524 0.196019 0.039625 0.0383694
0 0.0397164 0.915287 0.0783802 0.0779537
0 0.585501 0.231579 0.0526091 0.0523428
0 0.869863 0.314213 0.0493485 0.0491846
0 0.0959971 0.334311 0.0470767 0.0472237
0 0.526687 0.93658 0.0421392 0.041918
0 0.685844 0.612902 0.0457077 0.0447849
0 0.73143 0.530099 0.0456911 0.0437272
0 0.365449 0.177425 0.0318233 0.0310083
0 0.550216 0.09611 0.0379587 0.0375106
0 0.23752 0.285015 0.0415253 0.0408701
0 0.05299 0.172422 0.0334878 0.0332236
0 0.851517 0.751367 0.0381948 0.037743
0 0.865588 0.372169 0.0615149 0.0592614
0 0.0940958 0.0539011 0.0304484 0.0300936
0 0.487025 0.791495 0.0765684 0.0763998
0 0.034067 0.538667 0.0275191 0.0274101
0 0.0168128 0.615524 0.0336257 0.0424518
0 0.180689 0.790971 0.0335474 0.0337854
0 0.64336 0.427253 0.038438 0.0377102
0 0.310125 0.87868 0.0289039 0.0290689
0 0.693669 0.718151 0.032473 0.0317451
0 0.346533 0.44129 0.0354136 0.0350677
0 0.508587 0.981238 0.0439531 0.0373343
0 0.561483 0.120444 0.026923 0.0266655
0 0.47757 0.649198 0.0316936 0.0306375
0 0.236094 0.254003 0.0268096 0.0264017
0 0.737607 0.726021 0.0349447 0.0354137
0 0.804653 0.188555 0.0301582 0.0288376
0 0.420607 0.52913 0.028673 0.0280264
0 0.588727 0.155302 0.0647553 0.0620882
0 0.364597 0.600714 0.0247095 0.0241646
0 0.683187 0.433506 0.0338964 0.0319131
0 0.871562 0.500856 0.0453617 0.0433004
0 0.736401 0.0765055 0.0287373 0.0278178
0 0.356003 0.980651 0.0380719 0.0347427
0 0.681739 0.958728 0.0273252 0.0265743
0 0.825775 0.31412 0.0373524 0.0372372
0 0.74671 0.951411 0.0249905 0.0239651
0 0.295947 0.531794 0.0244868 0.0236939
0 0.546054 0.576639 0.0284086 0.0275251
0 0.0430391 0.515076 0.02344 0.0233301
0 0.720552 0.659251 0.0328165 0.0318815
0 0.216105 0.214095 0.0256197 0.0258771
0 0.280308 0.228965 0.0241869 0.0258919
0 0.0078731 0.952298 0.0156294 0.0330383
0 0.518219 0.678694 0.0376524 0.0361898
0 0.821205 0.435559 0.0303556 0.0297616
0 0.686414 0.661582 0.0348178 0.0344226
0 0.343408 0.909974 0.0295446 0.0287191
0 0.154656 0.502121 0.0284179 0.0281238
0 0.0526574 0.395881 0.0242711 0.0239534
0 0.826233 0.16366 0.0267899 0.0263461
0 0.935698 0.618965 0.0553799 0.0551561
0 0.591599 0.0716109 0.023333 0.0230666
0 0.459483 0.484188 0.0247265 0.0248049
0 0.215485 0.97275 0.0769754 0.0539892
0 0.424431 0.806523 0.0454096 0.0464777
0 0.662157 0.688472 0.0315069 0.0304174
0 0.154243 0.986196 0.0309658 0.0270603
0 0.288342 0.250615 0.0310263 0.0302615
