0 0.312365 0.434165 0.179607 0.164116
0 0.471869 0.810787 0.141083 0.132175
0 0.476982 0.955264 0.0541767 0.0514385
0 0.562711 0.37099 0.079491 0.0721334
0 0.406897 0.344272 0.0426965 0.0379626
0 0.329388 0.336854 0.0372397 0.0336698
0 0.940446 0.0349101 0.0558825 0.0521713
0 0.0966178 0.988149 0.0694489 0.023702
0 0.852392 0.712685 0.0372883 0.03257
0 0.272089 0.70067 0.0739895 0.0690208
0 0.703636 0.748851 0.50829 0.472367
0 0.576522 0.141501 0.0500668 0.0430643
0 0.875816 0.262069 0.0299027 0.0279595
0 0.271667 0.223094 0.0453294 0.0420041
0 0.841677 0.18577 0.0405315 0.0368179
0 0.491618 0.447184 0.0473732 0.0410886
0 0.547367 0.249765 0.0297709 0.0271453
0 0.0817492 0.449045 0.0400384 0.0356977
0 0.644923 0.267059 0.0351456 0.0306882
0 0.0919087 0.957125 0.0443689 0.0411293
0 0.371925 0.988445 0.0908018 0.0230106
0 0.806068 0.526218 0.0461805 0.0416429
0 0.440851 0.98317 0.0486595 0.033493
0 0.372779 0.939605 0.110236 0.097143
0 0.342487 0.250669 0.0604351 0.0546216
