0 0.336124 0.51441 0.0440937 0.0431196
0 0.0549492 0.57127 0.04163 0.0397905
0 0.515728 0.886957 0.0352491 0.0338528
0 0.386537 0.019598 0.0419446 0.0391961
0 0.537482 0.635528 0.0477961 0.0465204
0 0.858585 0.984414 0.0599728 0.0311722
0 0.041789 0.954374 0.0420547 0.0413702
0 0.427804 0.367045 0.0312611 0.029794
0 0.829629 0.636206 0.0556763 0.0538898
0 0.315378 0.558235 0.0276893 0.0267969
0 0.357623 0.168315 0.0693204 0.0648501
0 0.447293 0.674114 0.0528073 0.0524111
0 0.792882 0.979404 0.0514879 0.0411057
0 0.755766 0.907733 0.0320089 0.0306429
0 0.928821 0.385131 0.0390377 0.0378858
0 0.848779 0.282428 0.0700336 0.0675261
0 0.975573 0.723479 0.0467205 0.043285
0 0.843141 0.405926 0.0583698 0.0564726
0 0.772324 0.684758 0.0302972 0.0295544
0 0.885261 0.227334 0.0537704 0.0527743
0 0.289641 0.0171108 0.0333602 0.0310598
0 0.508573 0.0542782 0.0274091 0.0256864
0 0.624928 0.734356 0.042734 0.0421417
0 0.120677 0.40628 0.07567 0.0709891
0 0.786721 0.307179 0.0614061 0.0588024
0 0.607952 0.0895347 0.0271711 0.0262383
0 0.0139126 0.504147 0.0275488 0.0442096
0 0.506826 0.00863351 0.0343708 0.017267
0 0.815783 0.442534 0.0434702 0.0427082
0 0.986533 0.865103 0.0268944 0.0378689
0 0.633999 0.420676 0.0613764 0.0585405
0 0.0919542 0.349296 0.0460809 0.0444137
0 0.535454 0.534004 0.0445897 0.043045
0 0.777897 0.459514 0.0403256 0.0379472
0 0.788434 0.714693 0.0643541 0.0593011
0 0.072328 0.232326 0.0683361 0.0659503
0 0.917682 0.349833 0.038271 0.0376587
0 0.33682 0.0803201 0.0335134 0.0326097
0 0.664146 0.777041 0.0270988 0.0270571
0 0.667706 0.130114 0.0305026 0.0291407
0 0.34897 0.233841 0.0544395 0.0548702
0 0.801463 0.7147 0.0405306 0.0450711
0 0.693802 0.299904 0.0327506 0.0309257
0 0.409693 0.197764 0.461948 0.395528
0 0.137767 0.368895 0.0270055 0.0268973
0 0.988221 0.234216 0.023558 0.0345762
