0 0.307494 0.808647 0.125181 0.124162
0 0.943846 0.0681601 0.0850815 0.0817751
0 0.354971 0.0986925 0.0729015 0.0717217
0 0.826346 0.139964 0.0674334 0.0662685
0 0.186161 0.361286 0.0527338 0.0515988
0 0.38331 0.631191 0.0607113 0.0592051
0 0.955656 0.163023 0.0796141 0.0785291
0 0.737258 0.877778 0.0520423 0.0499998
0 0.721319 0.53783 0.0523232 0.0503332
0 0.815206 0.851332 0.0376572 0.0368101
0 0.703883 0.408391 0.0524195 0.0518317
0 0.657745 0.485348 0.0546652 0.0525791
0 0.24373 0.611637 0.0323003 0.0318277
0 0.802372 0.492889 0.0640135 0.0626762
0 0.733067 0.704781 0.0431738 0.0416885
0 0.89217 0.391454 0.133666 0.130661
0 0.20183 0.51341 0.0552549 0.0544702
0 0.37293 0.898589 0.0615418 0.0595596
0 0.773782 0.72897 0.0368172 0.0355758
0 0.345195 0.180884 0.0369119 0.0371542
0 0.632269 0.0890387 0.0615705 0.0602209
0 0.708159 0.453732 0.0429737 0.0419703
0 0.675577 0.0126766 0.0353642 0.0251207
0 0.0612192 0.81742 0.0429488 0.041716
0 0.688909 0.182276 0.0562662 0.0565428
0 0.670685 0.431539 0.0331451 0.0324265
0 0.806442 0.983186 0.0349953 0.0326355
0 0.824887 0.564103 0.0326206 0.0318978
0 0.11083 0.446986 0.0347179 0.0335055
0 0.595995 0.233193 0.0358368 0.0352429
0 0.919915 0.11489 0.0478222 0.0454489
0 0.0266315 0.850162 0.0529534 0.0579422
0 0.104079 0.247101 0.0271003 0.0273988
0 0.961311 0.557692 0.0766819 0.076182
0 0.156755 0.100336 0.0354486 0.0355823
0 0.752887 0.19124 0.0684087 0.0674235
0 0.585603 0.495236 0.0371679 0.0365196
0 0.385117 0.503748 0.101987 0.10031
0 0.637555 0.970997 0.0636267 0.0571217
0 0.932607 0.569133 0.033029 0.031598
0 0.465494 0.0218683 0.0432187 0.04287
0 0.801315 0.429725 0.0435394 0.0411171
0 0.247988 0.92518 0.0332605 0.032531
0 0.663274 0.714113 0.0715174 0.0700864
0 0.522632 0.647538 0.0290447 0.0284332
0 0.351528 0.506546 0.0314628 0.0311913
0 0.541667 0.579297 0.0392376 0.0377111
0 0.515669 0.899327 0.0351689 0.0329685
0 0.901717 0.1558 0.0478891 0.0459725
0 0.990589 0.303551 0.0188226 0.0486034
0 0.0217803 0.371796 0.0279925 0.0272767
0 0.448315 0.437202 0.0838503 0.0815674
0 0.905286 0.608257 0.0289101 0.0280666
0 0.467901 0.566899 0.0587245 0.05889
0 0.577266 0.867699 0.0435848 0.0431265
0 0.149472 0.479968 0.0273074 0.0272964
0 0.652674 0.371522 0.0408943 0.0395964
0 0.552598 0.800983 0.033633 0.0331066
0 0.768654 0.184654 0.0326 0.0321758
0 0.0644747 0.0357953 0.106877 0.0715232
0 0.576672 0.214082 0.0254436 0.0262721
0 0.351955 0.568132 0.0501711 0.0492486
0 0.308818 0.893808 0.0472313 0.0460598
0 0.547122 0.982718 0.12074 0.0345634
0 0.57974 0.0870376 0.0251899 0.0243111
0 0.587075 0.29693 0.0279783 0.027156
0 0.494242 0.114826 0.0434556 0.0431472
0 0.680965 0.987989 0.0272886 0.0232258
0 0.625787 0.571995 0.0555558 0.0553776
0 0.600189 0.387121 0.0488832 0.0469731
0 0.822927 0.650566 0.0388121 0.0369941
0 0.549618 0.1617 0.0256149 0.0248654
0 0.124934 0.692279 0.130696 0.124663
0 0.832032 0.662445 0.039399 0.0376177
0 0.914946 0.517293 0.0357954 0.0339482
0 0.961733 0.357652 0.076534 0.0835669
0 0.721956 0.234979 0.0530457 0.0507495
0 0.409276 0.383173 0.02862 0.0273593
0 0.879918 0.961165 0.0429035 0.0416994
0 0.491885 0.405057 0.0258974 0.0247768
0 0.267952 0.125406 0.0260857 0.0248615
0 0.974252 0.366936 0.0514965 0.0591301
0 0.164334 0.524519 0.0260706 0.0256553
0 0.268633 0.424123 0.0406023 0.0401764
0 0.057619 0.105863 0.0235309 0.0228622
0 0.240127 0.78213 0.0246152 0.02388
0 0.484575 0.615955 0.0330481 0.0320224
0 0.778797 0.00608383 0.0309963 0.0121677
0 0.38173 0.00493697 0.0303999 0.00987394
0 0.130673 0.11386 0.0369093 0.03658
0 0.0473066 0.454316 0.0946131 0.194981
0 0.892171 0.942026 0.0312164 0.0306812
0 0.892641 0.70557 0.027512 0.0268276
0 0.806728 0.759169 0.0306431 0.0291089
0 0.146512 0.172614 0.0294425 0.0282698
0 0.61519 0.360916 0.0285666 0.0262031
0 0.841268 0.0879236 0.0320232 0.0312959
0 0.0117672 0.761901 0.0235173 0.0264015
0 0.692925 0.270764 0.0564079 0.052441
0 0.0842823 0.713454 0.034062 0.0342756
0 0.584107 0.4138 0.0272573 0.0268969
0 0.367073 0.0467119 0.0605816 0.0598895
