0 0.0929243 0.272208 0.104769 0.101704
0 0.434973 0.642129 0.0809326 0.0800645
0 0.108392 0.1671 0.0950331 0.0911861
0 0.415922 0.183111 0.0437922 0.0426405
0 0.249489 0.2615 0.0452397 0.0442936
0 0.299876 0.154715 0.0411535 0.0395132
0 0.40376 0.462712 0.0387169 0.0380291
0 0.086836 0.706691 0.0429089 0.0395191
0 0.453825 0.589757 0.0322763 0.0313855
0 0.128651 0.870973 0.0354049 0.0338251
0 0.515418 0.123121 0.0389843 0.0374722
0 0.131508 0.96116 0.0327964 0.0311443
0 0.638151 0.768997 0.0512112 0.0493166
0 0.430558 0.830272 0.0334801 0.0327236
0 0.0616016 0.356114 0.0311737 0.030618
0 0.250634 0.303103 0.0464432 0.0450235
0 0.0148578 0.518368 0.0296769 0.0394663
0 0.799077 0.26166 0.0350413 0.0336388
0 0.098173 0.387159 0.0341877 0.0321111
0 0.188889 0.256375 0.0330264 0.0336263
0 0.566785 0.767285 0.0327594 0.032036
0 0.618769 0.679745 0.0370953 0.0363812
0 0.0115377 0.0729236 0.0228151 0.0433325
0 0.95335 0.975615 0.0288816 0.0278503
0 0.613906 0.267281 0.0290594 0.0276929
0 0.372035 0.992587 0.0270707 0.0144672
0 0.536007 0.0237831 0.0526091 0.0471168
0 0.129135 0.737868 0.0283201 0.0266129
0 0.871105 0.78633 0.0284908 0.0278706
0 0.921215 0.550235 0.0265106 0.0249226
0 0.209962 0.392966 0.0270576 0.0265043
0 0.0594566 0.555962 0.0272706 0.0265058
0 0.864804 0.814323 0.0277828 0.0279385
0 0.569275 0.543171 0.0278692 0.02689
0 0.73085 0.602894 0.0783077 0.0771898
0 0.476685 0.96075 0.0270126 0.0268681
0 0.258913 0.143993 0.0275913 0.027051
0 0.222851 0.720741 0.036979 0.0354225
0 0.635897 0.809371 0.0414967 0.0397309
0 0.517511 0.397714 0.0794758 0.0784962
0 0.550922 0.739456 0.043775 0.0414079
0 0.944043 0.524452 0.025342 0.0248314
