0 0.706704 0.700626 0.0501457 0.048971
0 0.957265 0.66707 0.0474239 0.0461254
0 0.976538 0.518003 0.046513 0.0504834
0 0.846317 0.649015 0.0392128 0.0369337
0 0.79722 0.147799 0.0394654 0.0379075
0 0.836911 0.546132 0.0387991 0.0365263
0 0.799266 0.470513 0.0371119 0.036167
0 0.0880108 0.904515 0.0308327 0.0309677
0 0.852995 0.144533 0.0311771 0.0305703
0 0.719242 0.276193 0.0300123 0.0286332
0 0.709621 0.127704 0.0300278 0.0282458
0 0.667744 0.395165 0.0285284 0.0287061
0 0.990394 0.388111 0.0192122 0.0437794
0 0.929212 0.731365 0.0305124 0.0280031
0 0.352377 0.922134 0.0391425 0.036948
0 0.316767 0.884293 0.0273895 0.0257687
0 0.758576 0.687694 0.0292912 0.0277407
0 0.786159 0.677172 0.028175 0.0270403
0 0.299515 0.89907 0.0284778 0.0278055
0 0.610689 0.0544045 0.361724 0.108809
0 0.829358 0.0835158 0.045022 0.0422512
0 0.651794 0.687537 0.0288424 0.0285032
0 0.368029 0.828112 0.0250725 0.0247419
0 0.135962 0.305407 0.0247723 0.0244811
