0 0.33902 0.395029 0.0385976 0.0347874
0 0.448199 0.442397 0.0419484 0.0384348
0 0.0921126 0.19508 0.0566345 0.0582002
0 0.414802 0.165478 0.0469973 0.0444271
0 0.270569 0.485661 0.0324526 0.030921
0 0.421128 0.123548 0.0389616 0.0363839
0 0.618827 0.248504 0.0302452 0.028145
0 0.662299 0.26345 0.0307888 0.0284869
0 0.191011 0.619309 0.031751 0.0295918
0 0.371586 0.574327 0.0278851 0.0249781
0 0.687389 0.521445 0.0458467 0.0422173
0 0.560821 0.379085 0.0306854 0.0287648
0 0.200412 0.643056 0.0360158 0.0328254
0 0.994351 0.939272 0.0112976 0.0525745
0 0.194281 0.676694 0.0305774 0.0282045
0 0.785739 0.0758042 0.0292085 0.0267764
0 0.860455 0.082773 0.0315044 0.0306911
0 0.575127 0.29578 0.0296605 0.0286533
0 0.628922 0.486543 0.0277502 0.0258335
0 0.646006 0.370329 0.028427 0.027915
0 0.433514 0.205205 0.0371746 0.0360944
0 0.893534 0.484065 0.0276512 0.0243628
0 0.152425 0.696107 0.038925 0.0366717
0 0.3961 0.360681 0.0283417 0.0263597
0 0.271304 0.539318 0.0300078 0.0292616
0 0.111864 0.263675 0.0288028 0.0274339
0 0.85045 0.0409728 0.0293636 0.0280897
0 0.772979 0.831412 0.0342707 0.0337643
0 0.851471 0.880082 0.0268612 0.0246632
