0 0.779424 0.589283 0.0461742 0.0452804
0 0.0735535 0.811794 0.0399566 0.037821
0 0.670175 0.779411 0.0405629 0.0394875
0 0.132515 0.786764 0.0411047 0.0388579
0 0.026135 0.382058 0.0360847 0.0344118
0 0.050503 0.788824 0.0398484 0.038822
0 0.951751 0.632783 0.0460611 0.0444757
0 0.0365813 0.123007 0.0731626 0.0804462
0 0.0376621 0.842942 0.0335464 0.0325487
0 0.828921 0.839568 0.0427101 0.0416538
0 0.749699 0.646691 0.0322357 0.0316883
0 0.847005 0.636759 0.0319431 0.0296101
0 0.498752 0.14061 0.0404081 0.0376018
0 0.609785 0.365762 0.0329206 0.0321211
0 0.412774 0.910747 0.0331632 0.0317312
0 0.157175 0.536683 0.0384607 0.0372435
0 0.0485613 0.877125 0.030166 0.0290302
0 0.973185 0.37203 0.0297647 0.0285851
0 0.661998 0.871761 0.0276087 0.0268942
0 0.339102 0.887492 0.0451264 0.0402187
0 0.907475 0.182426 0.0791948 0.075875
0 0.260591 0.023517 0.0326944 0.0310298
0 0.762255 0.527057 0.0532856 0.0524491
0 0.20559 0.888076 0.0446236 0.0418724
0 0.566301 0.10009 0.0546972 0.0534108
0 0.139336 0.188509 0.0621725 0.0597022
0 0.614017 0.527023 0.0306225 0.0282912
0 0.407615 0.0625465 0.0280733 0.0264102
0 0.627734 0.392451 0.0347849 0.0338035
0 0.315266 0.163541 0.0477909 0.0457057
0 0.0488236 0.618507 0.057933 0.0559944
0 0.270246 0.757003 0.0317522 0.0303879
0 0.738345 0.0089505 0.0339144 0.0175465
0 0.143867 0.852905 0.0261286 0.0254246
0 0.244146 0.489862 0.0783363 0.0789952
0 0.0848825 0.387382 0.0263451 0.0248321
0 0.933755 0.0184572 0.0627384 0.0369144
0 0.781091 0.632839 0.0313494 0.0295147
0 0.399851 0.475826 0.0930614 0.089867
0 0.103428 0.763454 0.0267553 0.0262672
0 0.230492 0.00703427 0.0417705 0.0140685
