0 0.433712 0.446215 0.225554 0.216385
0 0.853592 0.240432 0.154342 0.138325
0 0.307804 0.624026 0.260727 0.231049
0 0.111251 0.0862324 0.153751 0.14102
0 0.520844 0.55731 0.103085 0.0968409
0 0.488333 0.0822648 0.0729416 0.0642335
0 0.281913 0.472028 0.106241 0.0970469
0 0.759982 0.590434 0.0880064 0.0821014
0 0.957844 0.809347 0.0841692 0.100484
0 0.478677 0.823576 0.0543487 0.0504047
0 0.914825 0.333994 0.050498 0.0438335
0 0.0343155 0.120524 0.0351414 0.0315583
0 0.530553 0.956225 0.0403582 0.0366301
0 0.711565 0.908904 0.0372033 0.0335373
0 0.512766 0.229572 0.147484 0.13453
0 0.439095 0.151095 0.0517543 0.0445179
0 0.932042 0.668523 0.0521034 0.0475252
0 0.802353 0.885816 0.0376211 0.0361652
0 0.22607 0.348734 0.0495287 0.0458511
0 0.0244051 0.846931 0.048705 0.0588394
0 0.864767 0.426786 0.0910183 0.0834981
0 0.119739 0.316918 0.0375419 0.0332698
0 0.115681 0.527078 0.231362 0.225755
0 0.379978 0.79973 0.0522544 0.0464535
0 0.434002 0.932617 0.0370912 0.0330307
0 0.775925 0.804539 0.0417906 0.0395035
0 0.656327 0.641777 0.0376917 0.0360045
0 0.743461 0.833506 0.03249 0.031535
0 0.847887 0.754779 0.035961 0.0327145
0 0.414862 0.310852 0.053006 0.0467055
0 0.180637 0.151918 0.0319457 0.0298431
0 0.297666 0.268534 0.0313334 0.0301574
0 0.806333 0.326393 0.0404594 0.0365922
0 0.194291 0.948026 0.0459542 0.0416962
0 0.263899 0.377008 0.0417949 0.0391635
0 0.319969 0.336531 0.0406254 0.037905
0 0.286603 0.227191 0.0311303 0.0290591
0 0.896053 0.607389 0.207894 0.375613
0 0.710705 0.657299 0.0296453 0.0288991
0 0.132058 0.922959 0.0357178 0.0320236
0 0.848276 0.815192 0.0367928 0.034684
0 0.906954 0.860544 0.042556 0.0414652
0 0.130493 0.229602 0.0700791 0.0631518
0 0.295848 0.931812 0.0406641 0.0371208
0 0.95907 0.906074 0.0294006 0.0282179
0 0.551434 0.0105037 0.0273462 0.0208598
0 0.891136 0.790357 0.0387697 0.0364806
0 0.511061 0.154951 0.0969643 0.0885475
0 0.444503 0.024485 0.0773756 0.04897
0 0.93544 0.0236503 0.0324009 0.0302314
0 0.162029 0.0175667 0.0452654 0.0351335
0 0.00588384 0.79395 0.0117677 0.0360006
0 0.691627 0.0135269 0.0380264 0.0270538
0 0.371162 0.341193 0.0518095 0.0491987
0 0.248654 0.953471 0.0575394 0.0534767
0 0.553783 0.841996 0.0279539 0.0260693
0 0.393587 0.880305 0.0322971 0.0296131
0 0.380303 0.838152 0.0274247 0.0247375
