0 0.329795 0.903773 0.241411 0.188798
0 0.643774 0.0851066 0.0378466 0.0309132
0 0.103769 0.984112 0.0396609 0.0309572
0 0.129126 0.116701 0.125765 0.0917434
0 0.728615 0.414492 0.0527924 0.041878
0 0.193905 0.34419 0.38781 0.47575
0 0.368982 0.715363 0.0516749 0.0404646
0 0.819734 0.690189 0.0352425 0.0256269
0 0.238024 0.96445 0.0327339 0.0245043
0 0.0705956 0.967796 0.0335815 0.0289909
0 0.261721 0.591352 0.0299593 0.0231077
0 0.751356 0.538778 0.0485962 0.0341409
0 0.561703 0.551622 0.0297179 0.0231837
0 0.0287643 0.775294 0.0575286 0.0938872
