0 0.164231 0.875037 0.201724 0.161327
0 0.417446 0.805142 0.0666267 0.0508398
0 0.650905 0.709251 0.0821722 0.0619122
0 0.478732 0.309261 0.0460457 0.0355127
0 0.977013 0.411048 0.045767 0.0676054
0 0.902649 0.56962 0.0401764 0.031308
0 0.430845 0.138096 0.0356352 0.0281182
0 0.238839 0.314612 0.101579 0.0796117
0 0.378674 0.128529 0.0404951 0.0298696
0 0.537799 0.662779 0.0431181 0.0352661
0 0.403241 0.581797 0.057045 0.0412773
0 0.962609 0.860657 0.0747829 0.134387
0 0.695649 0.404759 0.0362101 0.0302769
0 0.770443 0.486506 0.0287198 0.0242688
0 0.613777 0.755197 0.0759875 0.0579189
0 0.534415 0.722096 0.075111 0.054662
0 0.870785 0.830758 0.0337952 0.0264694
0 0.0453729 0.490701 0.0510144 0.0427433
0 0.72353 0.631105 0.03614 0.0299997
0 0.538754 0.903103 0.0675463 0.0474884
0 0.94023 0.0360091 0.119541 0.0717208
0 0.319791 0.459694 0.0291533 0.022193
0 0.649586 0.781701 0.0335461 0.0271564
0 0.944032 0.799047 0.0816269 0.0666772
0 0.556159 0.904807 0.0418383 0.0325138
0 0.23961 0.127363 0.0424838 0.0340942
0 0.371373 0.548851 0.045061 0.0343847
0 0.505472 0.237926 0.0479023 0.0379492
0 0.448227 0.705636 0.0347174 0.02947
