0 0.672002 0.13703 0.187668 0.173739
0 0.186001 0.340213 0.0524523 0.048035
0 0.442344 0.598791 0.0390021 0.0357576
0 0.245543 0.858351 0.033738 0.031636
0 0.19995 0.869805 0.0312612 0.02971
0 0.217674 0.457992 0.0353848 0.0344259
0 0.703773 0.365252 0.0966118 0.086861
0 0.158467 0.718255 0.0283884 0.0260949
0 0.229862 0.318671 0.0287939 0.0259928
0 0.452403 0.669324 0.0367947 0.0350828
0 0.818279 0.952693 0.0296982 0.0262997
0 0.198486 0.141571 0.0454255 0.0407449
0 0.938389 0.65727 0.0276974 0.0258047
0 0.358473 0.358158 0.0282991 0.0261486
0 0.0141967 0.370718 0.0264518 0.0256065
0 0.273744 0.846327 0.0279987 0.0252237
0 0.612561 0.6663 0.0301506 0.0272986
0 0.380046 0.147659 0.0272014 0.0252049
0 0.0246381 0.866008 0.0246148 0.0237898
0 0.834781 0.0161113 0.0304745 0.0280615
0 0.392918 0.450688 0.0319747 0.0288961
0 0.657132 0.551224 0.0307735 0.0282132
0 0.890127 0.390234 0.109275 0.0935642
0 0.0420418 0.3018 0.0253924 0.0240802
0 0.304995 0.706892 0.0273902 0.0254381
0 0.241692 0.253957 0.0463567 0.0423674
0 0.911756 0.203769 0.0335331 0.0294162
0 0.218286 0.112519 0.0292541 0.0265651
0 0.181079 0.81037 0.0445073 0.0407524
0 0.301376 0.731844 0.0295945 0.0282461
0 0.227622 0.988379 0.0261073 0.0228823
