0 0.232232 0.598655 0.0928054 0.0794628
0 0.879847 0.609128 0.0421593 0.0353933
0 0.235142 0.242177 0.0429116 0.0352934
0 0.545213 0.0684049 0.0409019 0.0339251
0 0.343899 0.288886 0.0408362 0.0333475
0 0.173504 0.947862 0.0411759 0.0351597
0 0.684107 0.247489 0.0392822 0.0348059
0 0.60928 0.317509 0.359923 0.273204
0 0.375605 0.0654304 0.137321 0.103963
0 0.819179 0.544759 0.108001 0.0934944
0 0.491133 0.231248 0.0333441 0.027858
0 0.586508 0.655623 0.0345673 0.0283777
0 0.407645 0.734356 0.16225 0.140388
0 0.663269 0.721274 0.0318335 0.0269402
0 0.096496 0.992546 0.0376395 0.0149084
0 0.951241 0.187376 0.0392723 0.029791
0 0.889484 0.572829 0.0420395 0.0358092
0 0.873207 0.656789 0.0620895 0.0540718
0 0.610527 0.595302 0.0372061 0.0323334
0 0.880402 0.368208 0.239195 0.348388
0 0.028008 0.115136 0.0301083 0.0256909
0 0.612277 0.0214762 0.0510413 0.0422252
0 0.912085 0.0927724 0.0551765 0.046429
0 0.624072 0.294502 0.0450415 0.037821
0 0.140735 0.759794 0.0353184 0.0309105
0 0.315764 0.820798 0.114473 0.0935986
0 0.434706 0.774995 0.121457 0.104092
0 0.538686 0.00761749 0.0331364 0.014905
0 0.96715 0.133177 0.0501572 0.0416968
0 0.289921 0.199713 0.0740034 0.0615229
0 0.0160458 0.517184 0.0313602 0.0320988
0 0.969544 0.169575 0.0304554 0.0267125
