0 0.529218 0.869055 0.325277 0.261757
0 0.142026 0.876832 0.209094 0.182162
0 0.830223 0.483915 0.0556488 0.0461168
0 0.84513 0.138796 0.0417305 0.0370446
0 0.55235 0.528786 0.0536232 0.0442842
0 0.831701 0.645401 0.0395519 0.03332
0 0.290371 0.377619 0.0355907 0.0309754
0 0.441387 0.445793 0.16063 0.128692
0 0.397171 0.236341 0.131988 0.110103
0 0.270845 0.710978 0.0363997 0.0322388
0 0.242217 0.223715 0.103766 0.0924749
0 0.860564 0.03267 0.088331 0.0651369
0 0.36241 0.357251 0.0682107 0.0594398
0 0.869108 0.549673 0.129593 0.104504
0 0.332904 0.805933 0.111497 0.0993013
0 0.151047 0.599272 0.139765 0.127297
0 0.0903776 0.218315 0.0351721 0.0297374
0 0.523095 0.378551 0.0704941 0.0610816
0 0.14747 0.536649 0.0718428 0.0665211
0 0.268972 0.669784 0.123204 0.114483
0 0.0555859 0.508928 0.111143 0.178562
0 0.698835 0.208424 0.0296377 0.0261119
0 0.485313 0.609764 0.183286 0.152675
0 0.685024 0.488815 0.185222 0.147472
0 0.0341848 0.210411 0.0679577 0.071021
0 0.825013 0.818226 0.0672771 0.0556431
0 0.811249 0.988523 0.0320915 0.0221058
0 0.293168 0.479898 0.0519103 0.0423429
0 0.769839 0.779625 0.0605483 0.0493395
0 0.961479 0.41426 0.0770428 0.0737612
0 0.805996 0.865038 0.0369168 0.0303921
0 0.456653 0.529495 0.0697438 0.0560375
0 0.338579 0.537097 0.166652 0.151048
