0 0.0660728 0.417537 0.0785116 0.064178
0 0.0632051 0.123709 0.126056 0.117314
0 0.850173 0.425388 0.0552147 0.0421686
0 0.439413 0.298253 0.0381006 0.0318425
0 0.385851 0.192607 0.05427 0.0430625
0 0.538477 0.0581405 0.0711972 0.0605516
0 0.719102 0.119423 0.0496845 0.0414073
0 0.729867 0.463124 0.0556818 0.04223
0 0.848362 0.125071 0.286483 0.232136
0 0.69113 0.52113 0.0531449 0.0424475
0 0.71515 0.0801614 0.0520754 0.0457879
0 0.786719 0.0103096 0.0717094 0.0204237
0 0.0653914 0.926946 0.130783 0.133222
0 0.52877 0.634668 0.0608135 0.0482838
0 0.730327 0.876162 0.539346 0.247009
0 0.633525 0.632407 0.0463768 0.0364918
0 0.385591 0.494799 0.0540303 0.0421882
0 0.530185 0.125312 0.0662735 0.053375
0 0.79411 0.987197 0.0581392 0.0255518
