0 0.273615 0.492466 0.0995519 0.0973232
0 0.420423 0.591126 0.10179 0.0999109
0 0.107593 0.292546 0.0499799 0.0485563
0 0.397916 0.751666 0.0378502 0.0359776
0 0.776882 0.926936 0.05155 0.0487926
0 0.796611 0.63709 0.0358446 0.0337835
0 0.934379 0.123622 0.0359406 0.03322
0 0.0370245 0.13413 0.0441364 0.0419541
0 0.957621 0.140445 0.0325541 0.030744
0 0.93978 0.754538 0.0310076 0.0287701
0 0.75341 0.013912 0.0342287 0.027824
0 0.0195087 0.298634 0.0384918 0.0579156
0 0.575232 0.478164 0.0313911 0.029818
0 0.886075 0.860239 0.0490919 0.045101
0 0.989609 0.304274 0.0207035 0.0404616
0 0.487292 0.873317 0.0591928 0.0538837
0 0.901662 0.177979 0.0361849 0.0345426
0 0.557446 0.179994 0.0286533 0.0270915
0 0.538766 0.603734 0.0463267 0.0458166
0 0.0537139 0.388283 0.0375323 0.0348251
0 0.937448 0.884664 0.0416908 0.0379997
0 0.0458727 0.00677131 0.0333101 0.0135426
0 0.15069 0.488087 0.0437447 0.0404415
0 0.410347 0.197828 0.0451847 0.0425582
0 0.162937 0.731608 0.0291589 0.028639
0 0.317443 0.589931 0.0331489 0.0313821
0 0.956247 0.828568 0.0341309 0.0324818
0 0.766607 0.792567 0.0336086 0.0324156
0 0.449792 0.155759 0.0289544 0.0279694
0 0.0530829 0.792309 0.0326461 0.031937
0 0.0375773 0.0262967 0.0316706 0.0291903
0 0.593712 0.502644 0.0246031 0.0240812
0 0.0112409 0.421419 0.0220902 0.0329874
0 0.00767462 0.730345 0.0152858 0.0700888
0 0.546653 0.686044 0.0273117 0.0265887
0 0.226396 0.429774 0.0561817 0.0535182
0 0.775869 0.291699 0.0304979 0.0285735
0 0.610578 0.907286 0.0416531 0.0382135
0 0.585689 0.147139 0.0370497 0.0347459
0 0.444179 0.887625 0.0274321 0.0254459
0 0.897678 0.551119 0.0288532 0.0276167
