0 0.161052 0.166918 0.054958 0.0525187
0 0.93557 0.0160901 0.0428843 0.032178
0 0.14142 0.549044 0.0396269 0.0368659
0 0.768729 0.775646 0.0362774 0.0313862
0 0.720939 0.874777 0.0357326 0.0318375
0 0.0985947 0.538552 0.0394005 0.0375097
0 0.673504 0.695052 0.0333935 0.0303802
0 0.728396 0.978276 0.0303367 0.0269894
0 0.84155 0.68541 0.0289982 0.0272412
0 0.623559 0.92431 0.029966 0.0266621
0 0.0326292 0.348097 0.0622614 0.0564002
0 0.671314 0.614863 0.0331512 0.0319901
0 0.0304799 0.427577 0.0316189 0.02924
0 0.424029 0.176594 0.0310795 0.0301477
0 0.312247 0.765403 0.0284753 0.0268496
0 0.653369 0.880293 0.0332615 0.0295258
0 0.106327 0.74402 0.0304286 0.0296711
0 0.0282388 0.157492 0.0311297 0.0286143
0 0.497692 0.56415 0.0256981 0.0239532
0 0.939377 0.519512 0.0298885 0.0281948
0 0.885071 0.629136 0.0413502 0.0366382
0 0.589131 0.5263 0.0405781 0.0369186
0 0.0520267 0.135627 0.0289299 0.0274205
0 0.0776283 0.798697 0.032226 0.0304199
0 0.783186 0.855813 0.0297946 0.0260124
0 0.981186 0.732627 0.0374126 0.0389568
