0 0.89417 0.635888 0.0667553 0.0581768
0 0.219874 0.893918 0.0456701 0.0377661
0 0.952968 0.156663 0.0417656 0.0343738
0 0.907603 0.963623 0.060453 0.0504623
0 0.193839 0.761461 0.0312105 0.028483
0 0.258726 0.255715 0.0411221 0.0344097
0 0.524019 0.386605 0.0420792 0.0344121
0 0.877016 0.600318 0.0379917 0.0345098
0 0.926871 0.110783 0.0351597 0.0291563
0 0.907044 0.166836 0.0381927 0.0328587
0 0.310406 0.450129 0.0339706 0.0299624
0 0.503102 0.607202 0.0403715 0.0358543
0 0.913682 0.361977 0.0333538 0.0289049
0 0.579275 0.115819 0.0474998 0.0385829
0 0.0967057 0.826431 0.0356526 0.0305584
0 0.77565 0.180337 0.0314966 0.026493
0 0.168889 0.330332 0.337778 0.34477
0 0.422449 0.00799681 0.043836 0.0159936
0 0.753121 0.593522 0.028973 0.0252438
0 0.0165655 0.383377 0.0330732 0.0422839
0 0.889549 0.242846 0.0331694 0.0285349
0 0.801906 0.217179 0.0395384 0.0338835
0 0.41631 0.589408 0.0308187 0.0270889
0 0.286447 0.207953 0.0302772 0.0257771
0 0.0689269 0.94602 0.130344 0.106335
0 0.518463 0.692475 0.0310391 0.0268683
0 0.141774 0.0217409 0.0341677 0.0273814
0 0.0832119 0.0102658 0.0323374 0.0203013
