0 0.851046 0.929404 0.122487 0.120335
0 0.699829 0.0954871 0.0480938 0.0471114
0 0.499113 0.0926525 0.0549232 0.0531175
0 0.13015 0.60186 0.0865505 0.0856192
0 0.318853 0.709663 0.0547949 0.0523895
0 0.286535 0.940642 0.0379797 0.0369431
0 0.0267076 0.702866 0.0367347 0.0350066
0 0.823973 0.661138 0.0417751 0.0399837
0 0.182 0.173394 0.0435626 0.041511
0 0.344192 0.535474 0.0336046 0.0319508
0 0.800708 0.0966772 0.0317356 0.0302993
0 0.870157 0.670722 0.037957 0.0353548
0 0.583767 0.43543 0.0329158 0.0317183
0 0.883694 0.628205 0.0379156 0.0379637
0 0.59839 0.408275 0.029945 0.0291506
0 0.590956 0.895904 0.0300879 0.0298582
0 0.186226 0.842766 0.0284748 0.0281769
0 0.0125675 0.961413 0.0251351 0.0284863
0 0.465981 0.610857 0.0276741 0.0270303
0 0.270333 0.680506 0.0279744 0.0273392
0 0.979584 0.190641 0.035886 0.0357362
0 0.932176 0.28122 0.0686211 0.0627827
0 0.885744 0.26866 0.0280846 0.026527
0 0.27925 0.181802 0.030246 0.0281715
0 0.381426 0.852444 0.037117 0.0366875
0 0.562169 0.785245 0.0323036 0.0317036
0 0.807664 0.449526 0.0293446 0.0283139
0 0.873133 0.429366 0.0285713 0.028163
0 0.64206 0.0588001 0.0760736 0.0744385
0 0.541462 0.686044 0.19971 0.184555
0 0.697344 0.918604 0.0803278 0.0740122
0 0.773012 0.273049 0.027261 0.0264303
