0 0.506622 0.542827 0.132028 0.12351
0 0.902152 0.559558 0.0990044 0.0944848
0 0.450429 0.466766 0.0874022 0.082677
0 0.656415 0.750719 0.0805222 0.075046
0 0.0911002 0.491182 0.0868328 0.0810228
0 0.875232 0.6559 0.12499 0.11623
0 0.364602 0.556584 0.0769133 0.0722664
0 0.254865 0.385034 0.0748795 0.0706168
0 0.661363 0.582796 0.0443632 0.041092
0 0.505126 0.219908 0.0443789 0.0426404
0 0.640162 0.309366 0.0477851 0.0461853
0 0.586769 0.687374 0.0433323 0.0421276
0 0.362288 0.750732 0.0369559 0.0353498
0 0.0211773 0.325191 0.0421227 0.0894443
0 0.426966 0.279243 0.0365769 0.0354832
0 0.602169 0.0747571 0.0770891 0.0761341
0 0.446997 0.903459 0.195034 0.185557
0 0.742301 0.179118 0.0363836 0.0351598
0 0.549976 0.362265 0.0702933 0.068631
0 0.054139 0.61955 0.0520987 0.0484516
0 0.626152 0.706026 0.0517651 0.047487
0 0.757197 0.568044 0.0337382 0.0324667
0 0.817803 0.959685 0.0363867 0.0344532
0 0.269583 0.331663 0.0737546 0.0687917
0 0.775247 0.728599 0.0669177 0.062419
0 0.502317 0.168608 0.0305555 0.0302804
0 0.845365 0.132615 0.0367868 0.0361294
0 0.869362 0.1624 0.0392761 0.0360935
0 0.823106 0.435297 0.0624424 0.059224
0 0.685174 0.647922 0.0490591 0.045718
0 0.646093 0.243558 0.0360306 0.0355134
0 0.297877 0.207895 0.029355 0.0290531
0 0.870296 0.332955 0.0432341 0.0414526
0 0.744458 0.0591866 0.0479983 0.0468141
0 0.961151 0.676916 0.0772175 0.180884
0 0.0873192 0.676965 0.0512416 0.0476761
0 0.491655 0.413891 0.0440166 0.0415878
0 0.226772 0.122697 0.036525 0.0343733
0 0.86903 0.189396 0.0267628 0.0258589
0 0.517684 0.702137 0.0321156 0.0290137
0 0.125216 0.58887 0.150071 0.141378
0 0.730183 0.704653 0.0339378 0.0329597
0 0.710846 0.0178619 0.0281639 0.0278986
0 0.332157 0.738156 0.0327107 0.0305185
0 0.658503 0.676056 0.0342519 0.0326048
0 0.254846 0.163918 0.0825055 0.0770371
0 0.0808899 0.0862541 0.0300708 0.0282125
0 0.787084 0.245921 0.0288039 0.0279117
0 0.105795 0.777464 0.037685 0.0356026
0 0.273919 0.986736 0.0326572 0.0258831
0 0.803993 0.0126574 0.0301979 0.0253148
0 0.297638 0.0595346 0.400279 0.119069
0 0.727347 0.0430635 0.0459106 0.0447132
0 0.565762 0.339901 0.0386091 0.0370496
0 0.708985 0.678884 0.0417649 0.0389847
0 0.425743 0.826086 0.0653551 0.0584843
0 0.193404 0.395087 0.0479911 0.0462473
0 0.708567 0.242594 0.0417229 0.0401148
0 0.385473 0.478543 0.0445077 0.0400078
0 0.954158 0.974833 0.0432919 0.0409382
0 0.958933 0.855117 0.0278679 0.0249647
0 0.8212 0.149608 0.0320463 0.0297907
0 0.032344 0.401139 0.0349496 0.0323336
0 0.86591 0.505987 0.036351 0.0336299
0 0.764845 0.018365 0.0445541 0.0367299
0 0.59012 0.964534 0.110627 0.0709322
0 0.636619 0.361697 0.026655 0.0260711
0 0.742642 0.665421 0.031953 0.0302052
0 0.410008 0.0967414 0.0450941 0.044614
0 0.0498751 0.818915 0.099441 0.124121
