0 0.0791114 0.112459 0.156253 0.121205
0 0.0561659 0.958933 0.0458915 0.0338657
0 0.171853 0.493033 0.0623993 0.046442
0 0.862168 0.851971 0.0400797 0.0318363
0 0.609567 0.382642 0.0469873 0.0350078
0 0.700418 0.441669 0.0880869 0.0627749
0 0.97156 0.972302 0.0566332 0.0522711
0 0.98213 0.639618 0.0342064 0.0277937
0 0.721898 0.0108717 0.0842801 0.0217433
0 0.848542 0.499602 0.0390675 0.0303512
0 0.418767 0.263879 0.0429755 0.0311216
0 0.978244 0.0991575 0.0435112 0.0408114
0 0.640619 0.539002 0.0341265 0.0254383
0 0.045048 0.926049 0.0371826 0.0307322
0 0.134087 0.345872 0.0385603 0.0300597
0 0.949928 0.764454 0.0995804 0.0892283
0 0.698249 0.0561504 0.0489604 0.0349767
0 0.199466 0.12539 0.0703439 0.050578
0 0.944994 0.197278 0.107139 0.084517
0 0.22314 0.0609886 0.0454083 0.0339704
0 0.590727 0.428597 0.106929 0.0837974
0 0.313344 0.328607 0.113781 0.0896332
0 0.647236 0.197984 0.0332754 0.0250634
0 0.806263 0.670314 0.0661376 0.0461037
0 0.165463 0.216367 0.0420777 0.0302842
0 0.828377 0.931736 0.0995658 0.0798084
0 0.0118104 0.0613385 0.0236208 0.0313819
