0 0.339806 0.825281 0.0767774 0.0623542
0 0.508946 0.963865 0.0454023 0.0373844
0 0.645251 0.0402036 0.0411678 0.0334408
0 0.376154 0.91378 0.19768 0.165594
0 0.787886 0.871179 0.153348 0.127091
0 0.378102 0.78304 0.0496582 0.0403794
0 0.251031 0.341626 0.0442347 0.0373282
0 0.730113 0.0755637 0.0521121 0.0387641
0 0.963938 0.966622 0.0721249 0.065836
0 0.0843716 0.0435866 0.0356222 0.0287178
0 0.484298 0.26258 0.0362053 0.0308629
0 0.926159 0.302344 0.0406788 0.0332726
0 0.704063 0.223337 0.0529198 0.0392379
0 0.643762 0.507719 0.668937 0.554294
0 0.831245 0.484832 0.0357498 0.0280569
0 0.672469 0.667759 0.0349161 0.0279884
0 0.335816 0.0311644 0.206851 0.0623289
0 0.675164 0.782774 0.0789255 0.0614451
0 0.979302 0.158465 0.0360558 0.0299923
0 0.889554 0.478436 0.0298553 0.0243149
0 0.304237 0.538757 0.0287158 0.0250781
0 0.662709 0.460098 0.0311892 0.024966
0 0.234816 0.977236 0.0419629 0.0362186
0 0.951131 0.879127 0.0899475 0.0761663
0 0.105586 0.953072 0.175118 0.0928593
0 0.915059 0.177487 0.045433 0.0344656
0 0.276591 0.841188 0.0700553 0.0581453
0 0.03518 0.649213 0.0266895 0.0230743
0 0.0245525 0.377486 0.049105 0.144001
0 0.164431 0.645524 0.0268036 0.0234035
0 0.744048 0.960763 0.0374516 0.0304005
