0 0.30837 0.242604 0.0443145 0.0383625
0 0.496743 0.329466 0.0481642 0.0446252
0 0.283498 0.506676 0.0426996 0.0362247
0 0.350816 0.423707 0.0440941 0.0392214
0 0.480691 0.377469 0.0397427 0.0347631
0 0.444422 0.981257 0.0382811 0.0339003
0 0.424298 0.214944 0.0298203 0.0280026
0 0.59403 0.445932 0.0257655 0.0301706
0 0.433706 0.805414 0.0296575 0.0267525
0 0.0294361 0.346258 0.0587582 0.0721755
0 0.31234 0.429858 0.0315548 0.0278115
0 0.152499 0.974254 0.0292604 0.0258446
0 0.281101 0.936607 0.114876 0.0963255
0 0.223245 0.646794 0.0280405 0.0255849
0 0.0368413 0.259431 0.029641 0.0276125
0 0.0416739 0.884253 0.0314115 0.0282234
