0 0.807224 0.6623 0.044149 0.0428545
0 0.747536 0.497736 0.0349859 0.0334856
0 0.922557 0.0117211 0.0365868 0.023223
0 0.804795 0.840127 0.0485176 0.0465429
0 0.936639 0.357405 0.0348648 0.0346464
0 0.747251 0.597297 0.0340006 0.0330963
0 0.018211 0.524988 0.0364219 0.0576242
0 0.656912 0.32004 0.036558 0.0359903
0 0.109072 0.249734 0.0537354 0.0573037
0 0.13155 0.2607 0.0609368 0.0584143
0 0.534457 0.386908 0.0333733 0.0317088
0 0.144687 0.954966 0.040162 0.0396004
0 0.770024 0.782134 0.0392544 0.0389222
0 0.935461 0.0595955 0.0301876 0.0294289
0 0.0721413 0.958927 0.0370102 0.0361864
0 0.722418 0.865146 0.0342288 0.033757
0 0.922949 0.718204 0.0465141 0.0456511
0 0.0837733 0.59008 0.0425116 0.0406456
0 0.972838 0.223073 0.0323792 0.0323072
0 0.471183 0.562247 0.0295235 0.0293303
0 0.434571 0.0120735 0.0336556 0.0239695
0 0.702462 0.751312 0.0307815 0.0298752
0 0.614565 0.160058 0.0299672 0.0291642
0 0.0711946 0.988014 0.0445927 0.0239721
0 0.4596 0.0921938 0.0342299 0.0348362
0 0.357326 0.382674 0.029556 0.0294476
0 0.277353 0.622384 0.0387969 0.0369358
0 0.15524 0.528903 0.029654 0.0285124
0 0.0712945 0.0338071 0.0432003 0.0401783
0 0.374298 0.73968 0.0309852 0.0317652
0 0.0146099 0.89835 0.0292198 0.046365
