0 0.815579 0.446986 0.297535 0.250252
0 0.163261 0.683953 0.0977855 0.075864
0 0.774208 0.905912 0.274461 0.188176
0 0.619627 0.209415 0.0370119 0.0311492
0 0.0420848 0.844639 0.0435683 0.0344471
0 0.45473 0.786366 0.03498 0.0296707
0 0.902334 0.00951682 0.0597813 0.0190336
0 0.516312 0.9936 0.0453579 0.0127996
0 0.51759 0.87318 0.0433243 0.0329147
0 0.960996 0.79465 0.0330173 0.0270533
0 0.226026 0.990871 0.0287878 0.0182577
0 0.0346896 0.761831 0.0364897 0.0288054
0 0.971586 0.638889 0.034906 0.0283272
0 0.270132 0.948958 0.0386927 0.0330599
0 0.102881 0.535845 0.0351552 0.0288793
0 0.22408 0.95421 0.0300138 0.0245924
0 0.0740208 0.718001 0.0326769 0.027327
0 0.422963 0.446543 0.151153 0.124807
0 0.467958 0.331775 0.035051 0.0287282
0 0.0256472 0.789191 0.0326951 0.0273039
0 0.04045 0.587146 0.0320737 0.0260303
