0 0.225815 0.804172 0.0637337 0.0573544
0 0.77736 0.889471 0.0404377 0.0374989
0 0.945694 0.912414 0.0369034 0.0338114
0 0.924906 0.0854993 0.150188 0.17067
0 0.17463 0.747724 0.0444875 0.0391447
0 0.501753 0.838751 0.0335064 0.0309027
0 0.843844 0.811774 0.0295563 0.0266012
0 0.516305 0.583443 0.0337021 0.0308073
0 0.970808 0.772021 0.0342861 0.0308494
0 0.0353244 0.398578 0.0368486 0.0320048
0 0.852094 0.52104 0.0300327 0.0282902
0 0.918717 0.670077 0.0328411 0.03005
0 0.833246 0.765102 0.0271326 0.0252727
0 0.637824 0.800467 0.0356174 0.0329273
0 0.39078 0.263008 0.0869208 0.0823711
0 0.153516 0.906953 0.0288867 0.0273407
0 0.156195 0.705876 0.0295314 0.0266113
0 0.693762 0.602124 0.028832 0.0263669
0 0.408783 0.196245 0.029239 0.0272283
0 0.780637 0.860946 0.0259598 0.0245678
0 0.797797 0.620669 0.0261184 0.0244388
0 0.617208 0.46271 0.0274197 0.0256802
0 0.418008 0.169912 0.0305112 0.0304406
0 0.780723 0.82359 0.0316996 0.0292057
