0 0.0575985 0.678072 0.107211 0.099048
0 0.619951 0.775564 0.0518555 0.0461859
0 0.314381 0.190987 0.0396174 0.0365911
0 0.46102 0.310489 0.403013 0.337143
0 0.219923 0.622658 0.0919515 0.0804915
0 0.672983 0.615769 0.0454805 0.0421556
0 0.969031 0.547327 0.0273979 0.0246549
0 0.277368 0.668637 0.0717052 0.0620593
0 0.84829 0.62077 0.0300148 0.0269657
0 0.390767 0.661567 0.0769114 0.0650668
0 0.209022 0.0505591 0.0374409 0.0348918
0 0.130436 0.89881 0.186454 0.167052
0 0.0217544 0.914747 0.0434739 0.0536341
0 0.916705 0.973368 0.109777 0.0532318
0 0.755909 0.85922 0.0620743 0.0540337
0 0.546305 0.675014 0.0605323 0.0557869
0 0.510685 0.508306 0.0700226 0.0593199
0 0.527749 0.0974005 0.0768085 0.0710673
0 0.940514 0.661528 0.0661217 0.0583002
0 0.628523 0.931506 0.065077 0.0580311
0 0.962689 0.750636 0.0533897 0.0481104
0 0.297494 0.494489 0.113899 0.101432
0 0.96017 0.87995 0.0792988 0.117007
0 0.477618 0.024807 0.0808468 0.0496141
0 0.137719 0.813951 0.0823835 0.0722166
0 0.224263 0.869972 0.0289944 0.025753
0 0.00586761 0.647817 0.0115614 0.0266011
0 0.195192 0.681468 0.0636227 0.0583715
0 0.622797 0.854236 0.135313 0.122667
0 0.380038 0.799132 0.064315 0.055673
0 0.0340109 0.786036 0.0679702 0.0964953
0 0.407947 0.628524 0.0390467 0.0333876
