0 0.0891191 0.460576 0.07177 0.0704627
0 0.289916 0.549322 0.0489922 0.0468052
0 0.746798 0.644222 0.0575714 0.0562417
0 0.407311 0.110035 0.0509175 0.0473345
0 0.0289184 0.541438 0.0575288 0.0574488
0 0.12997 0.874139 0.0425899 0.0392555
0 0.220789 0.194434 0.0345226 0.0321625
0 0.26656 0.283929 0.0556966 0.0532446
0 0.940069 0.44015 0.0306679 0.0302046
0 0.891924 0.209533 0.0349102 0.0331172
0 0.0534314 0.707861 0.0378909 0.0356549
0 0.37236 0.266749 0.0783493 0.0754608
0 0.018525 0.727648 0.0330891 0.0316984
0 0.0272549 0.361358 0.0545098 0.071994
0 0.831971 0.143444 0.0817265 0.0751113
0 0.598466 0.385847 0.0850515 0.0797377
0 0.592754 0.302987 0.0426842 0.041536
0 0.941295 0.635592 0.0358452 0.0337624
0 0.355602 0.201963 0.0279182 0.0256507
0 0.843722 0.901136 0.0637636 0.0599398
0 0.00874468 0.981772 0.017313 0.0350664
0 0.98147 0.839637 0.0370607 0.0480164
0 0.500638 0.502256 0.0321823 0.030935
0 0.227533 0.133003 0.0557394 0.0528049
0 0.16894 0.331726 0.0406851 0.0392756
0 0.984705 0.640887 0.0303925 0.0306379
0 0.667272 0.189337 0.0280781 0.0263843
0 0.244423 0.969419 0.0685051 0.060844
0 0.533251 0.570232 0.117308 0.1139
0 0.558405 0.665371 0.0289341 0.0283132
0 0.804575 0.499436 0.178568 0.167796
0 0.480365 0.793013 0.0305744 0.03045
0 0.661858 0.902801 0.0292505 0.0277283
0 0.652159 0.0832295 0.0785088 0.0749942
0 0.555711 0.493299 0.0783865 0.0736916
0 0.439278 0.551545 0.0336458 0.0317537
0 0.740833 0.47602 0.0278341 0.0260682
