0 0.456881 0.127812 0.0916078 0.0889595
0 0.314215 0.764473 0.105484 0.104423
0 0.185114 0.799918 0.245332 0.237348
0 0.949776 0.184934 0.0479931 0.0462562
0 0.504939 0.496769 0.240039 0.231704
0 0.904741 0.0724482 0.190517 0.144896
0 0.780105 0.600287 0.131775 0.125583
0 0.961822 0.736653 0.0762453 0.110065
0 0.893016 0.448274 0.0366222 0.0353743
0 0.254804 0.352484 0.033434 0.0316677
0 0.92838 0.0622194 0.0285255 0.0274023
0 0.122945 0.605377 0.039085 0.0364346
0 0.737381 0.179079 0.0652769 0.0628562
0 0.748225 0.921752 0.0965721 0.0941456
0 0.589195 0.89516 0.329684 0.20968
0 0.726324 0.403827 0.0331215 0.0304272
0 0.852626 0.471246 0.0330688 0.0309515
0 0.25117 0.922687 0.389992 0.153994
0 0.060346 0.678336 0.120692 0.231121
0 0.53268 0.0358335 0.346201 0.0712042
0 0.513356 0.505829 0.0242208 0.0240692
0 0.190502 0.18133 0.171549 0.166062
0 0.696913 0.377399 0.0463095 0.0454305
0 0.985021 0.210483 0.0299576 0.0661201
0 0.487146 0.290699 0.0279683 0.0274171
