0 0.329408 0.45935 0.0438958 0.034803
0 0.161629 0.243969 0.0997335 0.0851157
0 0.312379 0.535277 0.037261 0.0300964
0 0.583461 0.422345 0.103263 0.0873749
0 0.0601479 0.518372 0.0477237 0.0393978
0 0.295396 0.494608 0.0493525 0.0402041
0 0.462735 0.754666 0.0421532 0.0368553
0 0.504161 0.164329 0.0388685 0.0315643
0 0.69657 0.265553 0.157749 0.130909
0 0.277967 0.138247 0.0417675 0.0345597
0 0.0251654 0.193399 0.0403751 0.0334146
0 0.1297 0.0665139 0.0868556 0.0722879
0 0.263528 0.407843 0.0394191 0.0316259
0 0.130131 0.522246 0.0356271 0.0284832
0 0.552874 0.5142 0.0464605 0.0380536
0 0.166194 0.303897 0.038657 0.0316997
0 0.0763949 0.968106 0.15279 0.063787
0 0.257725 0.646762 0.0316786 0.0273291
0 0.0190662 0.0724229 0.0322461 0.0279286
0 0.407195 0.221438 0.0584503 0.0487606
0 0.16488 0.809044 0.0661256 0.0547371
0 0.448356 0.471865 0.0689574 0.0555715
0 0.829203 0.861578 0.0353544 0.0301197
0 0.715423 0.0862375 0.0330988 0.028375
0 0.359473 0.374106 0.0787363 0.0687939
0 0.194257 0.418728 0.0333807 0.0276445
0 0.575653 0.150602 0.0594443 0.0501815
0 0.987887 0.0503306 0.0242258 0.0329487
0 0.246432 0.150939 0.0368568 0.0288866
0 0.232177 0.796099 0.0599931 0.0482508
0 0.0790607 0.0360728 0.0335179 0.0290684
0 0.264264 0.0363028 0.0340762 0.0271879
0 0.986344 0.74078 0.0269983 0.0344116
0 0.230286 0.0867177 0.101946 0.0865446
0 0.344312 0.259249 0.0552092 0.04273
0 0.757405 0.106334 0.0395203 0.0317599
0 0.0161226 0.150699 0.0318896 0.030663
0 0.677714 0.498895 0.0408512 0.0371906
0 0.235468 0.310196 0.0288464 0.0260491
0 0.437497 0.337623 0.0286032 0.024626
0 0.0243876 0.381554 0.0487278 0.100303
0 0.592172 0.215152 0.117743 0.0986495
