0 0.426687 0.854143 0.20901 0.174327
0 0.0728052 0.286669 0.145365 0.158361
0 0.482185 0.426955 0.103698 0.0963143
0 0.341771 0.931373 0.206671 0.136691
0 0.378477 0.595821 0.154702 0.138433
0 0.904077 0.160983 0.0492743 0.0451582
0 0.941167 0.529823 0.112015 0.105446
0 0.436088 0.696767 0.0507109 0.0444611
0 0.91811 0.592566 0.0611809 0.0554897
0 0.269332 0.514487 0.0657254 0.0623528
0 0.190631 0.0572249 0.0507371 0.0482771
0 0.407858 0.453184 0.0544849 0.0494236
0 0.729914 0.0173153 0.0710883 0.0345065
0 0.572761 0.363948 0.116234 0.113724
0 0.87527 0.856605 0.0843502 0.0723614
0 0.932154 0.0727043 0.0484787 0.0469563
0 0.0667121 0.574225 0.0385134 0.0335245
0 0.367237 0.498359 0.0707142 0.0663693
0 0.198048 0.30256 0.0380438 0.0366449
0 0.961552 0.134871 0.0555069 0.0530078
0 0.955014 0.455792 0.0651085 0.0559195
0 0.148503 0.786232 0.11825 0.105817
0 0.22267 0.412752 0.0400517 0.0378174
0 0.756084 0.220621 0.120629 0.112168
0 0.178787 0.587208 0.0370194 0.0335688
0 0.947201 0.278432 0.0788109 0.0695064
0 0.147989 0.547773 0.0383065 0.0356959
0 0.686133 0.0611897 0.106832 0.102823
0 0.769372 0.456395 0.034708 0.0306667
0 0.620933 0.643539 0.115463 0.097574
0 0.851381 0.76442 0.0464617 0.0378452
0 0.280743 0.444468 0.0994806 0.0929014
0 0.224808 0.247646 0.109237 0.103304
0 0.974309 0.0891176 0.0324511 0.0300822
0 0.457463 0.496955 0.0624313 0.0584883
0 0.726347 0.175595 0.0330082 0.0314605
0 0.491267 0.128713 0.0906975 0.0865801
0 0.577645 0.501605 0.179852 0.154303
0 0.551322 0.563687 0.05168 0.0453512
0 0.869718 0.524008 0.11305 0.102481
0 0.402636 0.159505 0.0384444 0.0352715
0 0.847893 0.929237 0.184587 0.140075
0 0.592648 0.171415 0.0526299 0.0465899
0 0.307908 0.134557 0.0393747 0.0370977
0 0.323163 0.251492 0.0947899 0.089942
0 0.57239 0.0438268 0.222081 0.0876536
0 0.574265 0.175182 0.0911285 0.0869407
0 0.885007 0.0653938 0.0439133 0.0421678
0 0.0839044 0.165436 0.086541 0.0821354
0 0.539673 0.29459 0.109751 0.102076
0 0.681719 0.387146 0.0518353 0.0472484
0 0.425417 0.331286 0.129792 0.117776
0 0.783564 0.832894 0.118433 0.102019
0 0.400663 0.420032 0.0323612 0.0293196
0 0.416684 0.736018 0.059365 0.0495079
0 0.987557 0.0384351 0.0248861 0.0300282
0 0.0202302 0.519065 0.0335997 0.0306057
0 0.761928 0.537221 0.061599 0.0559412
0 0.36701 0.926718 0.0310598 0.0275368
0 0.591239 0.706817 0.0613998 0.0523782
0 0.49924 0.620184 0.074375 0.0635506
0 0.795899 0.034302 0.0642961 0.0596713
0 0.310104 0.326872 0.120812 0.114393
0 0.305944 0.750173 0.0573133 0.0489283
0 0.990707 0.717618 0.0185867 0.0320865
0 0.637479 0.207818 0.0702433 0.0668829
0 0.168843 0.478634 0.12343 0.114773
0 0.117903 0.873747 0.10402 0.0945717
0 0.655617 0.102737 0.0693706 0.0659955
0 0.331107 0.339602 0.0320298 0.0292453
0 0.286715 0.163306 0.0396334 0.0372226
0 0.641792 0.949001 0.0631018 0.0586699
0 0.914792 0.370577 0.0292992 0.0264705
0 0.133811 0.402779 0.0638845 0.0590061
0 0.778106 0.173023 0.0663194 0.0574466
0 0.0368205 0.906801 0.0734887 0.101559
0 0.74302 0.109374 0.102655 0.10013
0 0.78832 0.242564 0.0409178 0.0367853
0 0.859479 0.0830928 0.103146 0.0994461
0 0.310782 0.488947 0.0343205 0.0308688
0 0.207012 0.375177 0.0869476 0.0783998
0 0.744635 0.520238 0.0860822 0.0768309
0 0.503782 0.677921 0.0921368 0.0797058
0 0.343138 0.751365 0.159196 0.146847
