0 0.340851 0.325303 0.0844885 0.0707294
0 0.746449 0.0659826 0.152444 0.128912
0 0.106608 0.440167 0.154642 0.128481
0 0.929829 0.888697 0.0472435 0.0398712
0 0.958885 0.530741 0.0407162 0.0359096
0 0.509121 0.220326 0.149594 0.123093
0 0.575544 0.386595 0.039079 0.031852
0 0.218239 0.561778 0.0388566 0.0311245
0 0.240152 0.215938 0.149215 0.115094
0 0.857842 0.958363 0.0349335 0.02934
0 0.647942 0.445772 0.0361527 0.0300802
0 0.379219 0.220537 0.119914 0.0883822
0 0.301174 0.67385 0.0327992 0.027276
0 0.974424 0.479485 0.0305717 0.0249279
0 0.0443344 0.987686 0.0601004 0.0246286
0 0.177654 0.00689691 0.0394051 0.0137938
0 0.438454 0.274383 0.0493593 0.0423922
0 0.173929 0.124215 0.131136 0.112898
0 0.0989726 0.503768 0.0289295 0.0243547
0 0.106945 0.139293 0.139108 0.118732
0 0.491549 0.948929 0.0294048 0.026301
