0 0.734146 0.495339 0.183788 0.134655
0 0.761429 0.770403 0.0504044 0.0349665
0 0.403636 0.965468 0.0876562 0.0687141
0 0.669811 0.605603 0.0849902 0.0593298
0 0.877182 0.470881 0.0630823 0.0450911
0 0.956465 0.442046 0.0870691 0.12089
0 0.0269007 0.24489 0.0538014 0.0465374
0 0.931467 0.59386 0.0519505 0.0400011
0 0.877235 0.222963 0.103045 0.0740963
0 0.0979359 0.88574 0.0428931 0.0318459
0 0.363386 0.816816 0.115598 0.0910187
0 0.162324 0.615783 0.0756581 0.0601307
0 0.891273 0.69873 0.0386068 0.0272808
0 0.836405 0.733695 0.0397228 0.0283901
0 0.729454 0.72165 0.040549 0.0291359
0 0.0796869 0.260255 0.0409066 0.0294076
0 0.356955 0.0627069 0.0520027 0.0363333
0 0.397695 0.28945 0.0417403 0.0297966
0 0.112021 0.854345 0.0447446 0.034938
0 0.703906 0.859238 0.281145 0.205373
0 0.897107 0.286076 0.0823746 0.0650741
0 0.123608 0.206612 0.044583 0.0313271
0 0.154845 0.727634 0.0683091 0.0516176
0 0.589942 0.756367 0.0392748 0.0295739
0 0.711143 0.64342 0.0398458 0.0292641
0 0.035686 0.583041 0.0441366 0.033655
0 0.117943 0.689492 0.0521595 0.0413733
0 0.87775 0.844008 0.0553192 0.0441452
0 0.216444 0.901967 0.0547369 0.0380178
0 0.677377 0.852586 0.0368395 0.0263922
0 0.413925 0.912013 0.0407516 0.0345428
0 0.93102 0.969577 0.032752 0.0248035
0 0.00857078 0.561442 0.0169917 0.0675076
0 0.975603 0.0279611 0.0487937 0.0518698
0 0.283072 0.858668 0.0596169 0.0473495
0 0.0991537 0.321054 0.0623707 0.0494143
0 0.740999 0.331019 0.148086 0.118659
