0 0.942166 0.419255 0.114392 0.109181
0 0.109095 0.935313 0.0880458 0.0786247
0 0.42249 0.973264 0.108963 0.0533409
0 0.615847 0.973003 0.10426 0.0539936
0 0.721996 0.938155 0.0755787 0.0695633
0 0.107047 0.151468 0.0910018 0.0860418
0 0.568818 0.873921 0.0658379 0.0598658
0 0.284069 0.942284 0.110861 0.101186
0 0.321078 0.0635304 0.0754995 0.0660784
0 0.0332735 0.822518 0.0635756 0.0612837
0 0.91526 0.926705 0.049313 0.0474516
0 0.0718198 0.637585 0.0381514 0.0346536
0 0.356141 0.155601 0.070152 0.060572
0 0.155044 0.808063 0.0656943 0.0608788
0 0.574543 0.484231 0.0425194 0.0389727
0 0.0352187 0.408491 0.0704355 0.110691
0 0.183921 0.027788 0.0590694 0.054604
0 0.680032 0.903046 0.0469681 0.0435108
0 0.702826 0.235719 0.0506989 0.0450383
0 0.834551 0.272408 0.0460285 0.0399665
0 0.476061 0.60874 0.0459432 0.0431423
0 0.198597 0.704088 0.0739887 0.0677633
0 0.0141022 0.873942 0.0282044 0.0479134
0 0.59284 0.0867411 0.0472404 0.0415483
0 0.573827 0.305599 0.112979 0.101538
0 0.761557 0.887592 0.0383617 0.034866
0 0.724558 0.0172012 0.0531238 0.0343042
0 0.470931 0.19236 0.0408873 0.0356007
0 0.816508 0.944003 0.102353 0.0994072
0 0.86218 0.300618 0.0325781 0.0302712
0 0.818293 0.793826 0.0360867 0.0340412
0 0.258349 0.622077 0.0343949 0.0305647
0 0.545268 0.963155 0.0345341 0.0310467
0 0.785295 0.376742 0.0424012 0.0386198
0 0.814319 0.17083 0.0468987 0.0413255
0 0.740206 0.370163 0.0454805 0.0415171
0 0.857288 0.357622 0.0434257 0.0382617
0 0.563987 0.0218038 0.0536955 0.0433372
0 0.577819 0.447834 0.0372161 0.0337452
0 0.511707 0.639473 0.0406643 0.0375942
0 0.755228 0.437678 0.0337767 0.0295284
0 0.90013 0.0749641 0.101784 0.092255
0 0.845801 0.83334 0.032498 0.0306858
0 0.464564 0.477679 0.0601401 0.0539935
0 0.980399 0.490751 0.0390007 0.120868
0 0.948478 0.861564 0.0934818 0.087228
0 0.754244 0.724434 0.0846788 0.0803671
0 0.00773605 0.700937 0.0154721 0.0482838
0 0.189474 0.139007 0.0415347 0.0385535
0 0.266158 0.748475 0.112882 0.101572
0 0.0106552 0.0579776 0.0211719 0.0689449
0 0.109573 0.60246 0.0675311 0.0627114
0 0.925876 0.561213 0.140849 0.120762
0 0.991059 0.657044 0.0178818 0.0390326
0 0.615977 0.194297 0.0418108 0.0387609
0 0.572264 0.550241 0.0406937 0.0380859
0 0.647908 0.880603 0.0349024 0.0324261
0 0.286024 0.297409 0.0817655 0.0745071
0 0.339618 0.570812 0.0340596 0.0302925
0 0.76621 0.498142 0.0442793 0.0391027
0 0.423859 0.583992 0.0722232 0.0652388
0 0.955203 0.715508 0.0893787 0.0904833
0 0.254105 0.986761 0.0494429 0.0264783
0 0.379557 0.745009 0.0385434 0.0362664
0 0.525145 0.462755 0.0616599 0.0586637
0 0.229385 0.106493 0.0511552 0.0454732
0 0.0800494 0.769983 0.052449 0.0480294
0 0.292889 0.825311 0.0779937 0.0698776
0 0.978907 0.619721 0.0421864 0.0465014
0 0.819578 0.0178287 0.0382751 0.0353765
0 0.619519 0.500973 0.0439926 0.0408972
0 0.661389 0.851472 0.0326776 0.0302914
0 0.693845 0.859703 0.0303517 0.0280569
0 0.900488 0.0214275 0.0647436 0.0421036
0 0.0828884 0.552022 0.0689108 0.0587264
0 0.341265 0.986546 0.0581632 0.0269091
