0 0.710375 0.951387 0.0674845 0.0607594
0 0.847957 0.541946 0.0567539 0.0536091
0 0.660944 0.359022 0.0497938 0.0482074
0 0.929124 0.473551 0.0421684 0.038873
0 0.25889 0.333206 0.042675 0.0421114
0 0.134979 0.251818 0.269959 0.279451
0 0.61453 0.591135 0.0377863 0.0368065
0 0.352853 0.805074 0.0403156 0.0384552
0 0.0813907 0.748595 0.0361917 0.0335743
0 0.474575 0.907113 0.0427852 0.0392204
0 0.534656 0.907157 0.0355297 0.0334183
0 0.718992 0.084517 0.0419745 0.0391718
0 0.75434 0.552475 0.0325605 0.0304398
0 0.192654 0.542903 0.0309254 0.0293727
0 0.704097 0.7328 0.0647192 0.0611721
0 0.115652 0.593375 0.109246 0.103745
0 0.263326 0.794042 0.0399607 0.0376631
0 0.408922 0.812609 0.170052 0.160288
0 0.408973 0.498438 0.0288003 0.0268937
0 0.605827 0.325451 0.0290186 0.0271572
0 0.280069 0.104895 0.0483136 0.0457664
0 0.0282423 0.771503 0.027383 0.0268697
0 0.291602 0.490292 0.0292316 0.0283489
