0 0.519544 0.280278 0.183728 0.154742
0 0.145339 0.714359 0.13435 0.112912
0 0.28598 0.72064 0.133485 0.11308
0 0.149548 0.307834 0.137118 0.121376
0 0.557127 0.496842 0.214448 0.189577
0 0.632979 0.394604 0.112202 0.0960975
0 0.869536 0.0438351 0.0442043 0.0366733
0 0.162062 0.447178 0.0525526 0.0436377
0 0.709188 0.422584 0.0409433 0.03377
0 0.885474 0.0821124 0.0511803 0.041845
0 0.0268071 0.624243 0.0536141 0.0482392
0 0.701191 0.134608 0.0408493 0.0339353
0 0.199954 0.768392 0.104602 0.0891954
0 0.835736 0.758384 0.0735573 0.0617473
0 0.713295 0.752589 0.0461536 0.03993
0 0.381984 0.0458268 0.0388144 0.0336423
0 0.0646367 0.610985 0.0365426 0.0310266
0 0.702575 0.0361941 0.115357 0.0722549
0 0.897758 0.68798 0.0419106 0.0350286
0 0.396114 0.0721172 0.0355088 0.0302481
0 0.665524 0.901102 0.0302893 0.0273846
0 0.783825 0.610281 0.0304287 0.0264583
0 0.0971717 0.456431 0.0546248 0.0443487
0 0.0686888 0.122586 0.0324842 0.02909
0 0.227779 0.47516 0.0769095 0.0629252
0 0.217501 0.0685163 0.16615 0.136405
0 0.335934 0.297213 0.041877 0.0379412
0 0.0651631 0.733808 0.06881 0.0571757
0 0.693264 0.822637 0.102334 0.0880123
0 0.19593 0.945657 0.150535 0.108685
0 0.118643 0.893955 0.0587352 0.0453598
0 0.248341 0.161176 0.0831949 0.0687836
0 0.889718 0.435847 0.0469149 0.0407475
0 0.219724 0.267085 0.0575241 0.0481577
0 0.853867 0.511337 0.0561754 0.0467583
0 0.627849 0.234823 0.0707512 0.0599618
0 0.585486 0.211801 0.0414732 0.0360479
0 0.717425 0.83665 0.0471646 0.0396069
0 0.114187 0.0793957 0.0323875 0.0288073
0 0.310766 0.22501 0.0359963 0.0314874
0 0.263682 0.456224 0.0531754 0.0465867
0 0.228329 0.644502 0.0283775 0.0250458
0 0.435043 0.191796 0.0327539 0.0288464
0 0.75657 0.73385 0.0456017 0.0380114
0 0.608187 0.0118162 0.0748838 0.0236324
0 0.952391 0.45643 0.0747055 0.0647422
0 0.256882 0.917597 0.0591331 0.0513308
0 0.936894 0.588118 0.0295567 0.0269358
0 0.0530935 0.0139569 0.0660599 0.0276162
0 0.780261 0.179003 0.0288519 0.0246612
0 0.792842 0.129833 0.0295097 0.0247739
0 0.840957 0.799932 0.0502251 0.0451715
