0 0.919883 0.257437 0.0979343 0.092934
0 0.343071 0.226346 0.233607 0.226572
0 0.517398 0.553249 0.0907936 0.0885857
0 0.4922 0.668167 0.0984975 0.0919336
0 0.332792 0.429985 0.0488876 0.0469289
0 0.402202 0.370467 0.0883656 0.0856511
0 0.862038 0.0358594 0.0380314 0.0347065
0 0.153826 0.334441 0.0559351 0.0545286
0 0.675039 0.571449 0.0534939 0.0520601
0 0.580661 0.660797 0.0466656 0.0449064
0 0.649014 0.186598 0.0399014 0.0350811
0 0.979941 0.937345 0.0396622 0.0436668
0 0.0818289 0.563841 0.0382851 0.0363319
0 0.833411 0.714334 0.065407 0.0631452
0 0.0890067 0.251041 0.177757 0.319049
0 0.298435 0.465113 0.0426681 0.0403427
0 0.531512 0.467718 0.0808649 0.0753487
0 0.23092 0.111381 0.0311755 0.0294378
0 0.406208 0.0673684 0.0385103 0.0373205
0 0.339462 0.500881 0.0410854 0.0401527
0 0.635726 0.731799 0.0576782 0.0549403
0 0.215078 0.0881474 0.0324309 0.0316518
0 0.801922 0.799293 0.0496922 0.0451958
0 0.562824 0.0150257 0.0735577 0.0300514
0 0.209135 0.438299 0.0283274 0.0273554
0 0.454214 0.359358 0.0500397 0.0481241
0 0.34587 0.0911369 0.0290555 0.0286938
0 0.243901 0.380163 0.0371306 0.0354332
0 0.763445 0.492008 0.0355146 0.0335308
0 0.689675 0.186323 0.032675 0.0297252
0 0.986637 0.426673 0.0267258 0.0283347
0 0.624854 0.032677 0.0689089 0.062513
0 0.677976 0.324603 0.0367139 0.0338599
0 0.467262 0.74849 0.0344423 0.0313277
0 0.411073 0.338322 0.0488479 0.0447548
0 0.829614 0.322472 0.0915134 0.084617
0 0.205614 0.623162 0.0597455 0.0606499
0 0.921692 0.530788 0.0718475 0.0723845
0 0.789426 0.472555 0.0322338 0.0301819
0 0.354865 0.0169227 0.0359733 0.0336663
0 0.903872 0.673674 0.0807163 0.0778561
0 0.0992355 0.716296 0.0481154 0.044556
0 0.859804 0.551474 0.0731434 0.0718105
0 0.257543 0.0233885 0.0336538 0.031125
0 0.965655 0.404119 0.0349632 0.0325865
0 0.942236 0.46458 0.0386578 0.0361917
0 0.330332 0.530582 0.0305357 0.0285103
0 0.733427 0.493054 0.0290329 0.0288692
0 0.522505 0.362086 0.0358346 0.0340826
0 0.712189 0.538476 0.0407848 0.0395241
0 0.200947 0.530689 0.0417803 0.0402226
0 0.517599 0.775322 0.0559053 0.0504005
