0 0.394276 0.540497 0.0976774 0.0840744
0 0.583909 0.084302 0.150704 0.132252
0 0.504094 0.834542 0.200639 0.187319
0 0.819088 0.588968 0.358757 0.388791
0 0.19582 0.134856 0.0578884 0.0528646
0 0.1348 0.565626 0.0526657 0.0473906
0 0.521538 0.289089 0.0386637 0.0350967
0 0.0346495 0.170468 0.0692989 0.0748484
0 0.453625 0.286576 0.068905 0.0593039
0 0.222422 0.963277 0.0995726 0.0729961
0 0.328462 0.658336 0.0541638 0.047941
0 0.628931 0.696028 0.03887 0.0353134
0 0.0746289 0.470371 0.0618822 0.0519976
0 0.477061 0.187733 0.0668972 0.0587925
0 0.460698 0.237692 0.0453021 0.0400722
0 0.221047 0.641764 0.0402004 0.0349812
0 0.627814 0.847405 0.0684828 0.0589018
0 0.194591 0.378443 0.0487906 0.0421475
0 0.0531542 0.572127 0.0897927 0.0798097
0 0.3967 0.590895 0.0350127 0.0305434
0 0.265326 0.128442 0.0562532 0.049785
0 0.345294 0.885857 0.0915374 0.08057
0 0.416915 0.149662 0.0479826 0.0418026
0 0.888522 0.912298 0.0716808 0.0671547
0 0.467058 0.481599 0.0528212 0.0424973
0 0.234925 0.725429 0.0379323 0.0332183
0 0.314694 0.771558 0.0367357 0.0326782
0 0.441525 0.410168 0.0429297 0.0374522
0 0.730038 0.914579 0.139946 0.122222
0 0.822114 0.123339 0.0338907 0.0297203
0 0.149325 0.674663 0.0480565 0.04284
0 0.0632663 0.498053 0.03319 0.0287941
0 0.150248 0.12569 0.0380413 0.0353759
0 0.498532 0.626669 0.0711506 0.067087
0 0.633391 0.880493 0.026627 0.0239014
0 0.739663 0.221763 0.0662592 0.056771
0 0.497747 0.362373 0.135851 0.122586
0 0.309723 0.278571 0.0329292 0.0295427
0 0.426797 0.200508 0.043353 0.0352341
0 0.194813 0.334788 0.0500547 0.0441702
0 0.363318 0.316463 0.0335069 0.0309781
0 0.188524 0.769671 0.0661939 0.0561755
0 0.222786 0.0929655 0.0366384 0.0341614
0 0.382406 0.34451 0.034587 0.0308673
0 0.111644 0.269355 0.0372182 0.0317446
0 0.882643 0.0845888 0.0268051 0.0255577
0 0.48011 0.433807 0.0514236 0.0457118
0 0.748706 0.0190919 0.028229 0.0259171
0 0.211733 0.569265 0.0353427 0.032349
0 0.255707 0.409088 0.0294108 0.0263573
0 0.578641 0.786189 0.0338434 0.029878
0 0.475106 0.723846 0.0384974 0.0333559
0 0.021506 0.00796858 0.0260972 0.0159372
0 0.807917 0.0529533 0.0384905 0.0357971
0 0.692407 0.356003 0.28818 0.280422
0 0.204638 0.177412 0.0269617 0.023686
0 0.0678703 0.542503 0.0402069 0.0336318
0 0.434554 0.736538 0.044704 0.0406216
0 0.960848 0.143872 0.0389919 0.0334424
0 0.773091 0.17053 0.0868111 0.0775673
0 0.410979 0.355811 0.0280294 0.0270129
0 0.338961 0.357097 0.0472275 0.0404802
0 0.730803 0.988463 0.031687 0.0229336
0 0.425091 0.177273 0.0351881 0.0317655
0 0.0563213 0.661296 0.107587 0.0981207
0 0.926405 0.0790376 0.0265316 0.0240482
0 0.44588 0.645112 0.0381792 0.0328129
0 0.193459 0.318028 0.0433727 0.0357316
0 0.452153 0.0660224 0.0768814 0.0690189
0 0.0189052 0.537847 0.0378103 0.0428931
0 0.349953 0.0842303 0.0288137 0.0272337
0 0.392976 0.217258 0.0353947 0.0309899
0 0.11455 0.793401 0.2291 0.315736
0 0.907295 0.113908 0.0357615 0.0333631
