0 0.530292 0.819837 0.0467101 0.0403507
0 0.190883 0.284823 0.0397658 0.0340016
0 0.0683402 0.281753 0.0448114 0.0378611
0 0.232333 0.437224 0.0366862 0.0302689
0 0.0167 0.140939 0.0334 0.0325915
0 0.237454 0.933963 0.0333401 0.0273134
0 0.516334 0.667828 0.0314954 0.0273478
0 0.158093 0.956757 0.0328136 0.0252148
0 0.331482 0.436297 0.0314538 0.0262594
0 0.349194 0.175454 0.0316938 0.0278555
0 0.0201528 0.201522 0.0327425 0.0293956
0 0.678639 0.847828 0.0271651 0.0258957
0 0.172942 0.451083 0.0286232 0.0251896
