0 0.223544 0.135987 0.0585253 0.0552927
0 0.821936 0.792059 0.0489288 0.0426017
0 0.401969 0.0161952 0.0328188 0.0312268
0 0.873702 0.172752 0.0413239 0.0379062
0 0.948962 0.335644 0.0448994 0.0422421
0 0.665153 0.535082 0.0377008 0.035675
0 0.800889 0.198178 0.0397324 0.0379303
0 0.927132 0.401202 0.0332514 0.0298854
0 0.272194 0.454873 0.0346296 0.0327334
0 0.580273 0.348242 0.0292017 0.0274333
0 0.758479 0.249155 0.062234 0.0574852
0 0.769331 0.558438 0.0287023 0.0278208
0 0.958253 0.544264 0.0351408 0.0305439
0 0.609149 0.867193 0.0284529 0.0272282
0 0.0396302 0.576313 0.0300752 0.0277109
0 0.173352 0.0214452 0.0283572 0.026772
0 0.638574 0.623666 0.0291466 0.0271111
0 0.32983 0.0054697 0.0312701 0.0109386
0 0.236414 0.386962 0.0383073 0.0366172
0 0.170247 0.137771 0.0487979 0.0464799
0 0.0359239 0.135903 0.0356086 0.0350766
0 0.752278 0.574839 0.0288062 0.0259253
0 0.295418 0.741981 0.028419 0.0266274
