0 0.786875 0.247781 0.185194 0.18091
0 0.731888 0.950141 0.0814015 0.073056
0 0.40989 0.668286 0.0665647 0.0649756
0 0.486646 0.223175 0.0652159 0.0600002
0 0.350345 0.28439 0.115819 0.108233
0 0.639118 0.516516 0.0441489 0.0414872
0 0.752865 0.500721 0.0679769 0.0648245
0 0.554292 0.413945 0.0612129 0.0559714
0 0.564508 0.605536 0.0535933 0.0504798
0 0.367482 0.780241 0.0404843 0.0377413
0 0.654936 0.393583 0.0418455 0.0392808
0 0.676001 0.772977 0.0314688 0.0293203
0 0.856772 0.910968 0.0537863 0.0478783
0 0.377153 0.54134 0.0402688 0.0371917
0 0.285204 0.217125 0.145833 0.143697
0 0.632182 0.580972 0.0793052 0.0741611
0 0.695322 0.857304 0.0417786 0.0387924
0 0.511643 0.743095 0.0406624 0.0377542
0 0.750888 0.890496 0.0455816 0.0406553
0 0.156158 0.903739 0.0406017 0.0356964
0 0.0875926 0.906058 0.0322816 0.0299736
0 0.341982 0.0670527 0.0358526 0.0329657
0 0.843337 0.655189 0.028129 0.0249283
0 0.387391 0.349856 0.0752244 0.0682124
0 0.728663 0.840246 0.0275789 0.0260366
0 0.424736 0.744869 0.0715723 0.0648881
0 0.518801 0.947843 0.0387314 0.0378445
0 0.244317 0.00713625 0.037789 0.0142725
0 0.279452 0.522833 0.0449092 0.0422513
0 0.0236048 0.362515 0.0468598 0.0602326
0 0.456604 0.680187 0.0288855 0.027591
0 0.26387 0.705317 0.0376309 0.0334652
0 0.72311 0.17639 0.0423525 0.0386
0 0.276342 0.869573 0.0565285 0.0536806
0 0.189757 0.0348082 0.0492982 0.0476328
0 0.355061 0.165998 0.0403479 0.0364538
0 0.537081 0.687516 0.0315675 0.0290459
0 0.273269 0.113747 0.0537048 0.0511808
0 0.101494 0.180671 0.0714562 0.0657894
0 0.722426 0.40156 0.0310136 0.0289798
0 0.942698 0.662467 0.048922 0.0426977
0 0.332313 0.749885 0.0470894 0.0438116
0 0.363367 0.130161 0.0529363 0.0497709
0 0.939995 0.818225 0.120009 0.223086
0 0.590033 0.709229 0.0366741 0.0338989
0 0.612743 0.905621 0.0316195 0.0296661
0 0.276508 0.911107 0.0438856 0.042625
