0 0.972872 0.311245 0.0475586 0.0356929
0 0.429566 0.640965 0.122307 0.0933647
0 0.0561926 0.608865 0.0485714 0.0355989
0 0.937033 0.027609 0.0579739 0.0469445
0 0.0989711 0.932272 0.0432792 0.0321394
0 0.517113 0.642126 0.0570997 0.0432753
0 0.358884 0.553185 0.0418738 0.0316997
0 0.224321 0.844807 0.0444762 0.0325718
0 0.455376 0.464375 0.0356895 0.0281071
0 0.858782 0.563563 0.0375015 0.0290092
0 0.411724 0.0608676 0.039308 0.028127
0 0.284447 0.940147 0.053498 0.0390919
0 0.886476 0.197011 0.0390663 0.0290746
0 0.598794 0.380014 0.0406691 0.0306672
0 0.413933 0.427525 0.0371268 0.0269049
0 0.490732 0.971155 0.0965189 0.0572495
0 0.959848 0.405558 0.0375908 0.0283976
0 0.71864 0.925039 0.0355782 0.0263191
0 0.335949 0.0783943 0.035155 0.0272059
0 0.949861 0.872317 0.0336365 0.0264761
0 0.329411 0.61942 0.0357717 0.0275036
0 0.58954 0.859733 0.0353245 0.0260981
0 0.568306 0.714897 0.0997051 0.0689138
0 0.226331 0.561954 0.166595 0.119117
0 0.653629 0.447489 0.0440443 0.0345385
0 0.124799 0.580655 0.0602457 0.0473658
0 0.244286 0.736614 0.064629 0.047588
0 0.589914 0.534554 0.149411 0.118322
0 0.206942 0.610432 0.0761603 0.0547951
