0 0.359121 0.693874 0.189895 0.181609
0 0.186391 0.244165 0.0707172 0.0688433
0 0.577912 0.544427 0.072986 0.0705753
0 0.93686 0.283934 0.125502 0.128665
0 0.168787 0.693894 0.117616 0.114358
0 0.250522 0.372567 0.0818546 0.0795899
0 0.558385 0.175217 0.1236 0.121798
0 0.25853 0.51301 0.0732491 0.0697273
0 0.856901 0.152356 0.129369 0.125667
0 0.280049 0.205058 0.108242 0.105961
0 0.763952 0.0592608 0.123589 0.117077
0 0.356234 0.113636 0.0825354 0.0776277
0 0.469104 0.0835779 0.0401258 0.0391687
0 0.23769 0.0906966 0.0882718 0.0864503
0 0.836525 0.747681 0.051832 0.0502182
0 0.695806 0.157713 0.0451683 0.0436517
0 0.337849 0.17179 0.0512094 0.0508221
0 0.0276404 0.884513 0.0349436 0.0342983
0 0.709257 0.474632 0.0411527 0.0401068
0 0.951796 0.812349 0.0358961 0.0347935
0 0.209252 0.303785 0.0811577 0.0770843
0 0.70168 0.759942 0.0370634 0.0362335
0 0.897074 0.0812609 0.0330177 0.0328321
0 0.606474 0.408362 0.0324654 0.0314631
0 0.0216023 0.59394 0.0300729 0.0288821
0 0.0820073 0.914918 0.0330001 0.0342884
0 0.982206 0.610486 0.0355877 0.0369728
0 0.621732 0.261734 0.0318541 0.0306122
0 0.0112555 0.626576 0.022511 0.0287298
0 0.988956 0.165753 0.0220872 0.0641119
0 0.845971 0.423901 0.0489758 0.0447622
0 0.0886387 0.225786 0.0354828 0.034654
0 0.159167 0.60593 0.115691 0.111586
0 0.70236 0.236614 0.0344341 0.0331418
0 0.160594 0.0451293 0.0929476 0.0875291
0 0.649502 0.368407 0.0484326 0.0462217
0 0.450967 0.270522 0.0417536 0.0407508
0 0.631503 0.872358 0.132137 0.129537
0 0.730861 0.810058 0.0281849 0.0265709
0 0.623164 0.928346 0.23015 0.143127
0 0.0345036 0.810325 0.032145 0.031328
0 0.515176 0.626595 0.0277417 0.0271601
0 0.985435 0.896396 0.0291193 0.0397194
0 0.044406 0.831276 0.0267637 0.0247995
0 0.247967 0.696347 0.0457958 0.0453987
0 0.111086 0.199013 0.0274619 0.0268943
0 0.990631 0.752707 0.018738 0.0338367
0 0.290388 0.910749 0.0346142 0.0323433
