0 0.619661 0.668175 0.0773209 0.0574875
0 0.903505 0.143948 0.0598373 0.0459803
0 0.0693481 0.0520877 0.137824 0.103449
0 0.975602 0.330195 0.0481945 0.0400907
0 0.745716 0.112614 0.0464481 0.0360696
0 0.84454 0.20754 0.0417616 0.0339314
0 0.811593 0.93768 0.04527 0.0374279
0 0.233076 0.377318 0.0368957 0.029802
0 0.703041 0.074429 0.0436243 0.0329762
0 0.559484 0.15666 0.0415979 0.0325505
0 0.410888 0.428086 0.0389183 0.0306982
0 0.630053 0.204577 0.06834 0.051865
0 0.882705 0.833704 0.0485294 0.0390533
0 0.963329 0.93534 0.0733425 0.073534
0 0.470913 0.949067 0.0514753 0.0408478
0 0.448329 0.671432 0.0337145 0.0280382
0 0.940698 0.222176 0.037365 0.0287881
0 0.786344 0.120936 0.0442102 0.035632
0 0.891593 0.900642 0.076239 0.0595587
0 0.475073 0.173868 0.0343365 0.026009
0 0.615628 0.494905 0.0319365 0.0263431
0 0.880332 0.382467 0.0311886 0.0249133
0 0.378341 0.87654 0.0501122 0.0409477
0 0.691129 0.921993 0.0453535 0.0388371
0 0.490651 0.668055 0.0397243 0.0347099
0 0.179026 0.455376 0.069825 0.058584
0 0.386683 0.462459 0.0315364 0.0239913
0 0.969614 0.284415 0.052243 0.043123
0 0.611702 0.187723 0.0512798 0.0416756
0 0.928475 0.258005 0.0355354 0.0289631
0 0.111599 0.981167 0.0710458 0.0376667
