0 0.335371 0.730289 0.421897 0.303456
0 0.63609 0.826545 0.0748969 0.057278
0 0.170858 0.830303 0.0882514 0.0693319
0 0.687556 0.732728 0.0751928 0.0538746
0 0.130191 0.399366 0.0657578 0.0487988
0 0.810833 0.519725 0.078043 0.0583807
0 0.800363 0.305855 0.0682332 0.0499601
0 0.112934 0.260338 0.0575602 0.0426672
0 0.035004 0.217216 0.0614164 0.0487332
0 0.748347 0.565702 0.0465775 0.0344532
0 0.232312 0.518259 0.0948675 0.0721132
0 0.815818 0.560878 0.0508729 0.0374353
0 0.655938 0.460417 0.0508232 0.0384926
0 0.543836 0.925865 0.0533651 0.040173
0 0.824214 0.123083 0.196051 0.15853
0 0.0231471 0.610923 0.046169 0.0537204
0 0.625568 0.794134 0.0474659 0.0372744
0 0.907469 0.400566 0.0447659 0.0352066
0 0.0134489 0.544433 0.0266083 0.0526678
0 0.591578 0.678342 0.0753687 0.0518171
0 0.378665 0.180857 0.0393408 0.0311538
0 0.551606 0.964288 0.0404258 0.0337204
0 0.840577 0.629444 0.0389019 0.0302773
0 0.800249 0.341583 0.0384535 0.0304148
0 0.916448 0.400362 0.166884 0.166591
0 0.191354 0.0506954 0.0556033 0.0426754
0 0.820088 0.994176 0.0483257 0.0116486
0 0.206587 0.0326841 0.130378 0.0653682
0 0.753382 0.509604 0.0392178 0.0314257
0 0.0822029 0.101465 0.164367 0.20293
0 0.876414 0.617344 0.0367243 0.0269918
0 0.656343 0.98924 0.0715223 0.0215199
0 0.777191 0.927332 0.445618 0.144889
0 0.979149 0.619174 0.0410301 0.14964
0 0.234425 0.250093 0.193766 0.156573
0 0.24855 0.110948 0.0387816 0.0302752
0 0.984658 0.300222 0.0306831 0.0327897
0 0.932469 0.29379 0.0404888 0.0329146
