0 0.89742 0.199789 0.204124 0.204386
0 0.586499 0.135201 0.095154 0.0931287
0 0.413706 0.778045 0.134171 0.130788
0 0.250124 0.537947 0.0689792 0.0673328
0 0.72846 0.854587 0.107552 0.1062
0 0.334828 0.863036 0.104047 0.101939
0 0.19018 0.361918 0.0608139 0.0603654
0 0.0733269 0.0325694 0.106516 0.0649504
0 0.288262 0.959006 0.0634866 0.0627817
0 0.160771 0.584725 0.0475085 0.0475489
0 0.549673 0.554777 0.0418951 0.0413263
0 0.0997117 0.161749 0.0568028 0.0558906
0 0.430485 0.231161 0.0528717 0.0517373
0 0.908406 0.556111 0.0441519 0.0436079
0 0.384822 0.162091 0.151434 0.143059
0 0.278721 0.231035 0.0415979 0.0414658
0 0.125819 0.828708 0.0425617 0.0416065
0 0.812955 0.584875 0.0341774 0.034003
0 0.938379 0.390233 0.0450813 0.044282
0 0.894101 0.671138 0.0363113 0.035774
0 0.575033 0.599148 0.0604129 0.0585185
0 0.161732 0.267272 0.0507829 0.0499478
0 0.338763 0.216236 0.0325592 0.0320832
0 0.0225829 0.159435 0.0450291 0.061968
0 0.0432505 0.332107 0.033546 0.0334535
0 0.575911 0.689258 0.123528 0.116845
0 0.211861 0.470968 0.0412622 0.0409645
0 0.688617 0.904326 0.0323486 0.0321308
0 0.90722 0.909934 0.0967243 0.0963089
0 0.912708 0.413054 0.0373314 0.0362818
0 0.703506 0.0411849 0.0315701 0.0307514
0 0.134307 0.198743 0.0414916 0.0408652
0 0.464709 0.853929 0.0451395 0.0448853
0 0.0648042 0.634195 0.0399361 0.0386671
0 0.0338708 0.197138 0.0321095 0.031779
0 0.386966 0.299857 0.0307353 0.0304944
0 0.310636 0.640771 0.142028 0.134942
0 0.146981 0.789617 0.0298507 0.0288139
0 0.65918 0.91981 0.0414711 0.0391155
0 0.537736 0.782176 0.0677666 0.0644594
0 0.707645 0.691254 0.115124 0.11266
0 0.663692 0.328188 0.0444678 0.0420672
0 0.00973436 0.293888 0.0190578 0.0701731
0 0.855051 0.644773 0.0285578 0.0275241
0 0.985714 0.722367 0.0285711 0.0372447
0 0.0563142 0.95299 0.111321 0.094021
0 0.00608575 0.755896 0.0121715 0.0442848
0 0.299867 0.0606104 0.168493 0.121221
0 0.0595864 0.157634 0.0288814 0.0286869
0 0.467032 0.971035 0.0354067 0.0333267
0 0.268396 0.742053 0.116439 0.113469
0 0.159118 0.925245 0.041675 0.0402967
0 0.73748 0.136115 0.14907 0.13867
0 0.147815 0.735977 0.0308848 0.0304921
0 0.501033 0.585954 0.0871695 0.0834852
0 0.603599 0.442956 0.0686258 0.0669043
0 0.596878 0.98772 0.0571934 0.024498
0 0.130537 0.41589 0.0310347 0.0303043
