0 0.919078 0.692364 0.0821796 0.0723964
0 0.450085 0.137201 0.0430676 0.0378119
0 0.424901 0.210961 0.0543476 0.0463438
0 0.4012 0.261609 0.0436168 0.0382683
0 0.397195 0.495812 0.0380778 0.0335484
0 0.969433 0.489757 0.0579704 0.0498503
0 0.129211 0.0172521 0.0496515 0.0343547
0 0.67056 0.0474487 0.0371868 0.0316052
0 0.477542 0.281416 0.0407711 0.0377735
0 0.635448 0.978037 0.0601349 0.043927
0 0.912935 0.0121234 0.0657864 0.0242468
0 0.0881018 0.31656 0.0447287 0.036574
0 0.454292 0.983325 0.0361029 0.0301773
0 0.38279 0.861106 0.0345675 0.0286718
0 0.481731 0.11454 0.0310913 0.0289235
0 0.328695 0.311928 0.0347167 0.0292112
0 0.848711 0.0842085 0.0320045 0.0288898
0 0.373664 0.233297 0.0311279 0.0270993
0 0.852803 0.271313 0.0360634 0.0304284
0 0.126746 0.93975 0.0341753 0.0286461
0 0.390964 0.299941 0.0360625 0.0316154
0 0.517753 0.42974 0.113491 0.100384
0 0.639274 0.325048 0.0472019 0.0423181
0 0.430856 0.165874 0.0330025 0.0295696
0 0.347227 0.514886 0.0315608 0.0283642
0 0.331482 0.254254 0.0454991 0.0396016
0 0.893257 0.819853 0.0826195 0.0753134
0 0.0936085 0.157604 0.030246 0.0260442
0 0.637481 0.859036 0.0299248 0.0273184
0 0.769394 0.949239 0.0304794 0.0271358
0 0.767843 0.262955 0.0275085 0.0262113
0 0.95112 0.124194 0.0298512 0.026275
0 0.264946 0.701313 0.028208 0.0261832
0 0.537037 0.440846 0.0782569 0.0720028
0 0.500657 0.814106 0.0301809 0.0256767
0 0.946218 0.885899 0.0586277 0.0541592
