0 0.171576 0.326959 0.097046 0.0816957
0 0.114902 0.8069 0.0434474 0.0358841
0 0.459431 0.759423 0.0409789 0.0326178
0 0.776568 0.149159 0.0517126 0.040348
0 0.320828 0.573615 0.0473256 0.0387629
0 0.911347 0.701263 0.0433754 0.0362261
0 0.842575 0.647657 0.0337463 0.0285944
0 0.027388 0.950758 0.0334321 0.0298204
0 0.825155 0.0920814 0.0461868 0.0368161
0 0.916129 0.739089 0.0415756 0.0351402
0 0.669045 0.342433 0.0649688 0.0519276
0 0.707156 0.924133 0.0328091 0.027787
0 0.375833 0.796105 0.040137 0.0337872
0 0.740161 0.248773 0.0369133 0.0279375
0 0.803213 0.212058 0.0333225 0.0255505
0 0.478925 0.713027 0.040221 0.0317382
0 0.450825 0.61245 0.0417754 0.0333527
0 0.870819 0.00659653 0.0418983 0.0131931
0 0.770446 0.238026 0.0307543 0.0246747
0 0.812971 0.37853 0.052166 0.0417798
0 0.389553 0.594194 0.0290443 0.0254328
0 0.246223 0.444451 0.0371387 0.0315984
0 0.712109 0.0742353 0.0413676 0.0332381
0 0.508268 0.746438 0.0530054 0.0430576
0 0.631842 0.812436 0.0748988 0.065056
0 0.442852 0.0663068 0.0308134 0.0249623
