0 0.806041 0.555668 0.0712193 0.0599957
0 0.629984 0.759889 0.0462873 0.0394535
0 0.709881 0.65586 0.0635703 0.0534773
0 0.658497 0.291243 0.0323846 0.0291364
0 0.33349 0.38763 0.0455275 0.0372727
0 0.727014 0.596663 0.034669 0.0294388
0 0.0180211 0.545109 0.0336508 0.0301413
0 0.795134 0.438546 0.0319979 0.0270035
0 0.0565359 0.502545 0.0315837 0.0277694
0 0.771769 0.656075 0.0345785 0.0303337
0 0.98373 0.388332 0.0285904 0.0263712
0 0.905861 0.568502 0.0301851 0.0259055
0 0.677741 0.757936 0.0289154 0.0257096
