0 0.535045 0.818912 0.107937 0.0970966
0 0.211016 0.716582 0.0502975 0.0421364
0 0.715852 0.735864 0.0297571 0.0269951
0 0.306024 0.755836 0.0409214 0.0337206
0 0.175753 0.265404 0.175567 0.158899
0 0.569498 0.0257675 0.0343385 0.0313488
0 0.735691 0.236442 0.0671491 0.0604431
0 0.970366 0.526145 0.0255867 0.0225504
0 0.899051 0.0889176 0.0713049 0.0650562
0 0.375807 0.763368 0.0289426 0.0247811
0 0.0887064 0.363989 0.0934712 0.0852217
0 0.53731 0.291822 0.0668953 0.0596205
0 0.044057 0.0555766 0.0291322 0.0253489
0 0.861804 0.0970998 0.0618208 0.0592183
0 0.79852 0.0870956 0.0440632 0.0403633
0 0.118673 0.563999 0.0941398 0.087579
0 0.394957 0.592062 0.0399094 0.0339653
0 0.443639 0.263151 0.170629 0.156063
0 0.315313 0.944251 0.158313 0.109975
0 0.640088 0.0419885 0.0884149 0.083663
0 0.537824 0.437716 0.0264162 0.0239412
0 0.59295 0.531227 0.264027 0.224553
0 0.448978 0.31334 0.106489 0.0983055
0 0.731913 0.0795142 0.0877466 0.0814491
