0 0.761894 0.869821 0.151662 0.143276
0 0.582187 0.540966 0.039282 0.0386442
0 0.514482 0.672607 0.0384874 0.0367119
0 0.771146 0.732078 0.0429707 0.0425026
0 0.786748 0.95503 0.048835 0.0461756
0 0.399528 0.85502 0.0316294 0.0311398
0 0.85578 0.818557 0.0325512 0.0321957
0 0.394582 0.413849 0.0321604 0.0312082
0 0.014731 0.975017 0.0294407 0.033791
0 0.830519 0.918906 0.031764 0.0306416
0 0.469838 0.89801 0.156019 0.142984
0 0.161945 0.51767 0.0258901 0.0242395
0 0.954073 0.541876 0.0262772 0.0251358
0 0.733193 0.97057 0.080143 0.0579872
0 0.817921 0.938421 0.0275314 0.0270729
0 0.921046 0.686298 0.026556 0.0256506
0 0.286028 0.848439 0.0744509 0.0719299
0 0.78587 0.461394 0.0614731 0.0596995
0 0.139947 0.695265 0.0470965 0.0468809
0 0.994596 0.871651 0.0108081 0.0277534
0 0.821709 0.183031 0.0373386 0.0363901
0 0.566924 0.886828 0.0453791 0.0442205
0 0.499805 0.908795 0.104224 0.110972
0 0.335134 0.877713 0.0802595 0.0782867
0 0.95907 0.69601 0.0262877 0.0251472
0 0.672565 0.987205 0.0434457 0.0252621
0 0.761612 0.0772204 0.0667807 0.0645293
0 0.786663 0.606544 0.0683136 0.0666178
