0 0.684428 0.185209 0.0326413 0.030695
0 0.451987 0.142771 0.033357 0.0331048
0 0.194421 0.492142 0.0342776 0.0327958
0 0.432484 0.914003 0.178747 0.166219
0 0.775593 0.95651 0.033541 0.0330822
0 0.341582 0.714498 0.0425147 0.0416297
0 0.783759 0.088527 0.0297856 0.0289795
0 0.103748 0.962253 0.032164 0.0305656
0 0.40122 0.0408856 0.0309931 0.0303857
0 0.0461248 0.228046 0.0681636 0.0652819
0 0.398715 0.698777 0.0760798 0.0740518
0 0.21968 0.393355 0.0381447 0.0378346
0 0.298221 0.0693014 0.0392477 0.0379445
0 0.374739 0.619412 0.0270895 0.0261809
0 0.882942 0.85434 0.0379082 0.0371788
0 0.198796 0.0362615 0.112923 0.0721995
0 0.367597 0.840227 0.0347256 0.0335522
0 0.962588 0.635434 0.0328806 0.0313693
0 0.048055 0.277897 0.0337944 0.0328609
