0 0.323472 0.747774 0.115379 0.111647
0 0.14382 0.553866 0.0363121 0.0358952
0 0.154565 0.450093 0.0374857 0.0365749
0 0.572564 0.868841 0.0371476 0.0370581
0 0.984628 0.79325 0.0294727 0.0290875
0 0.405666 0.830631 0.0286148 0.0278042
0 0.558841 0.677953 0.0436968 0.0416342
0 0.979901 0.0070867 0.0323246 0.0141734
0 0.821746 0.124725 0.0279053 0.0267412
0 0.877686 0.00666538 0.0338509 0.013255
0 0.622987 0.0104029 0.0701902 0.0207931
0 0.569234 0.0130265 0.0407187 0.0259491
0 0.993566 0.95187 0.0128679 0.0353464
0 0.473412 0.823245 0.0245735 0.0237644
0 0.972755 0.383699 0.0544893 0.0734243
