0 0.690499 0.577389 0.299332 0.287424
0 0.17523 0.422359 0.12044 0.115574
0 0.455884 0.0408623 0.048472 0.0482421
0 0.37263 0.700188 0.0738975 0.0730642
0 0.53733 0.216357 0.164234 0.155407
0 0.456408 0.386669 0.060106 0.0591361
0 0.473344 0.330892 0.0363421 0.0364505
0 0.908189 0.0418017 0.0433582 0.0407107
0 0.278962 0.603682 0.0399944 0.0392536
0 0.906203 0.494557 0.0472691 0.0468788
0 0.107713 0.131661 0.214973 0.263323
0 0.0635512 0.403242 0.0391156 0.0380615
0 0.364264 0.0981264 0.0434303 0.0417216
0 0.101149 0.772212 0.0395315 0.0399566
0 0.166097 0.540578 0.0789318 0.0760447
0 0.976772 0.98412 0.0433392 0.0313793
0 0.884097 0.0199421 0.103525 0.0395752
0 0.673298 0.124832 0.0395712 0.0387826
0 0.811702 0.647511 0.0467312 0.0459453
0 0.250237 0.672205 0.03767 0.0359505
0 0.207529 0.304143 0.0664237 0.063812
0 0.307529 0.791361 0.0349196 0.0345535
0 0.343508 0.3264 0.048503 0.04739
0 0.895279 0.203878 0.038974 0.0378183
0 0.983402 0.758891 0.0308281 0.0301678
0 0.338366 0.839096 0.0452813 0.0427258
0 0.225709 0.0929072 0.0339118 0.0322036
0 0.988734 0.400743 0.0225327 0.0284244
0 0.449728 0.16732 0.0299858 0.0296015
0 0.889222 0.54851 0.0368853 0.0360001
0 0.609585 0.12041 0.035412 0.0348649
0 0.271427 0.969335 0.03045 0.0316477
0 0.116457 0.353167 0.0295721 0.0276709
0 0.869292 0.729468 0.167238 0.153962
0 0.742228 0.443827 0.0418634 0.0420965
0 0.971428 0.265323 0.0293842 0.0294356
0 0.226535 0.15073 0.0340958 0.0325378
0 0.788616 0.094989 0.0339876 0.0342957
0 0.704112 0.87021 0.466507 0.259581
0 0.967493 0.422776 0.0346176 0.0343952
0 0.0970996 0.66691 0.126979 0.115403
0 0.26168 0.0061015 0.0378134 0.012203
0 0.37952 0.906804 0.15839 0.150473
0 0.198049 0.795591 0.0321046 0.0316131
0 0.8364 0.875137 0.049942 0.0478512
0 0.819269 0.160695 0.0271141 0.026653
0 0.819205 0.2064 0.030698 0.0304253
0 0.396987 0.830132 0.0320668 0.0322773
0 0.292012 0.932488 0.0263619 0.0263145
0 0.3282 0.401529 0.0269372 0.0268105
0 0.419158 0.992747 0.034833 0.0141521
0 0.194861 0.876799 0.029265 0.0273159
