0 0.385105 0.549882 0.0405023 0.0364203
0 0.511767 0.552401 0.0542648 0.0502595
0 0.445658 0.24978 0.163786 0.149027
0 0.644358 0.930523 0.0388796 0.0326702
0 0.236511 0.298048 0.178037 0.160682
0 0.525547 0.439776 0.0441195 0.0394514
0 0.933233 0.905347 0.0431988 0.0374653
0 0.768148 0.689837 0.0474825 0.0411504
0 0.333179 0.133646 0.0373737 0.031588
0 0.784071 0.799294 0.0345858 0.0311504
0 0.978997 0.85989 0.0420059 0.0460644
0 0.737014 0.24249 0.0491148 0.0437925
0 0.402006 0.602009 0.0306152 0.0277685
0 0.662706 0.463253 0.079188 0.0743948
0 0.798887 0.716279 0.0378855 0.0316158
0 0.345351 0.0532445 0.113301 0.102853
0 0.704521 0.525934 0.12132 0.107814
0 0.260161 0.733727 0.0514904 0.045126
0 0.927531 0.386542 0.0338877 0.0307715
0 0.239486 0.0465576 0.107033 0.0914502
0 0.0754494 0.0571602 0.0791461 0.0708399
0 0.278074 0.402127 0.098459 0.0918741
0 0.580873 0.413397 0.0726971 0.0654798
0 0.941153 0.929235 0.027142 0.0245182
0 0.083829 0.249419 0.160225 0.151971
0 0.0547921 0.394907 0.0311694 0.0295847
0 0.474165 0.0696615 0.168156 0.137922
0 0.758727 0.461993 0.0398459 0.0366441
0 0.989471 0.587832 0.0210587 0.0401046
