0 0.32154 0.354249 0.248961 0.243034
0 0.411441 0.495053 0.125918 0.120003
0 0.459283 0.270145 0.0351461 0.0340838
0 0.0281841 0.528916 0.0563681 0.0674574
0 0.0320084 0.669387 0.0637938 0.0808751
0 0.189235 0.937231 0.0331315 0.0318438
0 0.0488237 0.335708 0.0412216 0.0391424
0 0.533411 0.0874463 0.0507268 0.0503568
0 0.861553 0.0189737 0.0452341 0.0379474
0 0.533799 0.587555 0.0401482 0.0392723
0 0.149187 0.0129071 0.0281046 0.0258141
0 0.924435 0.949507 0.0300926 0.0284489
0 0.144178 0.497331 0.0328424 0.0309904
0 0.423934 0.129533 0.029554 0.0276198
0 0.980074 0.479586 0.0345383 0.0327535
0 0.455445 0.0203439 0.0249903 0.0245961
0 0.0490857 0.307815 0.0321067 0.031776
0 0.34245 0.480855 0.0268139 0.0253992
0 0.583665 0.787546 0.48668 0.424908
0 0.641234 0.202353 0.0277164 0.0264877
