0 0.454667 0.424358 0.229768 0.240083
0 0.79317 0.302444 0.0488469 0.0483918
0 0.510645 0.253819 0.0407515 0.0401152
0 0.0751081 0.0493096 0.0446981 0.0436171
0 0.923689 0.896371 0.0883919 0.0875603
0 0.505939 0.914842 0.0348653 0.0338188
0 0.0404938 0.332614 0.0436598 0.0419865
0 0.866207 0.157746 0.0408428 0.0404357
0 0.814907 0.250285 0.0480381 0.0473104
0 0.774668 0.951847 0.0403387 0.0397633
0 0.500702 0.100328 0.0346657 0.033845
0 0.530669 0.2008 0.0537909 0.0521333
0 0.0824115 0.328525 0.0357067 0.0345832
0 0.651527 0.76549 0.155499 0.148509
0 0.0715228 0.486109 0.0393037 0.0385824
0 0.625372 0.265412 0.0322984 0.0322944
0 0.607415 0.9219 0.0302948 0.0290356
0 0.447411 0.592398 0.0303493 0.0301312
0 0.570907 0.693194 0.0313204 0.0313265
0 0.392691 0.929699 0.0282481 0.0265852
0 0.286245 0.434112 0.141991 0.136191
0 0.724625 0.545414 0.0294504 0.0294728
0 0.984894 0.117425 0.030213 0.0323942
0 0.233202 0.016108 0.0563869 0.032216
0 0.980185 0.263965 0.0391979 0.0410969
0 0.0877732 0.786565 0.031233 0.0316729
0 0.84685 0.367878 0.0407396 0.040162
0 0.615413 0.639244 0.0283001 0.0281673
0 0.821476 0.610655 0.0307198 0.0303742
0 0.520064 0.0130342 0.031879 0.0260684
0 0.0409149 0.527921 0.0411411 0.0407104
0 0.639693 0.322406 0.180494 0.17799
0 0.791976 0.221595 0.0298398 0.0294661
0 0.806605 0.540842 0.027759 0.0276382
0 0.971946 0.148633 0.0306198 0.0293792
0 0.953451 0.384601 0.0333851 0.0319823
0 0.966822 0.765528 0.0370842 0.0360111
0 0.148821 0.640134 0.0339294 0.0336647
0 0.1531 0.499089 0.13794 0.142236
0 0.741937 0.792896 0.0263807 0.0265739
0 0.183238 0.365783 0.0376376 0.035367
0 0.0631893 0.125725 0.0309672 0.0304624
0 0.084126 0.460395 0.0342871 0.03489
0 0.293383 0.0357429 0.0300168 0.0285427
0 0.60663 0.409037 0.0441388 0.0476965
0 0.906881 0.433067 0.0287846 0.0269573
0 0.180372 0.0796957 0.0295541 0.0284296
0 0.499318 0.053434 0.0271456 0.0278947
0 0.100022 0.114083 0.0444739 0.0432312
0 0.0291588 0.0350597 0.0348356 0.0338058
0 0.410553 0.748555 0.0320169 0.0301807
0 0.893861 0.746335 0.0286709 0.0284174
0 0.553554 0.115806 0.0364166 0.0344495
0 0.313005 0.489525 0.0279675 0.0269916
0 0.893615 0.13585 0.0275278 0.0255288
0 0.202365 0.550883 0.0311321 0.0304117
0 0.818986 0.172075 0.028941 0.0284963
0 0.72554 0.025756 0.0372807 0.0351876
0 0.815327 0.685234 0.0251213 0.0250208
0 0.0561579 0.43677 0.02853 0.0271235
0 0.457015 0.0095348 0.0457973 0.0189976
0 0.600621 0.0559103 0.086698 0.0857716
0 0.768141 0.170085 0.0294559 0.0294227
0 0.379863 0.615312 0.0264139 0.0258492
0 0.60542 0.426674 0.0281477 0.0277832
0 0.649802 0.6719 0.0326427 0.0320475
0 0.701595 0.134125 0.0297312 0.0270679
0 0.907437 0.96132 0.0911655 0.0769577
0 0.10309 0.439262 0.0285737 0.0266905
0 0.306978 0.509398 0.026061 0.0263723
0 0.753827 0.476803 0.0628105 0.0639101
0 0.711091 0.180192 0.0342178 0.0339299
0 0.813201 0.0104585 0.0906427 0.0206873
