0 0.338026 0.573176 0.0476772 0.0383131
0 0.535588 0.401761 0.0603748 0.0455301
0 0.792864 0.782665 0.0487843 0.0367802
0 0.919408 0.836054 0.052034 0.0391668
0 0.849442 0.478912 0.035796 0.0267908
0 0.509048 0.0748009 0.0615311 0.0480556
0 0.328746 0.417092 0.206245 0.171449
0 0.928625 0.19843 0.0399826 0.0300853
0 0.283575 0.652223 0.0360622 0.0273769
0 0.118086 0.636203 0.23608 0.284828
0 0.977405 0.273895 0.0402809 0.0302036
0 0.750775 0.765832 0.0468119 0.033386
0 0.968343 0.0685733 0.0632114 0.0549224
0 0.702244 0.479698 0.0465069 0.0327421
0 0.206487 0.734404 0.0579713 0.0450567
0 0.83179 0.29852 0.0392881 0.0306027
0 0.946877 0.0479443 0.105925 0.0958628
0 0.727923 0.741709 0.0333962 0.0260425
0 0.926831 0.678798 0.0361801 0.026108
0 0.198918 0.15265 0.184364 0.15507
0 0.616158 0.404403 0.0327993 0.0233747
0 0.985811 0.650379 0.0283787 0.0273836
