0 0.0789493 0.975101 0.0730521 0.0493471
0 0.115933 0.750131 0.0938911 0.0693452
0 0.147005 0.721259 0.0396691 0.0272931
0 0.621119 0.758698 0.0403403 0.0304664
0 0.366191 0.34859 0.0511286 0.0375583
0 0.182665 0.114253 0.0377411 0.0273421
0 0.309605 0.273435 0.0403312 0.0293108
0 0.213 0.811068 0.0547868 0.0374031
0 0.225639 0.775932 0.091779 0.0641327
0 0.41629 0.563334 0.107813 0.0771348
0 0.5768 0.790473 0.040575 0.0286736
0 0.541127 0.491352 0.0742607 0.0562613
0 0.12469 0.458309 0.0440863 0.0333151
0 0.093225 0.883311 0.186065 0.175824
0 0.5867 0.183086 0.0774666 0.0552623
0 0.179463 0.546268 0.356629 0.312422
0 0.374241 0.305805 0.0323397 0.0247427
0 0.800865 0.204306 0.0334333 0.0238728
