0 0.96929 0.728577 0.0614202 0.073324
0 0.569951 0.62934 0.209964 0.205383
0 0.0630617 0.0558001 0.0706197 0.0691969
0 0.822485 0.284547 0.0420017 0.0397466
0 0.290266 0.126173 0.0523767 0.0493625
0 0.0265369 0.110055 0.0447735 0.0429685
0 0.108209 0.214265 0.0453108 0.0430429
0 0.703874 0.843271 0.0419071 0.0403053
0 0.0556468 0.308269 0.042551 0.0413944
0 0.470854 0.391667 0.0654136 0.0615834
0 0.757868 0.663062 0.0326477 0.0310303
0 0.103434 0.503005 0.0368058 0.0351265
0 0.194184 0.0522015 0.0589168 0.056462
0 0.0723892 0.114622 0.0459448 0.0437191
0 0.759579 0.925785 0.0308507 0.0301126
0 0.460202 0.297738 0.116201 0.113023
0 0.099834 0.631562 0.0356013 0.0337567
0 0.937665 0.89315 0.0383938 0.0360754
0 0.144777 0.0930489 0.050364 0.0454469
0 0.890569 0.419849 0.0334322 0.033963
0 0.684408 0.987648 0.0306737 0.0245403
0 0.34491 0.578212 0.0287614 0.0283838
0 0.721264 0.864397 0.0362849 0.0349884
0 0.264502 0.790289 0.0303945 0.030476
0 0.782818 0.49493 0.0346384 0.0320739
0 0.0939134 0.259546 0.0445922 0.0441183
0 0.698764 0.705019 0.0276719 0.0267591
0 0.18518 0.128481 0.0422768 0.0403724
0 0.106733 0.668286 0.0333657 0.0310324
0 0.163231 0.771945 0.033914 0.032575
0 0.0482945 0.0107538 0.0359353 0.0210507
0 0.640677 0.73722 0.0570503 0.0497072
0 0.448973 0.387924 0.0309397 0.0294165
0 0.621368 0.0234156 0.0333122 0.0329713
0 0.321956 0.418123 0.0278569 0.0272602
0 0.36546 0.591066 0.0343745 0.0339264
0 0.923644 0.410015 0.0279219 0.0274032
0 0.476054 0.99183 0.0276014 0.0163408
0 0.455156 0.627858 0.0356916 0.0341463
0 0.651081 0.73646 0.0372841 0.0387271
0 0.381259 0.224805 0.098593 0.0949415
0 0.987644 0.298931 0.0247121 0.0622185
0 0.312435 0.648656 0.0248577 0.0240671
0 0.883521 0.467967 0.0353359 0.034367
0 0.172932 0.744865 0.0264926 0.0256534
0 0.506276 0.621633 0.0283942 0.0266316
0 0.198251 0.0408512 0.289938 0.081104
0 0.594813 0.710378 0.0267975 0.0258673
0 0.769399 0.0720301 0.0278904 0.0272158
