0 0.373034 0.65572 0.0909642 0.0797047
0 0.865092 0.961421 0.0694096 0.0616146
0 0.168671 0.367112 0.0967529 0.0843511
0 0.86002 0.261877 0.0628405 0.0547098
0 0.0818103 0.117107 0.0577886 0.0507234
0 0.185523 0.307516 0.05965 0.0517187
0 0.28823 0.3348 0.0595165 0.0517279
0 0.490684 0.599547 0.0689636 0.0568447
0 0.318056 0.264331 0.051125 0.0451824
0 0.784272 0.282167 0.0885826 0.0749522
0 0.406007 0.843643 0.0882549 0.0798481
0 0.441954 0.746905 0.0712872 0.0616278
0 0.542443 0.556555 0.0940369 0.0766797
0 0.0858132 0.271947 0.0376704 0.0328247
0 0.597748 0.641519 0.0523462 0.0433936
0 0.713398 0.838904 0.0538332 0.0486347
0 0.744328 0.357538 0.0539032 0.0434746
0 0.0831338 0.913447 0.0759801 0.0619976
0 0.0824657 0.978857 0.0584951 0.0413399
0 0.856143 0.332637 0.0939735 0.0785554
0 0.358014 0.444278 0.0384821 0.0343643
0 0.399996 0.369132 0.0310386 0.0280555
0 0.347581 0.848797 0.0702401 0.0615383
0 0.729506 0.660597 0.0495445 0.0443451
0 0.0665977 0.0400174 0.0626672 0.0546871
0 0.681282 0.752883 0.0423435 0.0364903
0 0.709918 0.403127 0.083876 0.0671772
0 0.354266 0.981257 0.0337259 0.0302391
0 0.605921 0.386626 0.0358587 0.0313752
0 0.541308 0.434342 0.051984 0.043553
0 0.712727 0.698346 0.0388044 0.0335062
0 0.0332011 0.738402 0.0337621 0.0299507
0 0.313063 0.385262 0.0297883 0.0259965
0 0.570519 0.16358 0.0731131 0.0632093
0 0.420968 0.557781 0.0288983 0.0246227
0 0.801963 0.875749 0.0321346 0.028998
0 0.455505 0.20828 0.0351021 0.0302571
0 0.0525047 0.089337 0.0398439 0.0366
0 0.643632 0.395012 0.0344757 0.0303075
0 0.715674 0.464056 0.0848976 0.0762631
0 0.592056 0.262154 0.0333324 0.0287261
0 0.672236 0.317857 0.0505817 0.0436786
0 0.899593 0.347325 0.0273262 0.0245429
0 0.756568 0.557018 0.034618 0.0312323
0 0.975468 0.196845 0.0393284 0.0357965
0 0.46702 0.145477 0.0403446 0.0340263
0 0.695055 0.725038 0.0416801 0.0371115
0 0.514377 0.402136 0.0545149 0.0478487
0 0.772338 0.956392 0.0274588 0.025687
0 0.583666 0.484434 0.0601107 0.0504507
0 0.0900252 0.242594 0.0290256 0.0235762
0 0.269 0.376734 0.0260415 0.0224043
0 0.00709574 0.980897 0.0141473 0.0361137
0 0.820593 0.127713 0.357095 0.255427
0 0.819019 0.718456 0.0293394 0.0269403
0 0.695728 0.35581 0.0375813 0.0321717
0 0.686551 0.233895 0.0308393 0.0273539
0 0.650535 0.92886 0.082926 0.0750172
0 0.625861 0.260053 0.0458227 0.0420963
0 0.11034 0.652743 0.0254767 0.022531
0 0.642485 0.213277 0.0595369 0.0529466
0 0.597961 0.701596 0.0459364 0.0386021
0 0.0265766 0.343566 0.0531005 0.0621506
0 0.758848 0.201994 0.0566736 0.0473142
0 0.973173 0.2307 0.0502998 0.0460647
0 0.204905 0.639514 0.0238714 0.0215714
0 0.86431 0.718557 0.0319942 0.0269539
0 0.387906 0.324371 0.0761448 0.0677843
0 0.425327 0.285973 0.0535264 0.047708
0 0.769352 0.080191 0.0289461 0.024895
0 0.351136 0.593712 0.0518086 0.0476713
0 0.406702 0.155227 0.0258301 0.0227323
0 0.276087 0.0285073 0.0484181 0.0419284
