0 0.318069 0.366538 0.294189 0.263646
0 0.54547 0.523865 0.147692 0.135345
0 0.756859 0.748964 0.185256 0.171446
0 0.107171 0.861215 0.214266 0.218825
0 0.914015 0.541193 0.0809586 0.0724102
0 0.603666 0.0195432 0.0434664 0.0389869
0 0.35269 0.875781 0.0643728 0.0576782
0 0.500088 0.887361 0.102666 0.0892239
0 0.926598 0.676403 0.0334637 0.0301811
0 0.584552 0.39068 0.138882 0.127073
0 0.910773 0.840535 0.129996 0.120886
0 0.475281 0.434763 0.0303542 0.0282713
0 0.793499 0.677014 0.0285118 0.0250662
0 0.806875 0.0347245 0.0351082 0.0313177
0 0.371524 0.682013 0.0757243 0.0665346
0 0.776028 0.863655 0.0426666 0.0388149
0 0.644846 0.058081 0.0574694 0.05269
0 0.418754 0.905001 0.0876978 0.0776577
0 0.816566 0.411903 0.146395 0.135393
0 0.959098 0.733684 0.054084 0.0493418
0 0.321379 0.183837 0.0305973 0.0261446
0 0.565071 0.752697 0.0696795 0.0647653
0 0.784401 0.149137 0.076333 0.0688189
0 0.536105 0.313613 0.0861785 0.0770241
0 0.304868 0.654707 0.0526106 0.0444419
0 0.499822 0.730046 0.129355 0.120071
0 0.860029 0.938021 0.0315372 0.0290657
0 0.632705 0.252121 0.186006 0.164173
0 0.614665 0.0835032 0.0301411 0.0269896
0 0.984888 0.773225 0.0260944 0.0241792
0 0.738143 0.902119 0.0961599 0.0874466
0 0.235805 0.0838514 0.372626 0.167318
0 0.107509 0.983036 0.0239172 0.022583
0 0.94567 0.140721 0.0626207 0.0555466
0 0.876596 0.141655 0.0577362 0.0535158
0 0.863002 0.384009 0.0266838 0.0237237
0 0.300361 0.231642 0.0461473 0.0395702
0 0.895735 0.773125 0.0892929 0.0792335
0 0.977111 0.566157 0.0455465 0.0658127
0 0.0289363 0.105331 0.057083 0.0823567
0 0.678486 0.303854 0.138804 0.122279
0 0.5022 0.771785 0.0502575 0.0482759
0 0.950014 0.464714 0.0968563 0.0901539
