0 0.867936 0.479163 0.0649052 0.0618853
0 0.315536 0.800387 0.0630038 0.0636292
0 0.689372 0.033732 0.0678375 0.0632382
0 0.788607 0.79765 0.0580023 0.0578859
0 0.0825161 0.986193 0.0360572 0.0265736
0 0.691316 0.864613 0.0308496 0.0298262
0 0.321096 0.40543 0.0513445 0.0494482
0 0.0697142 0.950446 0.056084 0.0507786
0 0.604299 0.458397 0.089578 0.0860962
0 0.83434 0.651186 0.118059 0.117077
0 0.792834 0.883852 0.283787 0.231816
0 0.271805 0.828774 0.0347728 0.0350775
0 0.598637 0.951928 0.121535 0.0959072
