0 0.27058 0.713466 0.133357 0.12834
0 0.56501 0.171362 0.119877 0.117174
0 0.974438 0.90523 0.0442572 0.0425491
0 0.521836 0.389388 0.121592 0.118139
0 0.856847 0.204536 0.0545792 0.0539909
0 0.411672 0.44712 0.0438171 0.0436287
0 0.167891 0.112612 0.0531094 0.0512248
0 0.695408 0.169756 0.041055 0.040635
0 0.0511658 0.324654 0.077229 0.0784773
0 0.363643 0.0292182 0.033213 0.0330104
0 0.813409 0.713241 0.0326793 0.0308128
0 0.105792 0.143523 0.0937294 0.0909887
0 0.920356 0.815998 0.043309 0.0419905
0 0.295407 0.128851 0.0631599 0.0616854
0 0.550813 0.492985 0.0333492 0.0331442
0 0.124171 0.352676 0.0326362 0.0320264
0 0.645483 0.261191 0.0482372 0.046929
0 0.866644 0.717433 0.0364422 0.0365944
0 0.826101 0.794336 0.0401169 0.0393621
0 0.940039 0.881921 0.0476639 0.0456856
0 0.397061 0.661377 0.0471657 0.0468746
0 0.118207 0.570617 0.236415 0.38276
0 0.817378 0.670793 0.041029 0.0396187
0 0.408795 0.0119676 0.0425768 0.0239352
0 0.513768 0.087644 0.0356299 0.0351543
0 0.598233 0.44893 0.0319252 0.0311103
0 0.731662 0.974782 0.0327912 0.0302214
0 0.011188 0.233438 0.022376 0.0308689
0 0.892594 0.0170615 0.0306347 0.0297663
0 0.406786 0.221599 0.0271666 0.0265689
0 0.238982 0.337618 0.0251029 0.0245186
0 0.935698 0.971519 0.0344139 0.0318413
0 0.551288 0.359219 0.0753964 0.0743218
0 0.930863 0.0969291 0.0308342 0.0293043
0 0.196255 0.433813 0.0463957 0.0450563
0 0.320116 0.637535 0.0708254 0.0712275
0 0.63227 0.974968 0.0800955 0.0500643
0 0.823231 0.839179 0.040683 0.0385796
0 0.488045 0.340495 0.0311319 0.028941
0 0.641047 0.713581 0.0290121 0.0285366
0 0.598831 0.110752 0.0306012 0.0308152
0 0.46117 0.97998 0.0289524 0.0283424
0 0.279294 0.152672 0.0251809 0.0236129
0 0.156486 0.316709 0.0273444 0.0257819
0 0.740041 0.0177352 0.156599 0.0354705
0 0.586356 0.0313045 0.0451414 0.0445809
0 0.730239 0.329426 0.0274842 0.0259097
0 0.0783896 0.440947 0.035508 0.0339952
0 0.422971 0.159416 0.0254496 0.0258525
0 0.228901 0.464729 0.0286739 0.0279936
0 0.660897 0.742295 0.0276486 0.0266977
0 0.85991 0.851073 0.0355602 0.0336052
0 0.804396 0.737755 0.0253586 0.0245703
0 0.67513 0.709687 0.0305458 0.0295161
0 0.391483 0.54989 0.0246351 0.0238016
0 0.282612 0.728126 0.022816 0.0225496
0 0.63657 0.835896 0.036545 0.0364769
0 0.398693 0.834176 0.101869 0.0951672
