0 0.769485 0.811632 0.078211 0.0738888
0 0.558406 0.755928 0.049711 0.0476353
0 0.348993 0.659136 0.106724 0.100389
0 0.746578 0.0523863 0.0506152 0.0477383
0 0.243641 0.716944 0.0359667 0.0339842
0 0.0710464 0.456777 0.0343912 0.0319746
0 0.657412 0.0836183 0.0348192 0.0330072
0 0.847941 0.0888965 0.0386105 0.036648
0 0.726953 0.139656 0.0312777 0.0287206
0 0.717706 0.195079 0.0342035 0.0320764
0 0.0391268 0.861029 0.0319529 0.030546
0 0.0200079 0.389751 0.031912 0.0308935
0 0.972245 0.266004 0.0305262 0.0286332
0 0.380555 0.277115 0.0378658 0.032298
0 0.81475 0.0751018 0.0312718 0.0303017
0 0.480464 0.627015 0.03536 0.0337761
0 0.123923 0.099315 0.0308474 0.0266661
0 0.470695 0.259539 0.0310187 0.0277304
0 0.0111901 0.838284 0.0223754 0.0606731
0 0.141674 0.636227 0.11542 0.102831
0 0.693506 0.100609 0.0269632 0.025228
0 0.121629 0.871514 0.0271963 0.0248558
0 0.954563 0.669044 0.0444523 0.04173
0 0.506913 0.504186 0.0539227 0.0463872
0 0.253191 0.884732 0.031847 0.0303375
0 0.426965 0.756001 0.0263618 0.0250116
0 0.680026 0.850637 0.0268927 0.025794
0 0.447714 0.364702 0.0348598 0.0304865
