0 0.187507 0.923577 0.0835628 0.0817286
0 0.416593 0.782858 0.0396278 0.038694
0 0.176447 0.426847 0.037056 0.0364729
0 0.16821 0.826732 0.056917 0.0564586
0 0.673455 0.0237162 0.0304247 0.0291806
0 0.807035 0.0312432 0.030197 0.0288631
0 0.0875863 0.160108 0.0313955 0.0312785
0 0.0930228 0.0586495 0.0314173 0.0307725
0 0.382534 0.352362 0.0274543 0.0264508
0 0.377683 0.153767 0.0269099 0.0256526
0 0.171975 0.243329 0.0569912 0.055888
0 0.932175 0.994216 0.0282572 0.011568
0 0.104028 0.892097 0.0363348 0.0348316
0 0.628368 0.21391 0.0271036 0.0266298
0 0.191268 0.179448 0.0410144 0.0394378
0 0.15344 0.298491 0.0539939 0.0509049
0 0.153926 0.0189945 0.0344355 0.034741
0 0.0554452 0.80232 0.0288587 0.0277876
0 0.0136249 0.217608 0.0271619 0.0424854
0 0.115329 0.18554 0.0252184 0.0247025
0 0.0615664 0.146165 0.0380829 0.0376877
0 0.0387079 0.319462 0.0535877 0.0527455
0 0.0061712 0.760975 0.0123424 0.0376481
0 0.210019 0.827203 0.031153 0.0300362
