0 0.843154 0.635283 0.276654 0.256235
0 0.412081 0.0333105 0.0733848 0.0666209
0 0.770229 0.958885 0.110084 0.0822298
0 0.722721 0.415951 0.0715791 0.0695852
0 0.532356 0.512051 0.0429789 0.0420539
0 0.157526 0.450147 0.036858 0.0354259
0 0.289124 0.770342 0.03984 0.0384823
0 0.700571 0.16413 0.0348867 0.0346559
0 0.505816 0.943961 0.0275515 0.0264057
0 0.674229 0.910646 0.0420534 0.0404537
0 0.624749 0.840264 0.0313936 0.0301899
0 0.32814 0.357189 0.0270422 0.0262049
0 0.100449 0.917925 0.0261768 0.0257343
0 0.643751 0.684752 0.0305318 0.0292847
0 0.39448 0.356276 0.0283784 0.0278141
0 0.96658 0.484265 0.0666969 0.0888681
0 0.367502 0.348739 0.0256302 0.0250816
0 0.934131 0.529428 0.0280731 0.0261093
0 0.462187 0.903868 0.0248096 0.0240753
