0 0.212612 0.0584836 0.072982 0.070579
0 0.0807797 0.073223 0.059253 0.0575883
0 0.30446 0.229188 0.0683414 0.0664588
0 0.340778 0.451081 0.0687675 0.0678329
0 0.437822 0.742378 0.0441969 0.0424939
0 0.769856 0.525592 0.0335045 0.0325426
0 0.388572 0.948289 0.0520534 0.0524971
0 0.517475 0.812483 0.0354986 0.0347252
0 0.506864 0.890649 0.0359281 0.0360079
0 0.545442 0.920629 0.0542919 0.0536278
0 0.222326 0.663293 0.0339156 0.0327628
0 0.245364 0.760439 0.0869139 0.0835177
0 0.839271 0.357655 0.049082 0.0473701
0 0.438431 0.97962 0.110523 0.0407337
0 0.555316 0.740427 0.0339162 0.0336811
0 0.088016 0.654758 0.152254 0.141063
0 0.678361 0.991903 0.0305614 0.0161945
0 0.463422 0.921742 0.0297413 0.029446
0 0.215124 0.183705 0.0383189 0.0382193
0 0.290589 0.165409 0.0404929 0.0390357
0 0.46335 0.165525 0.0318592 0.0301216
0 0.21762 0.213204 0.120779 0.111828
0 0.442144 0.212036 0.0506994 0.0481987
0 0.0126559 0.422625 0.0253117 0.0349913
0 0.282084 0.09198 0.0275919 0.0274299
0 0.349115 0.155876 0.0894984 0.0926645
0 0.554906 0.174248 0.0373542 0.0377561
0 0.689676 0.118801 0.0309153 0.0293347
0 0.639351 0.0721535 0.0398224 0.0382322
0 0.379521 0.431614 0.0264347 0.026387
0 0.228476 0.00932737 0.0720747 0.0186547
0 0.381545 0.237789 0.0282558 0.0272156
0 0.578207 0.558114 0.0431353 0.0421988
0 0.282247 0.419533 0.0273345 0.0267797
0 0.124335 0.31317 0.0289955 0.0284462
0 0.663488 0.697936 0.0782759 0.0746277
0 0.21141 0.551332 0.0283104 0.0276317
0 0.360383 0.117994 0.0286571 0.0291556
0 0.328769 0.799243 0.107134 0.1041
0 0.242479 0.546622 0.0345932 0.0346202
0 0.844577 0.993264 0.037151 0.013265
0 0.733054 0.500169 0.024412 0.0229984
0 0.21498 0.521591 0.196835 0.206581
0 0.914373 0.952784 0.0275318 0.0266632
0 0.107871 0.836673 0.0689759 0.0665945
0 0.23953 0.0840686 0.0224863 0.0219819
0 0.110746 0.731949 0.11028 0.113029
