0 0.122741 0.674915 0.0754665 0.0564189
0 0.0500025 0.689217 0.0759728 0.0546847
0 0.496185 0.534053 0.0544447 0.0445416
0 0.373155 0.487303 0.0442687 0.0347463
0 0.764661 0.0906037 0.0378496 0.0302971
0 0.132796 0.466795 0.0364328 0.0268149
0 0.305488 0.0135234 0.0357974 0.0266225
0 0.818591 0.334147 0.0413411 0.0299833
0 0.433694 0.615803 0.0418364 0.0322347
0 0.574072 0.494316 0.0322935 0.0257706
0 0.733171 0.646612 0.0338413 0.0276384
0 0.374921 0.563914 0.0361593 0.0281063
0 0.578751 0.010938 0.0391949 0.0209803
0 0.934417 0.284094 0.130867 0.121778
0 0.528316 0.0097082 0.0427994 0.0194164
0 0.874086 0.626392 0.0511768 0.0365864
0 0.625121 0.194096 0.0424346 0.032714
