0 0.0671386 0.273811 0.130194 0.122787
0 0.259606 0.220263 0.114958 0.11012
0 0.345525 0.667402 0.0696349 0.0676895
0 0.249171 0.323678 0.0473198 0.0450902
0 0.197348 0.283611 0.0414246 0.0392617
0 0.692226 0.901985 0.0375195 0.0362629
0 0.842796 0.685952 0.0321644 0.030087
0 0.669158 0.537784 0.0416073 0.0405065
0 0.138775 0.902001 0.0292731 0.0273777
0 0.651857 0.638388 0.0300508 0.0292103
0 0.393796 0.916756 0.0335321 0.0311176
0 0.579163 0.522873 0.0282143 0.0270275
0 0.603505 0.468878 0.0426471 0.0414512
0 0.110949 0.76179 0.0276336 0.0251865
0 0.147527 0.354479 0.0297408 0.0260494
0 0.596595 0.0264216 0.027446 0.026091
0 0.606369 0.634047 0.0321384 0.0303473
0 0.964748 0.352769 0.0405432 0.0384466
0 0.655662 0.14067 0.0284236 0.0261449
0 0.841958 0.127221 0.0265083 0.0250973
0 0.151982 0.827919 0.0277544 0.0257936
0 0.119016 0.962838 0.0259748 0.0241459
0 0.824869 0.545014 0.0243782 0.023243
0 0.722893 0.760656 0.0360157 0.0349694
0 0.180121 0.427769 0.03025 0.0283442
0 0.991075 0.636131 0.0178497 0.0262032
0 0.340441 0.738837 0.0694304 0.063592
0 0.142561 0.170295 0.0427064 0.0407239
