0 0.368912 0.336984 0.0828758 0.0781752
0 0.440923 0.780376 0.0469317 0.0439382
0 0.834139 0.800449 0.0767314 0.0728163
0 0.941132 0.843422 0.0816803 0.0758299
0 0.204027 0.548222 0.049482 0.046785
0 0.476813 0.0218992 0.0409037 0.0396824
0 0.575077 0.695652 0.0498011 0.0474895
0 0.359505 0.426972 0.0465064 0.044068
0 0.563291 0.801186 0.0369926 0.0361841
0 0.722423 0.019009 0.0375107 0.0366132
0 0.904945 0.66029 0.0449867 0.0433641
0 0.959197 0.386442 0.0371771 0.0349633
0 0.816712 0.109578 0.0309839 0.0297255
0 0.600404 0.461415 0.207425 0.192785
0 0.440124 0.835633 0.0340706 0.031485
0 0.0680382 0.984965 0.0367128 0.0300695
0 0.703721 0.892904 0.0402981 0.0377485
0 0.532573 0.647026 0.0317514 0.0297842
0 0.161594 0.00922641 0.0327733 0.0178733
0 0.882138 0.836206 0.0343203 0.032085
0 0.482885 0.758455 0.0316856 0.0297562
0 0.852828 0.0546356 0.0328209 0.0317187
0 0.855302 0.314168 0.0336472 0.0323837
0 0.753704 0.628837 0.0387184 0.0362741
0 0.689168 0.280984 0.0272621 0.0264757
0 0.57605 0.88916 0.0493192 0.0459736
0 0.670742 0.698329 0.0462273 0.0446227
0 0.866455 0.404685 0.0337606 0.0313654
0 0.906779 0.552822 0.0353338 0.0321116
0 0.893751 0.698381 0.0353935 0.0322968
0 0.931492 0.47682 0.124776 0.115938
0 0.637927 0.0269895 0.028414 0.0271679
0 0.499124 0.877997 0.0299562 0.0286852
0 0.531952 0.390792 0.0257843 0.0254022
0 0.369902 0.2724 0.0294994 0.0283987
0 0.887035 0.947864 0.0296658 0.0274555
0 0.496545 0.552914 0.0438507 0.0417115
0 0.82129 0.218186 0.0300743 0.0300721
0 0.92434 0.0999111 0.0297274 0.0279525
0 0.702908 0.580227 0.0371454 0.0365444
0 0.12255 0.850596 0.0280732 0.0269197
0 0.784264 0.950391 0.0428646 0.0413889
0 0.791278 0.705304 0.0307545 0.0285774
0 0.582066 0.586542 0.0401533 0.0390257
0 0.902889 0.162493 0.0325415 0.030939
0 0.974049 0.147015 0.0280058 0.027091
0 0.852357 0.336996 0.0333984 0.0297235
0 0.892323 0.860089 0.0289339 0.0262606
0 0.624158 0.683521 0.0473408 0.0458802
0 0.638512 0.300982 0.0268103 0.0257238
0 0.53701 0.755087 0.0256703 0.024675
0 0.664133 0.815813 0.0494944 0.0468284
0 0.672519 0.517078 0.0513582 0.0467011
