0 0.152392 0.947672 0.109687 0.094968
0 0.394719 0.717185 0.0855535 0.0701653
0 0.211818 0.795054 0.0921451 0.0774214
0 0.408825 0.589345 0.0772773 0.0632916
0 0.681978 0.253109 0.177612 0.143055
0 0.408303 0.653459 0.0861131 0.071545
0 0.574123 0.46331 0.0734478 0.0598072
0 0.0304618 0.172734 0.0604767 0.0714208
0 0.100204 0.136389 0.0662474 0.0521991
0 0.140986 0.594797 0.0428813 0.0353161
0 0.342473 0.445384 0.0527877 0.0426712
0 0.121147 0.636343 0.0763501 0.0640003
0 0.269579 0.0174149 0.0436428 0.0343981
0 0.892792 0.601722 0.0675402 0.0537025
0 0.110031 0.205717 0.0610467 0.0460069
0 0.345673 0.51393 0.0461638 0.0353835
0 0.565419 0.604856 0.0399818 0.0338291
0 0.711005 0.698382 0.0480213 0.0394363
0 0.322421 0.175278 0.0686021 0.0513494
0 0.587686 0.648253 0.0372747 0.0307614
0 0.902191 0.226536 0.038797 0.0325915
0 0.29039 0.571225 0.106254 0.0925112
0 0.34349 0.28035 0.120889 0.100179
0 0.356421 0.553827 0.0726466 0.0605522
0 0.723701 0.985161 0.0823565 0.0296781
0 0.752687 0.754224 0.0522161 0.0432942
0 0.427436 0.49237 0.0326616 0.0283678
0 0.397072 0.923702 0.0658301 0.0516602
0 0.334294 0.0471796 0.0363773 0.0291672
0 0.356905 0.904208 0.0486622 0.0429222
0 0.662841 0.61006 0.0316682 0.0274105
0 0.424292 0.0362282 0.0619496 0.050708
0 0.290975 0.326626 0.069734 0.0572853
0 0.572198 0.288026 0.0347108 0.0304324
0 0.0674471 0.0766422 0.0633555 0.0496597
0 0.864281 0.408141 0.271437 0.330752
0 0.471769 0.837917 0.0523452 0.0442183
0 0.843252 0.685832 0.129205 0.111356
0 0.790209 0.920246 0.0374425 0.032082
0 0.304757 0.692853 0.0308703 0.0240857
0 0.685099 0.549029 0.0551087 0.0438837
0 0.0203598 0.318462 0.0407195 0.0699707
0 0.720098 0.923285 0.0847855 0.0727516
0 0.229573 0.289396 0.084538 0.0718916
0 0.702475 0.769766 0.0326763 0.0277525
0 0.661555 0.662805 0.0882353 0.0734164
0 0.933836 0.733565 0.0936119 0.0828657
