0 0.572253 0.329934 0.156294 0.115116
0 0.517774 0.837435 0.117052 0.0930706
0 0.521356 0.19458 0.123882 0.0901067
0 0.69044 0.0342568 0.102576 0.068299
0 0.713108 0.0952043 0.102996 0.0746226
0 0.820531 0.797927 0.0850494 0.062131
0 0.60891 0.538023 0.27348 0.210085
0 0.468866 0.412253 0.0658241 0.0480506
0 0.410997 0.841115 0.145184 0.108079
0 0.796198 0.0393845 0.0498446 0.0380709
0 0.310587 0.863597 0.0585978 0.0432871
0 0.537446 0.0676399 0.0919201 0.0654493
0 0.903617 0.673261 0.192766 0.242761
0 0.375259 0.035445 0.139769 0.07089
0 0.726567 0.762886 0.120249 0.0849853
0 0.217146 0.47418 0.0578323 0.0405958
0 0.0695093 0.744814 0.139019 0.11496
0 0.582111 0.683426 0.167543 0.122331
0 0.689383 0.166397 0.166429 0.111557
0 0.907184 0.261276 0.0896324 0.0681664
0 0.339798 0.402348 0.0387823 0.0304283
0 0.0826594 0.825803 0.0570313 0.0418718
0 0.609478 0.239408 0.0905647 0.0694966
0 0.399907 0.479968 0.0491313 0.0368338
0 0.144767 0.765336 0.0540068 0.0405045
0 0.693457 0.638311 0.0389856 0.0280702
0 0.711491 0.794915 0.0377876 0.0312819
0 0.386277 0.37852 0.0408658 0.0308661
0 0.245803 0.85281 0.0468638 0.0378372
0 0.22428 0.0520767 0.0360406 0.0266587
0 0.614021 0.95766 0.087467 0.0723087
0 0.621032 0.116307 0.0478676 0.034561
0 0.284299 0.828305 0.0411659 0.0327383
0 0.0340792 0.41192 0.0681584 0.0573678
0 0.331723 0.778129 0.114174 0.0894349
0 0.914748 0.885842 0.0680798 0.0486362
