0 0.0439927 0.969355 0.0467771 0.0375443
0 0.11669 0.433757 0.0374687 0.0301594
0 0.696335 0.153087 0.0720989 0.0596719
0 0.170971 0.353599 0.0832784 0.067023
0 0.73162 0.0665432 0.0389889 0.0305339
0 0.0540174 0.305457 0.0346051 0.0280647
0 0.072714 0.0281558 0.0791025 0.0562838
0 0.172344 0.0622165 0.0739356 0.0613147
0 0.266012 0.33126 0.0588369 0.050518
0 0.048787 0.244276 0.097574 0.108261
0 0.0361585 0.76434 0.072317 0.0918456
0 0.136347 0.262276 0.0729444 0.0545799
0 0.80517 0.335242 0.0588736 0.0454306
0 0.863104 0.790827 0.0378056 0.0300978
0 0.766437 0.528904 0.125707 0.0948729
0 0.945906 0.732768 0.0335089 0.0285808
0 0.755316 0.224533 0.0819792 0.0662475
0 0.771762 0.0164926 0.0315027 0.0277762
0 0.473996 0.335583 0.0797606 0.0671395
0 0.0879978 0.534215 0.0785723 0.0626455
