0 0.421127 0.625037 0.120382 0.114696
0 0.0877981 0.699883 0.175596 0.220229
0 0.603436 0.113608 0.0754521 0.0692953
0 0.144945 0.268752 0.0444339 0.0412107
0 0.104747 0.951353 0.144523 0.0963566
0 0.839069 0.314882 0.0377693 0.0354494
0 0.629468 0.45838 0.0500293 0.0491156
0 0.879355 0.668924 0.0385338 0.0368925
0 0.216174 0.371823 0.0314069 0.0288671
0 0.336208 0.758155 0.0652434 0.0610389
0 0.92996 0.10898 0.0362577 0.0312109
0 0.86427 0.249881 0.0430935 0.0407403
0 0.606337 0.406972 0.0309054 0.0290922
0 0.0718397 0.159784 0.0310209 0.0294361
0 0.609753 0.512867 0.0289718 0.028755
0 0.915653 0.0560336 0.0298397 0.0284715
0 0.309338 0.844789 0.11861 0.108027
0 0.739074 0.271028 0.0287497 0.0268825
0 0.3426 0.256678 0.0644076 0.0595893
