0 0.573277 0.741072 0.116612 0.09102
0 0.422128 0.768715 0.144556 0.112658
0 0.820433 0.643351 0.359135 0.297334
0 0.382 0.665952 0.053639 0.0449652
0 0.498211 0.479199 0.0654477 0.0509415
0 0.516929 0.102602 0.10751 0.0840216
0 0.78788 0.170527 0.424241 0.338861
0 0.369356 0.486962 0.0563843 0.0455766
0 0.376206 0.168671 0.0676442 0.0560792
0 0.307419 0.55592 0.0664641 0.0550392
0 0.0343197 0.876042 0.0556695 0.0422699
0 0.514347 0.0161424 0.0530815 0.031622
0 0.563329 0.115058 0.0516107 0.0409372
0 0.77149 0.392233 0.0401163 0.0315244
0 0.588172 0.404163 0.0366726 0.0285782
0 0.811124 0.810198 0.114445 0.0924762
0 0.418837 0.0406113 0.0735469 0.0594827
0 0.633349 0.647026 0.0390095 0.0305512
0 0.429087 0.0786767 0.0472513 0.0376601
0 0.674965 0.518784 0.0408073 0.0332924
0 0.285899 0.398944 0.0382668 0.0323825
0 0.371604 0.950552 0.0694423 0.0577354
0 0.911705 0.142503 0.0428135 0.0341066
0 0.571693 0.962269 0.0417091 0.032729
0 0.474988 0.042451 0.0341118 0.0269483
0 0.915993 0.578956 0.0390415 0.029871
0 0.812063 0.0794711 0.0413456 0.0322334
0 0.250712 0.614112 0.0369036 0.0300635
0 0.460841 0.256367 0.0358915 0.0278246
0 0.367443 0.983305 0.0754091 0.0333572
0 0.220402 0.223302 0.0373249 0.0311377
0 0.693473 0.493447 0.0360027 0.027496
0 0.249007 0.207361 0.0320854 0.0271385
0 0.928275 0.305705 0.0617762 0.0517511
0 0.365278 0.875471 0.0369289 0.0294638
0 0.146229 0.758367 0.0324084 0.0273529
0 0.799111 0.994064 0.0435658 0.0118721
0 0.128631 0.83003 0.0459904 0.0377113
0 0.888233 0.413356 0.10461 0.0837314
0 0.436282 0.467388 0.0347372 0.0281292
0 0.221376 0.0960124 0.346639 0.191075
0 0.268799 0.582534 0.0385627 0.0319377
0 0.861632 0.414171 0.0464048 0.0363727
0 0.957348 0.083377 0.085257 0.164404
0 0.936528 0.157043 0.044071 0.0352188
0 0.147842 0.983952 0.0379098 0.0302811
