0 0.647186 0.243417 0.0670828 0.0546992
0 0.224489 0.690477 0.0579934 0.0513771
0 0.27402 0.0439891 0.0534361 0.0426527
0 0.106395 0.878978 0.0442345 0.0353634
0 0.193324 0.399526 0.0330015 0.0285906
0 0.385424 0.832179 0.0503241 0.0416527
0 0.601884 0.349607 0.0374819 0.0311932
0 0.269152 0.558765 0.0420368 0.0359446
0 0.850284 0.499329 0.0494099 0.0374701
0 0.88758 0.0513513 0.0354818 0.0297168
0 0.0207828 0.327388 0.041028 0.054429
0 0.329738 0.0693068 0.0302082 0.02467
0 0.56879 0.258642 0.0351108 0.0298827
0 0.545919 0.333362 0.0286153 0.025409
0 0.810241 0.196705 0.0331078 0.028299
0 0.565946 0.149964 0.0335137 0.0285747
0 0.2422 0.943156 0.0306307 0.0257608
0 0.20386 0.138255 0.0301086 0.0265721
0 0.716508 0.494443 0.0326025 0.0277796
0 0.314334 0.978458 0.0364164 0.0319248
0 0.90558 0.969006 0.0334442 0.0279406
0 0.159889 0.621129 0.0731492 0.0643716
