0 0.0572374 0.544911 0.0702758 0.0694326
0 0.904922 0.32342 0.0641846 0.0619917
0 0.676087 0.780321 0.0374933 0.0365544
0 0.265643 0.255142 0.0397455 0.0388873
0 0.496057 0.126081 0.051509 0.0490715
0 0.596955 0.0686153 0.0328805 0.0318041
0 0.73138 0.555658 0.0359991 0.0351209
0 0.893209 0.909953 0.0356443 0.0340366
0 0.195507 0.264418 0.0343093 0.0336454
0 0.0925454 0.75752 0.0317179 0.0303539
0 0.735286 0.513026 0.0380245 0.0363245
0 0.279883 0.422421 0.0370179 0.0361384
0 0.0775086 0.861266 0.0275821 0.0268089
0 0.379224 0.576545 0.0673588 0.0657414
0 0.354383 0.490248 0.0737616 0.0724787
0 0.137629 0.583571 0.0708953 0.069662
0 0.718731 0.623002 0.0362206 0.0348842
0 0.498998 0.616869 0.0349659 0.0342716
0 0.78798 0.49712 0.0296476 0.0295528
0 0.416708 0.412239 0.117171 0.113559
0 0.483414 0.846762 0.0269413 0.0270041
0 0.722592 0.678528 0.0323311 0.0309624
0 0.813285 0.372699 0.128658 0.125803
0 0.334808 0.675092 0.0872372 0.0849724
0 0.052579 0.600414 0.105158 0.227527
0 0.454502 0.958481 0.0260306 0.0254187
0 0.0393548 0.302847 0.0786717 0.141223
0 0.982195 0.964527 0.0356091 0.046431
0 0.332445 0.92822 0.028334 0.0279264
0 0.978683 0.814845 0.0425987 0.0487804
0 0.985223 0.465023 0.0292515 0.0292581
0 0.910235 0.969903 0.0716034 0.060194
0 0.879704 0.757494 0.0269665 0.0261748
