0 0.679485 0.815041 0.127119 0.0937239
0 0.438113 0.943857 0.0484183 0.0359547
0 0.961825 0.243417 0.0540529 0.0420157
0 0.975612 0.490433 0.0487762 0.05151
0 0.0477214 0.814334 0.0954427 0.0752333
0 0.605327 0.142157 0.0443581 0.0325183
0 0.896373 0.190983 0.0536171 0.0398773
0 0.50956 0.768068 0.0666554 0.0536879
0 0.446136 0.369818 0.0467556 0.0329588
0 0.383967 0.841837 0.0431813 0.0317333
0 0.822205 0.537534 0.0410061 0.0314652
0 0.896445 0.874249 0.0492321 0.0392506
0 0.355632 0.980026 0.0721349 0.039948
0 0.916281 0.532556 0.0949064 0.0715137
0 0.133332 0.744884 0.0574348 0.0438326
0 0.653653 0.436428 0.075996 0.0569498
0 0.493448 0.384949 0.0422474 0.0312186
0 0.912806 0.0848201 0.0380333 0.0280543
0 0.474888 0.92314 0.0376966 0.0281586
0 0.983224 0.214905 0.0335523 0.0349743
0 0.522153 0.900978 0.0829228 0.0610592
0 0.125938 0.836984 0.0566331 0.0373518
0 0.830491 0.201471 0.0375263 0.0276456
0 0.293505 0.249939 0.0520008 0.0345336
0 0.971422 0.302569 0.0570942 0.0566371
0 0.307209 0.5767 0.0533772 0.0389719
0 0.891382 0.13086 0.0386517 0.0287165
0 0.230256 0.647668 0.0811143 0.0574114
0 0.571591 0.739882 0.0349614 0.0278791
0 0.863678 0.110237 0.0425705 0.02966
0 0.635285 0.658248 0.0575359 0.0433121
0 0.02324 0.231936 0.0433607 0.0305116
0 0.711149 0.0262451 0.0296577 0.0227872
0 0.985358 0.700282 0.0292843 0.0266286
0 0.149123 0.102734 0.0812944 0.0625918
0 0.988171 0.169973 0.0234364 0.0260616
0 0.189469 0.381988 0.0454217 0.0307767
0 0.989699 0.189615 0.0206024 0.0227687
0 0.778576 0.510074 0.0359394 0.0264471
0 0.561186 0.0682777 0.0410984 0.0274303
0 0.225798 0.19938 0.0865483 0.0610527
0 0.36701 0.3712 0.0500719 0.0383841
0 0.947905 0.875356 0.0335886 0.0242233
0 0.0815486 0.0268367 0.0320594 0.0247538
0 0.377435 0.513096 0.0569639 0.0393602
0 0.739424 0.0144982 0.0297312 0.0232214
0 0.0459417 0.614035 0.0434852 0.030563
0 0.451355 0.0907612 0.0383925 0.030468
0 0.126887 0.239889 0.0360287 0.0258212
0 0.138501 0.783503 0.0419512 0.0314051
0 0.243047 0.970554 0.0589871 0.0483635
0 0.499896 0.278769 0.042223 0.0318123
0 0.614693 0.707737 0.0392279 0.029475
0 0.483926 0.355842 0.0367183 0.0289098
0 0.833349 0.792985 0.0387959 0.0325165
0 0.863915 0.531893 0.0384796 0.0282598
0 0.418034 0.885916 0.0707248 0.0540848
0 0.988252 0.35179 0.0234533 0.0485397
0 0.464522 0.989553 0.037447 0.0208938
0 0.897133 0.261764 0.0294624 0.0228457
0 0.0785067 0.948929 0.0321304 0.0229958
0 0.0669799 0.0747794 0.039659 0.027827
0 0.335973 0.807154 0.0358723 0.0241826
0 0.448773 0.453396 0.0424852 0.0331072
0 0.395531 0.21167 0.0380445 0.0291596
0 0.750827 0.0801554 0.0427008 0.0301922
0 0.806437 0.0781801 0.0314755 0.0222236
0 0.815006 0.507089 0.0315365 0.0256094
0 0.119054 0.328161 0.0597263 0.0449899
0 0.962468 0.103476 0.0450375 0.0333538
