0 0.545752 0.386922 0.189375 0.182193
0 0.869937 0.232817 0.0987642 0.0958011
0 0.371153 0.718363 0.0968531 0.0949306
0 0.623183 0.539908 0.0822771 0.0828243
0 0.93623 0.0457242 0.066827 0.0645467
0 0.648072 0.755303 0.0422825 0.0410585
0 0.68457 0.0347517 0.0658781 0.064519
0 0.789843 0.377297 0.0730558 0.0717737
0 0.858836 0.358283 0.0536798 0.0529952
0 0.568158 0.0196177 0.0693879 0.0392355
0 0.680165 0.466109 0.0433318 0.0420931
0 0.296775 0.119918 0.0530983 0.0508896
0 0.664144 0.154723 0.064049 0.0649995
0 0.101191 0.945433 0.0680424 0.0653742
0 0.610292 0.0591139 0.0495417 0.0478401
0 0.583321 0.784087 0.036109 0.0353222
0 0.786876 0.112773 0.0317833 0.0318049
0 0.080212 0.715969 0.050887 0.0480412
0 0.0349263 0.806878 0.0350209 0.0340015
0 0.055385 0.389695 0.0298416 0.0289461
0 0.852007 0.312536 0.0550348 0.0537495
0 0.938666 0.125863 0.0347538 0.033006
0 0.202839 0.971306 0.0538866 0.0527912
0 0.267378 0.735745 0.0338697 0.0324051
0 0.693922 0.19194 0.0348011 0.034312
0 0.685724 0.102009 0.0574253 0.0550456
0 0.212847 0.799327 0.0370902 0.0356628
0 0.450244 0.765977 0.20627 0.208512
0 0.85833 0.038641 0.0488361 0.0481331
0 0.0109768 0.454566 0.0219536 0.0306358
0 0.41421 0.380435 0.0255411 0.0251233
0 0.198095 0.760989 0.0524247 0.0512228
0 0.891907 0.747252 0.0291735 0.0284435
0 0.750049 0.958847 0.0325254 0.0319107
0 0.608028 0.688258 0.0312067 0.030339
0 0.0303531 0.320593 0.0318794 0.0299999
0 0.0227862 0.379596 0.0286784 0.0283195
0 0.0576692 0.679664 0.115338 0.262899
0 0.629414 0.979626 0.069288 0.0397524
0 0.0901787 0.254891 0.0337605 0.0337989
0 0.830725 0.987253 0.0339249 0.0252131
0 0.586641 0.95172 0.0312672 0.0306896
0 0.482291 0.463653 0.0296373 0.0283865
0 0.41315 0.163882 0.0339108 0.0324403
0 0.730644 0.69978 0.0303929 0.0283141
0 0.918138 0.0132973 0.0630713 0.0265946
0 0.268537 0.0451692 0.0427774 0.041807
0 0.640339 0.892664 0.0271207 0.0271358
0 0.717488 0.15309 0.0383732 0.036754
0 0.635317 0.915491 0.0294529 0.0283352
0 0.81557 0.0322369 0.036949 0.0362521
0 0.887259 0.621326 0.027313 0.0279029
0 0.214276 0.00706974 0.0435269 0.0141395
0 0.671931 0.21666 0.0323638 0.0326343
0 0.950705 0.653672 0.0316591 0.0301731
0 0.915744 0.410871 0.060527 0.0561597
0 0.269357 0.283754 0.0410848 0.0383034
0 0.691098 0.786368 0.0274128 0.026836
0 0.573957 0.557259 0.0310801 0.030735
0 0.04974 0.982008 0.0267303 0.0259209
0 0.705256 0.842508 0.0283644 0.0275818
0 0.855687 0.404649 0.0355339 0.0340022
0 0.98274 0.722914 0.0243315 0.0239562
0 0.742557 0.846767 0.0248459 0.0246819
0 0.178866 0.282962 0.356726 0.533816
0 0.730981 0.975153 0.0287844 0.0270306
0 0.323202 0.769374 0.0346849 0.0339184
