0 0.850959 0.161563 0.158218 0.150258
0 0.274219 0.600253 0.265301 0.257037
0 0.49271 0.4574 0.0472806 0.0452612
0 0.526188 0.733948 0.0543465 0.0552413
0 0.384966 0.978104 0.0599474 0.0437918
0 0.34147 0.0945925 0.0314652 0.0307822
0 0.592497 0.722079 0.0310291 0.0294552
0 0.420054 0.395479 0.0410807 0.0401903
0 0.713739 0.505885 0.0324904 0.0314071
0 0.501193 0.217787 0.0280531 0.0271006
0 0.581115 0.8869 0.0273651 0.0258314
0 0.887063 0.783709 0.0316555 0.0314566
0 0.964054 0.0365909 0.0649988 0.0605647
0 0.405265 0.194929 0.037282 0.0356516
0 0.42376 0.166779 0.0301849 0.0281194
0 0.142806 0.055221 0.0280465 0.0260653
0 0.918892 0.686052 0.0355238 0.0341167
0 0.455148 0.69899 0.030522 0.0287996
0 0.91795 0.0178081 0.0377441 0.0346452
0 0.09835 0.482205 0.0272523 0.0256655
0 0.340456 0.891312 0.0300808 0.0289604
0 0.257905 0.166392 0.0252807 0.0252217
0 0.980459 0.277435 0.0271019 0.0269834
0 0.701308 0.575016 0.0281397 0.0275372
0 0.384173 0.853574 0.0394425 0.0405014
0 0.697039 0.934595 0.11389 0.104141
0 0.874903 0.844555 0.0453922 0.0424099
