0 0.330932 0.742676 0.0496844 0.0433517
0 0.145197 0.870802 0.0693223 0.0600407
0 0.112589 0.295973 0.0428749 0.0386716
0 0.343857 0.263315 0.0696291 0.064626
0 0.422904 0.889074 0.0434399 0.0382504
0 0.962426 0.189884 0.0356297 0.0330555
0 0.353823 0.878191 0.0468995 0.0411896
0 0.461771 0.67417 0.0522226 0.0464915
0 0.21652 0.923806 0.073628 0.0666552
0 0.487989 0.405458 0.0386845 0.0362333
0 0.586164 0.870812 0.0404805 0.0356956
0 0.438028 0.160797 0.0681524 0.0620241
0 0.786802 0.547191 0.0556194 0.0505707
0 0.725905 0.221752 0.0326541 0.0312767
0 0.0490489 0.429423 0.0383312 0.0348022
0 0.880777 0.933166 0.0370146 0.032464
0 0.199795 0.983862 0.0421269 0.0318478
0 0.3086 0.919955 0.0322886 0.0284868
0 0.205778 0.175117 0.0397695 0.0353793
0 0.0524489 0.489596 0.0336165 0.0297565
0 0.229676 0.386524 0.0338336 0.0312366
0 0.111546 0.108222 0.0635753 0.0584631
0 0.552269 0.698743 0.0379646 0.0325413
0 0.382644 0.120181 0.0335806 0.0302295
0 0.386014 0.957629 0.0430707 0.0354763
0 0.917562 0.849617 0.0351006 0.0308966
0 0.552883 0.918735 0.0337893 0.028944
0 0.241641 0.97558 0.044217 0.0396938
0 0.44113 0.476529 0.0382204 0.034552
0 0.678956 0.881896 0.0341564 0.0317749
0 0.163897 0.282313 0.0446966 0.0427135
0 0.706812 0.284093 0.032547 0.0300394
0 0.0681649 0.339569 0.039107 0.037053
0 0.474613 0.504725 0.227751 0.20771
0 0.318943 0.645454 0.0692234 0.0602873
0 0.661348 0.840019 0.0308844 0.0289543
0 0.353383 0.624299 0.16574 0.159683
0 0.456274 0.738949 0.0378717 0.0332112
