0 0.481495 0.665409 0.0411171 0.0389767
0 0.45054 0.43152 0.0389432 0.0368067
0 0.407306 0.575574 0.0338661 0.0320492
0 0.531705 0.627368 0.0320229 0.0305489
0 0.125505 0.678596 0.0313251 0.0280793
0 0.180197 0.113528 0.0357637 0.0335837
0 0.406624 0.0118703 0.0562014 0.0237406
0 0.574596 0.777936 0.0309656 0.0286684
0 0.0613998 0.168556 0.0311945 0.0293256
0 0.346579 0.282941 0.0291276 0.0288663
0 0.960234 0.579563 0.027697 0.028539
0 0.125387 0.174218 0.0319066 0.0326071
0 0.191857 0.236943 0.03297 0.0324254
