0 0.310134 0.338673 0.499642 0.368701
0 0.309825 0.711989 0.230716 0.175057
0 0.137731 0.541693 0.0745404 0.0552254
0 0.829914 0.496728 0.0507523 0.037122
0 0.240277 0.948583 0.068451 0.0482208
0 0.859694 0.824515 0.182 0.130913
0 0.944575 0.331832 0.0397099 0.0292552
0 0.970267 0.315693 0.056646 0.0447738
0 0.417596 0.950832 0.0737135 0.0523794
0 0.794208 0.898864 0.100285 0.0789375
0 0.19073 0.501038 0.0521017 0.0376838
0 0.0579649 0.0238629 0.0596955 0.0477071
0 0.0269849 0.88962 0.0539698 0.0915155
0 0.0593702 0.166741 0.117166 0.0899961
0 0.0303675 0.989519 0.032431 0.0202007
0 0.810147 0.970415 0.0950378 0.0591703
0 0.278755 0.978588 0.035002 0.0276863
0 0.0300533 0.373556 0.059949 0.0674015
