0 0.341474 0.449908 0.399384 0.387802
0 0.831057 0.575339 0.203714 0.194098
0 0.274091 0.786767 0.123327 0.108708
0 0.824256 0.310043 0.0870804 0.0821262
0 0.732205 0.348295 0.071122 0.064699
0 0.0791928 0.153202 0.0791786 0.0726868
0 0.687111 0.637049 0.0981174 0.0916632
0 0.754036 0.080681 0.0364065 0.0338332
0 0.771204 0.171647 0.0351828 0.0327807
0 0.508997 0.618573 0.119493 0.112264
0 0.172582 0.68161 0.0284755 0.0271404
0 0.657627 0.733726 0.162113 0.157461
0 0.605501 0.107216 0.042327 0.0390253
0 0.657284 0.517501 0.183395 0.157537
0 0.829257 0.16554 0.0430511 0.0397361
0 0.349855 0.783225 0.0281154 0.0270346
0 0.529292 0.0685034 0.0308561 0.0289916
0 0.761157 0.839206 0.17395 0.163454
0 0.457797 0.0827491 0.165435 0.159244
0 0.963103 0.256905 0.0323776 0.0302578
0 0.95388 0.677234 0.0412304 0.0391422
0 0.98249 0.645961 0.0346779 0.0753367
0 0.83848 0.445779 0.195037 0.184907
0 0.356193 0.662552 0.0329771 0.0311066
0 0.539824 0.981931 0.0775508 0.0361082
0 0.570092 0.672102 0.0642912 0.0596941
0 0.630305 0.889794 0.134194 0.124386
0 0.617155 0.429585 0.0440803 0.0406517
0 0.567923 0.0836611 0.0545382 0.0515645
0 0.641482 0.699882 0.0737494 0.0706554
0 0.100616 0.676461 0.0629408 0.0608206
0 0.294945 0.676481 0.118532 0.110271
0 0.0872836 0.979057 0.0223829 0.0218569
