0 0.112027 0.460041 0.136467 0.102449
0 0.525836 0.522773 0.0948163 0.0730176
0 0.0661004 0.270392 0.101357 0.0782713
0 0.263717 0.614404 0.152346 0.11805
0 0.745141 0.843619 0.0805018 0.0601847
0 0.384802 0.354815 0.0556404 0.0419185
0 0.134971 0.786432 0.0490814 0.0364074
0 0.438814 0.560703 0.0672983 0.053166
0 0.421912 0.738257 0.103387 0.0765716
0 0.648259 0.408854 0.0512247 0.0371809
0 0.238683 0.767854 0.0506343 0.0391558
0 0.820836 0.527609 0.0447388 0.0342072
0 0.168356 0.349497 0.155937 0.122763
0 0.16386 0.868562 0.0543607 0.0387253
0 0.931108 0.225864 0.1304 0.10598
0 0.783574 0.891295 0.0341969 0.0255447
0 0.53783 0.856256 0.0455082 0.031353
0 0.0181135 0.141388 0.0359395 0.0477404
0 0.0187517 0.670823 0.0375033 0.0392653
0 0.155792 0.584713 0.142187 0.107466
0 0.647987 0.20394 0.0338188 0.0253522
0 0.936871 0.966566 0.069973 0.0544617
0 0.383981 0.0210352 0.0329498 0.0247196
0 0.322175 0.91025 0.458918 0.178873
0 0.508944 0.413106 0.0428021 0.032983
0 0.598418 0.427532 0.0405397 0.0304565
0 0.244061 0.0777894 0.0481869 0.0371736
0 0.363021 0.802603 0.0642208 0.0482019
0 0.918845 0.864212 0.159337 0.152326
0 0.605607 0.248422 0.0334288 0.0253033
0 0.507528 0.0176641 0.0337748 0.0267584
0 0.13814 0.737801 0.0693645 0.0497952
0 0.359106 0.593947 0.113118 0.0842318
0 0.249117 0.367885 0.032459 0.0256073
0 0.468064 0.383339 0.0422224 0.0313447
0 0.553162 0.420274 0.0444464 0.0331883
0 0.991909 0.609458 0.0161827 0.050899
0 0.515187 0.765872 0.117793 0.0928459
