0 0.0575948 0.455147 0.114989 0.129744
0 0.124625 0.756137 0.0596634 0.0588972
0 0.0765743 0.13957 0.0430489 0.0417972
0 0.286488 0.349444 0.0330173 0.0326685
0 0.559897 0.834244 0.0394563 0.039064
0 0.618922 0.136852 0.041649 0.0408792
0 0.641095 0.956307 0.0404305 0.0399496
0 0.0869885 0.102734 0.0302607 0.0301095
0 0.21774 0.108257 0.0281017 0.0279447
0 0.105162 0.306586 0.0309338 0.0306106
0 0.649035 0.525515 0.0301079 0.0299374
0 0.71642 0.967139 0.0305767 0.0291832
0 0.676175 0.0516965 0.0316273 0.0298049
0 0.318096 0.964962 0.0296523 0.0280775
0 0.597234 0.103795 0.0320933 0.0317627
0 0.607734 0.488919 0.0275705 0.0271152
0 0.280481 0.192444 0.0282141 0.0269813
0 0.122628 0.258286 0.0293748 0.0295333
0 0.549935 0.0969139 0.0245049 0.0238266
0 0.608654 0.800577 0.0365186 0.0363644
0 0.688214 0.0310175 0.0280713 0.0256642
0 0.667519 0.00654197 0.0322685 0.0130839
0 0.570971 0.0849332 0.0247923 0.0244248
0 0.492879 0.658487 0.0936317 0.0908283
0 0.745201 0.108664 0.0246899 0.0242853
0 0.680658 0.0150059 0.0268663 0.0237177
0 0.540659 0.721932 0.0841801 0.0838087
0 0.364599 0.610253 0.0243593 0.0235642
0 0.866177 0.290604 0.0323688 0.0315182
0 0.342368 0.95274 0.0351112 0.0341904
0 0.0378154 0.135839 0.0224711 0.0224338
0 0.607251 0.0552884 0.0234656 0.0234482
0 0.441813 0.959915 0.0482549 0.0444038
0 0.367743 0.533933 0.0293538 0.0281542
