0 0.831991 0.692346 0.0440861 0.0420211
0 0.517331 0.582615 0.0604219 0.0591877
0 0.514617 0.864604 0.0374455 0.0354763
0 0.349545 0.68172 0.0317642 0.0307293
0 0.982356 0.829103 0.0352891 0.0730537
0 0.614866 0.493313 0.0297655 0.0290827
0 0.551345 0.562823 0.0303339 0.029744
0 0.115124 0.400835 0.0330269 0.0302733
0 0.085961 0.027658 0.102347 0.0553159
0 0.788559 0.285464 0.422883 0.532952
0 0.00917555 0.342198 0.0182879 0.0370763
0 0.777987 0.495559 0.0301458 0.028491
0 0.845756 0.358306 0.0267498 0.0261799
0 0.739096 0.674362 0.0413166 0.0394893
0 0.289506 0.609409 0.0282486 0.0274939
0 0.537745 0.52765 0.0276155 0.0273394
0 0.575758 0.551419 0.0267187 0.02593
