0 0.828974 0.740572 0.051897 0.0435766
0 0.321967 0.475928 0.223203 0.189598
0 0.11088 0.880334 0.101961 0.0917835
0 0.524292 0.535608 0.085207 0.0658611
0 0.534466 0.166429 0.139465 0.10923
0 0.908349 0.923012 0.0356983 0.0297836
0 0.192618 0.718304 0.168255 0.153665
0 0.344954 0.362396 0.0518174 0.0434121
0 0.423373 0.384248 0.114226 0.101722
0 0.145829 0.78041 0.120142 0.103857
0 0.95901 0.107689 0.0819807 0.0913636
0 0.30307 0.588085 0.0364017 0.0300362
0 0.842675 0.0781718 0.0348972 0.0292181
0 0.66828 0.8886 0.0306413 0.0269428
0 0.607034 0.965772 0.110163 0.0679977
0 0.231407 0.916281 0.0348943 0.0306076
0 0.724055 0.763943 0.0330016 0.028908
0 0.0640631 0.918965 0.0357799 0.0293472
0 0.991991 0.978684 0.0160177 0.0422983
0 0.106888 0.594163 0.0824595 0.0648984
0 0.949702 0.552792 0.061734 0.0493262
0 0.864913 0.520065 0.0282476 0.0239826
0 0.884642 0.688518 0.112109 0.0829269
0 0.777007 0.943904 0.0779906 0.0668316
0 0.301833 0.781348 0.100769 0.0888403
0 0.731777 0.650662 0.0297333 0.0266134
0 0.876949 0.895662 0.0691673 0.056019
0 0.202868 0.857412 0.118384 0.107396
0 0.25721 0.215152 0.115886 0.0965913
0 0.27377 0.709697 0.101907 0.0914852
0 0.00602799 0.430796 0.012056 0.0269114
