0 0.494187 0.0632773 0.0839785 0.0655394
0 0.714563 0.465133 0.0661194 0.0510363
0 0.662882 0.750962 0.0714532 0.0546692
0 0.155071 0.899512 0.154926 0.116084
0 0.531613 0.0371696 0.0439671 0.0337357
0 0.645033 0.292105 0.0478109 0.0378173
0 0.424929 0.164269 0.103003 0.0812866
0 0.407119 0.538218 0.0550528 0.0436401
0 0.574067 0.10561 0.0389053 0.0295138
0 0.442243 0.486225 0.0795895 0.0629847
0 0.285532 0.260313 0.0649691 0.0547583
0 0.610653 0.137237 0.0365116 0.0290411
0 0.128303 0.793607 0.0643017 0.0488499
0 0.200139 0.449568 0.0778134 0.0641425
0 0.352946 0.309041 0.0325471 0.0270042
0 0.447206 0.355852 0.0391415 0.0302752
0 0.619244 0.426149 0.083839 0.0643198
0 0.0405246 0.940351 0.0810493 0.0687347
0 0.163431 0.285492 0.234714 0.206379
0 0.612306 0.506117 0.076207 0.0572564
0 0.297345 0.551935 0.0355272 0.0299754
0 0.414087 0.432392 0.0549846 0.0421534
0 0.34136 0.523116 0.0694887 0.055238
0 0.550686 0.410758 0.113296 0.0901842
0 0.119677 0.360654 0.128658 0.11715
0 0.389578 0.507739 0.0430341 0.0353312
0 0.367696 0.259969 0.101165 0.0811128
0 0.113715 0.967446 0.0552202 0.0437359
0 0.578825 0.461899 0.0666862 0.0475661
0 0.0191085 0.811651 0.0351826 0.0277351
0 0.285714 0.527196 0.0475126 0.0391256
0 0.578736 0.654801 0.0340542 0.0261869
0 0.302766 0.17578 0.14524 0.115293
0 0.517361 0.51717 0.0327948 0.0257002
0 0.250553 0.405021 0.0503164 0.0428098
0 0.660992 0.0871549 0.0634089 0.0491666
0 0.509017 0.297006 0.0445624 0.0352882
0 0.402058 0.336053 0.05917 0.0455681
0 0.337808 0.464051 0.11326 0.0881773
0 0.538193 0.900662 0.0286901 0.0237991
0 0.894417 0.940199 0.03109 0.024914
0 0.725528 0.0214038 0.0977592 0.0424731
0 0.167214 0.118871 0.0499113 0.0424927
0 0.0257477 0.109854 0.0514954 0.172296
0 0.334531 0.759891 0.0540074 0.0439386
0 0.100229 0.557773 0.14657 0.130868
0 0.295753 0.400032 0.0456889 0.0365078
0 0.353279 0.889214 0.13837 0.114316
0 0.20993 0.989577 0.0296768 0.0202091
0 0.471511 0.411906 0.065312 0.0556247
0 0.106348 0.650308 0.0287746 0.02377
0 0.0348869 0.319606 0.0697737 0.0799376
0 0.498465 0.123037 0.112948 0.0849062
0 0.489487 0.222444 0.139503 0.108001
