0 0.611878 0.538921 0.48988 0.35089
0 0.756935 0.100623 0.181786 0.125887
0 0.195904 0.575023 0.0759869 0.0534283
0 0.0525467 0.0423382 0.0523292 0.0366453
0 0.311533 0.360557 0.0414964 0.0299521
0 0.0213619 0.484453 0.040355 0.0330255
0 0.545317 0.0887314 0.0401949 0.0303788
0 0.413754 0.285848 0.0731059 0.0526893
0 0.769506 0.775827 0.222301 0.17263
0 0.449383 0.0132796 0.0350527 0.0263032
0 0.974404 0.499571 0.0323837 0.025502
0 0.790326 0.0386237 0.0406006 0.0314317
0 0.395453 0.0647958 0.0355756 0.0264826
0 0.987878 0.188637 0.024244 0.0680865
0 0.126165 0.120038 0.0351959 0.0256379
0 0.0168352 0.145206 0.0311956 0.0242837
0 0.214211 0.448645 0.0369047 0.0251073
0 0.623247 0.0293248 0.0454659 0.0352823
0 0.712101 0.0432974 0.0520323 0.041364
0 0.753943 0.915776 0.0337164 0.0253107
0 0.496777 0.934545 0.0293823 0.0227892
0 0.722961 0.0085196 0.0402386 0.0168602
