0 0.303265 0.406619 0.221808 0.213089
0 0.410265 0.824364 0.297238 0.288089
0 0.100934 0.792304 0.108645 0.104327
0 0.0925065 0.683072 0.0524276 0.0501269
0 0.140606 0.0317153 0.07085 0.0633817
0 0.212968 0.894707 0.0649854 0.0616322
0 0.118169 0.436925 0.0947592 0.0870574
0 0.751441 0.927596 0.0507013 0.0495132
0 0.77839 0.684027 0.0493261 0.0460055
0 0.451402 0.592966 0.17396 0.155934
0 0.703275 0.968732 0.0445551 0.0425983
0 0.137288 0.906158 0.0611006 0.0584644
0 0.0378126 0.878496 0.0363002 0.0356537
0 0.553676 0.427874 0.037488 0.0346827
0 0.265088 0.880066 0.0485301 0.0457859
0 0.255356 0.968737 0.0335849 0.033053
0 0.75527 0.361506 0.030677 0.0288382
0 0.173302 0.621449 0.0407549 0.0398609
0 0.808775 0.18725 0.0465319 0.0462994
0 0.200754 0.466751 0.0372908 0.0350161
0 0.0603636 0.947907 0.113854 0.103013
0 0.160412 0.724751 0.0424985 0.0407386
0 0.071306 0.559788 0.0501017 0.0490802
0 0.329196 0.0135618 0.0281943 0.0265676
0 0.463078 0.990289 0.0498898 0.0194212
0 0.016007 0.617414 0.0286616 0.0287988
0 0.195838 0.706638 0.086764 0.0812374
0 0.202463 0.0131769 0.105002 0.0261609
0 0.583504 0.0100029 0.0322885 0.0199735
0 0.195226 0.296489 0.0491026 0.0463006
0 0.834661 0.119119 0.0281107 0.0268909
0 0.524037 0.49808 0.0345597 0.0330051
0 0.10399 0.9544 0.166217 0.0912004
0 0.649101 0.412766 0.0393276 0.0364923
0 0.0549874 0.150851 0.0308949 0.0287285
0 0.498123 0.30992 0.0332685 0.0326237
0 0.562195 0.211386 0.0321008 0.0309386
0 0.28611 0.694377 0.107676 0.101945
0 0.663585 0.129048 0.145925 0.143801
0 0.567765 0.0808119 0.0251568 0.0248025
0 0.15951 0.568495 0.0277993 0.0291172
0 0.339167 0.25593 0.101842 0.0975801
0 0.874855 0.463333 0.107183 0.10495
0 0.724608 0.010768 0.0251846 0.0213698
0 0.0767799 0.59735 0.0360915 0.0347612
0 0.102427 0.636633 0.0342438 0.0334819
0 0.191213 0.931518 0.0256575 0.023518
