0 0.137429 0.596255 0.053434 0.0475967
0 0.238064 0.861343 0.062279 0.0502357
0 0.692637 0.123755 0.0437954 0.0365052
0 0.853542 0.760354 0.0667847 0.0575582
0 0.284909 0.980566 0.0455428 0.0365309
0 0.189617 0.194453 0.0479329 0.0415707
0 0.921282 0.368391 0.0461586 0.036224
0 0.159733 0.906564 0.0505173 0.0413601
0 0.448989 0.834329 0.0445927 0.0357952
0 0.339369 0.152616 0.0366078 0.0314088
0 0.290586 0.634219 0.0566131 0.0499612
0 0.780673 0.479637 0.105971 0.0882032
0 0.9031 0.549463 0.1938 0.226324
0 0.752211 0.857644 0.0352686 0.0285427
0 0.156824 0.872693 0.0431658 0.0364994
0 0.367645 0.447351 0.175058 0.159369
0 0.881007 0.0424681 0.0460455 0.0388262
0 0.526018 0.117635 0.0305021 0.0259347
0 0.285532 0.880832 0.0331498 0.0277245
0 0.401231 0.985829 0.0660928 0.0278082
0 0.0818192 0.00576155 0.033809 0.0115231
0 0.034541 0.0105988 0.0550915 0.0211975
0 0.71072 0.612986 0.0350828 0.0301419
0 0.876997 0.367747 0.0304592 0.0261971
0 0.107036 0.571801 0.0281189 0.0236547
0 0.873244 0.622692 0.096991 0.0793935
0 0.643995 0.549685 0.0360916 0.0290463
0 0.75255 0.465548 0.0752624 0.0669685
0 0.00584243 0.272521 0.0116849 0.0327755
0 0.281527 0.662174 0.0332999 0.0259915
0 0.690285 0.768744 0.104512 0.0822686
0 0.25872 0.083112 0.0270744 0.0254929
0 0.249801 0.312897 0.0341687 0.032086
