0 0.140723 0.241162 0.0492698 0.0476931
0 0.396486 0.599173 0.050397 0.0493401
0 0.308648 0.639419 0.0397903 0.0379073
0 0.897574 0.565058 0.0305107 0.0301674
0 0.168963 0.344689 0.0323607 0.03175
0 0.196516 0.356386 0.0431846 0.0421198
0 0.318101 0.255808 0.0371974 0.0364724
0 0.959318 0.767911 0.0284288 0.0268351
0 0.0991267 0.456602 0.0268874 0.0271013
0 0.408518 0.720894 0.0337649 0.0299837
0 0.220724 0.500601 0.0343776 0.0321396
0 0.591227 0.558124 0.030302 0.0299682
0 0.273606 0.36236 0.0310694 0.0299426
0 0.255969 0.444914 0.0923574 0.0891275
0 0.88619 0.623623 0.0653511 0.0647011
0 0.178738 0.315259 0.0274584 0.0264125
0 0.36839 0.174634 0.051948 0.0513375
0 0.0314815 0.114827 0.0263279 0.0249824
0 0.211662 0.474505 0.0292544 0.0282195
0 0.863368 0.727715 0.0297901 0.0281929
0 0.00834835 0.155256 0.0166967 0.0411228
