0 0.89983 0.187128 0.0925699 0.0882484
0 0.128685 0.198071 0.0690428 0.067072
0 0.26842 0.408882 0.0812115 0.0787396
0 0.213182 0.854304 0.226889 0.21739
0 0.337104 0.243479 0.0448737 0.0439518
0 0.143278 0.0811492 0.0606479 0.0596132
0 0.273971 0.277242 0.0422328 0.0409716
0 0.101212 0.245039 0.0462394 0.0435636
0 0.166158 0.683536 0.0475162 0.0456043
0 0.815207 0.207963 0.0554399 0.0521032
0 0.454154 0.338557 0.0413883 0.0399852
0 0.0473967 0.442697 0.0434012 0.0405058
0 0.907747 0.299932 0.0563061 0.0532462
0 0.337797 0.635534 0.0774313 0.0747838
0 0.333217 0.707583 0.0371141 0.0369122
0 0.549493 0.934865 0.0356924 0.0342003
0 0.101051 0.361522 0.131833 0.125858
0 0.586043 0.465537 0.0321806 0.0318214
0 0.840539 0.24279 0.0581646 0.0565691
0 0.508362 0.0551839 0.034742 0.0333106
0 0.0720979 0.597946 0.0327281 0.0318607
0 0.808046 0.68104 0.0440681 0.0423237
0 0.523745 0.43305 0.0363813 0.0356651
0 0.84528 0.49602 0.0399511 0.037727
0 0.984784 0.544804 0.0304312 0.0409582
0 0.126594 0.547471 0.0642557 0.0610827
0 0.903427 0.822883 0.193145 0.275868
0 0.988431 0.488768 0.0231386 0.0493185
0 0.23896 0.935771 0.0482036 0.0473215
0 0.497132 0.869483 0.0317732 0.0307816
0 0.538451 0.553383 0.0285416 0.0273423
0 0.868113 0.0329855 0.108698 0.0655569
0 0.232894 0.173072 0.0472649 0.0459427
0 0.934645 0.968707 0.0321465 0.0288227
0 0.498628 0.35246 0.052522 0.0478811
0 0.556233 0.656935 0.0273156 0.0261381
0 0.985548 0.743194 0.0289032 0.0354557
0 0.50676 0.724581 0.0422113 0.041313
0 0.109302 0.721254 0.0283057 0.0270262
0 0.756907 0.527831 0.0306929 0.029285
0 0.740572 0.979495 0.0795729 0.0408279
0 0.0676177 0.487338 0.0313853 0.0297171
0 0.338134 0.79099 0.0378417 0.0361177
0 0.489266 0.559995 0.0310973 0.0300354
0 0.0945508 0.741184 0.0298422 0.0284224
0 0.704843 0.969879 0.0537916 0.0515003
0 0.087828 0.859329 0.0656182 0.0629021
0 0.636455 0.625962 0.03509 0.0337934
0 0.05822 0.901658 0.0284493 0.0268522
0 0.215809 0.0913677 0.0301188 0.0296756
0 0.166854 0.613976 0.026219 0.0252331
0 0.213763 0.785854 0.0276778 0.0274765
0 0.888521 0.697745 0.0292088 0.0282289
0 0.136425 0.490123 0.0390804 0.0371087
0 0.17921 0.442372 0.02859 0.0277086
0 0.0513695 0.540112 0.0295968 0.0288855
0 0.198242 0.656709 0.030925 0.0322586
0 0.791395 0.583291 0.0353092 0.0336098
0 0.522293 0.885606 0.0266545 0.0243206
0 0.409878 0.307372 0.0275533 0.0282531
0 0.192685 0.0791457 0.0280963 0.027657
0 0.963004 0.987192 0.0468573 0.0256151
0 0.255781 0.100497 0.0288832 0.0274423
0 0.00619351 0.938414 0.0122299 0.0517906
