0 0.353704 0.892463 0.0566083 0.0452738
0 0.281382 0.652621 0.0427225 0.0359252
0 0.309096 0.828511 0.045144 0.0373997
0 0.415697 0.982701 0.0639459 0.0333469
0 0.342733 0.753721 0.0423196 0.0344809
0 0.92936 0.984336 0.0297644 0.0280075
0 0.266488 0.686106 0.0348148 0.0303562
0 0.368403 0.856597 0.0381451 0.0308775
0 0.410854 0.87313 0.0335132 0.0273787
0 0.845216 0.297848 0.0326092 0.0273734
0 0.744526 0.00568476 0.0519594 0.0113695
0 0.101652 0.943395 0.0374348 0.0293915
0 0.316436 0.779271 0.033053 0.0273873
0 0.250177 0.836203 0.0330594 0.0275963
0 0.200446 0.577269 0.0330305 0.0271644
0 0.068834 0.0363318 0.0321237 0.0259134
