0 0.380857 0.0206941 0.0551376 0.0413882
0 0.366437 0.806218 0.0450551 0.0432711
0 0.764824 0.924153 0.0408728 0.0389399
0 0.303756 0.1171 0.0415066 0.039394
0 0.126534 0.400747 0.0457399 0.0441595
0 0.254418 0.721024 0.0534444 0.0505148
0 0.802254 0.84014 0.0375744 0.0349728
0 0.844484 0.650752 0.0408936 0.0375631
0 0.5434 0.35881 0.0375902 0.0363005
0 0.19398 0.7827 0.0393699 0.0372144
0 0.656698 0.887034 0.0390704 0.0360649
0 0.894666 0.359977 0.0331345 0.0302603
0 0.836726 0.88427 0.0444839 0.0417805
0 0.877425 0.461595 0.0379604 0.0351713
0 0.459538 0.0299698 0.0665594 0.0593519
0 0.025833 0.480985 0.0408037 0.0391277
0 0.138084 0.685801 0.0348927 0.0341196
0 0.938456 0.505282 0.0327282 0.0311521
0 0.0660002 0.391473 0.0403682 0.0387199
0 0.210737 0.354911 0.051609 0.0491777
0 0.936001 0.799001 0.0587227 0.0555677
0 0.632133 0.96697 0.0273811 0.0254101
0 0.697026 0.891871 0.0299888 0.0296246
0 0.568929 0.315704 0.0476763 0.0457281
0 0.0349246 0.729658 0.0619826 0.059878
0 0.150474 0.226045 0.0290548 0.0287864
0 0.102646 0.733076 0.0611183 0.058186
0 0.845194 0.412535 0.0650753 0.0587354
0 0.0998927 0.237164 0.0350222 0.0339408
0 0.3589 0.933694 0.0383484 0.0363853
0 0.977284 0.339847 0.0297829 0.0275211
0 0.753165 0.99201 0.0332794 0.0159798
0 0.843535 0.17945 0.148933 0.128762
0 0.0809381 0.134702 0.0329321 0.0321241
0 0.428532 0.00562864 0.041342 0.0112573
0 0.590043 0.344667 0.0577389 0.0545062
0 0.564975 0.206834 0.0443211 0.0415424
0 0.0841008 0.0617641 0.0392537 0.0367884
0 0.0192902 0.533307 0.0311108 0.0315981
0 0.568584 0.859271 0.0301851 0.0291172
0 0.0795985 0.100547 0.0289823 0.0277231
0 0.944724 0.206947 0.0301479 0.0277063
0 0.465058 0.852199 0.0289295 0.0271803
0 0.267928 0.852303 0.0436261 0.042498
0 0.79109 0.595185 0.0247904 0.0234044
0 0.0424136 0.155217 0.0262275 0.0263064
0 0.208011 0.853636 0.0268118 0.0261517
