0 0.751062 0.931947 0.121975 0.118779
0 0.529134 0.677397 0.0972006 0.0960257
0 0.769468 0.705915 0.0431576 0.041889
0 0.68543 0.856787 0.0401582 0.0393051
0 0.691502 0.720359 0.0429867 0.041343
0 0.86864 0.117032 0.0432547 0.0424446
0 0.563716 0.465907 0.0371248 0.0343458
0 0.749113 0.464044 0.0337873 0.0325871
0 0.791023 0.842472 0.0574344 0.0561348
0 0.746717 0.86704 0.0409545 0.0394394
0 0.835071 0.19262 0.03536 0.0343443
0 0.867443 0.809531 0.0364853 0.0339535
0 0.654121 0.502372 0.0397594 0.0379791
0 0.610983 0.46109 0.0281736 0.0278358
0 0.939125 0.764374 0.0322987 0.0307593
0 0.615785 0.898104 0.0417128 0.0404556
0 0.71172 0.528502 0.0356334 0.0333763
0 0.815845 0.657264 0.0436638 0.0413967
0 0.903605 0.0375789 0.0284496 0.0274302
0 0.167168 0.40486 0.0284366 0.0284199
0 0.0735311 0.508537 0.0301048 0.0302501
0 0.658504 0.700115 0.0322051 0.0306049
0 0.91167 0.597388 0.0455429 0.0440999
0 0.703274 0.468415 0.0273703 0.0260536
0 0.80748 0.874533 0.034747 0.0323236
0 0.694548 0.511442 0.0306505 0.0291609
0 0.677238 0.254082 0.0266842 0.0253715
0 0.142488 0.103699 0.027739 0.0272116
0 0.704988 0.763135 0.0263271 0.0259877
0 0.681687 0.495435 0.0299754 0.0298658
