0 0.820582 0.857177 0.326338 0.285633
0 0.379927 0.142399 0.044396 0.0425765
0 0.264554 0.112821 0.0390454 0.0386103
0 0.196318 0.210896 0.037011 0.0362273
0 0.274485 0.668171 0.0578747 0.0570297
0 0.807374 0.504412 0.0459751 0.0439642
0 0.405308 0.820952 0.0472179 0.0450079
0 0.114032 0.600539 0.0382968 0.0364901
0 0.0911662 0.284765 0.0252432 0.0253624
0 0.363028 0.242014 0.0292696 0.0286798
0 0.205405 0.528358 0.0411082 0.0401608
0 0.70954 0.386246 0.286617 0.27237
0 0.275267 0.797727 0.226195 0.219624
0 0.980675 0.116486 0.0263201 0.025999
0 0.436859 0.70951 0.0709433 0.0682728
0 0.535027 0.939639 0.0653242 0.0631792
0 0.0859218 0.0748808 0.0248795 0.023825
0 0.952017 0.521081 0.0953484 0.0950253
0 0.0460737 0.901284 0.0410848 0.0403986
0 0.478098 0.753085 0.0803721 0.0769955
0 0.180401 0.314532 0.0230933 0.0231334
0 0.673294 0.0432419 0.027087 0.0266923
0 0.606438 0.803579 0.0290648 0.0277599
0 0.501156 0.53413 0.052268 0.0506237
0 0.551022 0.983555 0.0865518 0.0328897
0 0.775308 0.16666 0.0766802 0.0717949
0 0.302693 0.914841 0.42588 0.170317
0 0.147754 0.565198 0.293591 0.379479
0 0.495242 0.45367 0.026347 0.0253059
0 0.8136 0.323592 0.101094 0.0937569
0 0.187496 0.620245 0.114424 0.11091
