0 0.113292 0.323833 0.0738254 0.0719974
0 0.669533 0.624621 0.0761303 0.0703894
0 0.53278 0.133664 0.0594499 0.0580248
0 0.892556 0.288749 0.0420921 0.0403328
0 0.071051 0.545002 0.0391408 0.0384393
0 0.53154 0.399331 0.0329947 0.0318412
0 0.963856 0.879001 0.0373196 0.034166
0 0.0231507 0.240985 0.0297154 0.0293283
0 0.50786 0.699511 0.0300516 0.0275842
0 0.0643179 0.266949 0.0274252 0.0271627
0 0.0747436 0.0829675 0.0254658 0.0251518
0 0.490039 0.476112 0.0278818 0.0264299
0 0.539489 0.859218 0.0278814 0.0265905
0 0.384416 0.699401 0.0305863 0.0294949
