0 0.229666 0.551349 0.0982938 0.0965917
0 0.512265 0.858585 0.0450556 0.0415581
0 0.545305 0.684855 0.0374767 0.0333384
0 0.409159 0.148349 0.0412827 0.0396925
0 0.0595088 0.193352 0.034428 0.0336016
0 0.957164 0.114755 0.0344584 0.0323172
0 0.449753 0.1666 0.0310837 0.0292127
0 0.964261 0.261958 0.0298418 0.0274963
0 0.446598 0.271294 0.0278515 0.026602
0 0.404749 0.481281 0.0347755 0.0328108
0 0.66264 0.431647 0.0329378 0.029616
0 0.348985 0.489002 0.0280011 0.0273727
0 0.0857089 0.165646 0.0322264 0.0322794
0 0.084233 0.714564 0.0462854 0.044734
0 0.0548891 0.481459 0.0251351 0.0246501
0 0.041969 0.650382 0.0271557 0.0273674
0 0.197671 0.780583 0.0404079 0.0373456
0 0.346767 0.237288 0.0275422 0.0261272
