0 0.865589 0.957518 0.062653 0.0621552
0 0.95385 0.225068 0.0576954 0.0550496
0 0.546586 0.917907 0.0406902 0.0408396
0 0.961511 0.671037 0.0393017 0.0382612
0 0.125115 0.30726 0.0507886 0.048746
0 0.940752 0.570672 0.0532455 0.05275
0 0.214947 0.566962 0.0471936 0.0466063
0 0.0294826 0.39737 0.0318277 0.0306146
0 0.22635 0.505894 0.0350193 0.0349108
0 0.651263 0.0719633 0.0521595 0.0519306
0 0.468979 0.633857 0.0424341 0.0409767
0 0.254839 0.75057 0.0413318 0.0415882
0 0.226785 0.131115 0.028667 0.0284517
0 0.15837 0.0241147 0.0284026 0.0267636
0 0.5998 0.827801 0.0370517 0.036763
0 0.203123 0.611893 0.0364082 0.0363638
0 0.0756371 0.702593 0.0468571 0.0449762
0 0.165051 0.85982 0.0396039 0.040432
0 0.881713 0.85064 0.0291918 0.0283407
0 0.0577632 0.988298 0.0269806 0.0234048
0 0.928226 0.983341 0.0411415 0.0333181
0 0.217825 0.918562 0.0315831 0.0316216
0 0.0165427 0.585137 0.0327384 0.0380568
0 0.150119 0.590722 0.0306344 0.0287813
0 0.806019 0.11058 0.0458969 0.0452571
0 0.668106 0.255719 0.028889 0.028625
0 0.85053 0.49053 0.0361233 0.0347839
0 0.992973 0.505588 0.0140535 0.0386339
0 0.116251 0.677647 0.0350522 0.0346918
0 0.148824 0.696283 0.0319011 0.0326629
0 0.101524 0.869081 0.0326256 0.0328186
0 0.895277 0.749361 0.0576197 0.0554607
0 0.138143 0.781123 0.029661 0.0298125
0 0.511573 0.603085 0.0669087 0.0663945
0 0.37627 0.165629 0.0443401 0.0448215
0 0.115282 0.713179 0.0360709 0.0347025
0 0.886065 0.548705 0.0489828 0.0472925
0 0.609313 0.92235 0.0381485 0.0387093
0 0.889912 0.357152 0.0617464 0.0632233
0 0.8776 0.416169 0.0919895 0.0887826
