0 0.31132 0.38521 0.163937 0.163983
0 0.345224 0.218699 0.0552912 0.0538457
0 0.329163 0.6894 0.0480083 0.0473679
0 0.825031 0.964654 0.0333561 0.0336781
0 0.113953 0.160168 0.0355371 0.0342006
0 0.87479 0.568378 0.0367641 0.0359688
0 0.159662 0.922396 0.0347474 0.0343653
0 0.564797 0.74883 0.0397615 0.0406033
0 0.724587 0.807595 0.0303097 0.0308423
0 0.250412 0.15069 0.0321467 0.0310195
0 0.860199 0.765743 0.0297323 0.0298368
0 0.347919 0.730932 0.0298457 0.0295881
0 0.564858 0.715356 0.0351496 0.0344574
0 0.908956 0.828452 0.0282242 0.0279442
0 0.811302 0.0944269 0.0261499 0.0254363
0 0.39309 0.770303 0.0278258 0.0283461
0 0.949867 0.606754 0.0298725 0.0295176
0 0.0322559 0.905817 0.0442373 0.0436924
0 0.941638 0.365756 0.025643 0.024949
0 0.439575 0.563172 0.0296311 0.0289537
0 0.481803 0.563073 0.0303143 0.0295568
0 0.0411148 0.263567 0.0414026 0.0397246
0 0.646307 0.604528 0.0272808 0.0267422
0 0.210098 0.383719 0.0573577 0.0548642
0 0.182648 0.195834 0.117907 0.115791
0 0.0640875 0.729587 0.0282276 0.0274897
0 0.343042 0.879967 0.0290778 0.0286867
0 0.81339 0.48309 0.0344925 0.0341518
0 0.413858 0.925819 0.0431629 0.0411127
0 0.131481 0.116171 0.0265981 0.0253521
0 0.541189 0.847966 0.302817 0.288941
0 0.594665 0.876377 0.0262473 0.0251787
0 0.352363 0.809021 0.0252528 0.0247183
