0 0.0884508 0.236979 0.1398 0.111897
0 0.416862 0.858313 0.0819606 0.0611515
0 0.119334 0.811331 0.107139 0.0835775
0 0.20454 0.013545 0.0572479 0.02709
0 0.319408 0.405419 0.0510462 0.0403557
0 0.254158 0.363792 0.0473209 0.0373617
0 0.659828 0.589837 0.046558 0.0358708
0 0.951451 0.64306 0.0970974 0.165586
0 0.832705 0.83622 0.0388218 0.0308369
0 0.452675 0.275694 0.0412439 0.0303526
0 0.505837 0.331171 0.0413062 0.0322209
0 0.211223 0.609224 0.0460805 0.0352613
0 0.364053 0.742023 0.0417586 0.0323551
0 0.803631 0.970223 0.0394608 0.0293613
0 0.740095 0.0759626 0.0430909 0.0343901
0 0.598373 0.974963 0.0456169 0.0351765
0 0.493779 0.870681 0.0535297 0.0399443
0 0.932042 0.958246 0.0516405 0.036285
0 0.436276 0.758197 0.0592816 0.0452499
0 0.515765 0.367725 0.0472689 0.0333051
0 0.789613 0.932809 0.0750719 0.0568932
0 0.253849 0.73351 0.0372643 0.0302236
0 0.032317 0.730265 0.0362222 0.0275227
0 0.31135 0.121876 0.0361938 0.0278339
0 0.978541 0.26303 0.0429188 0.0570391
0 0.903876 0.31933 0.0412807 0.0307527
0 0.740092 0.850651 0.0406973 0.0310184
0 0.490586 0.919269 0.0758781 0.058382
0 0.657944 0.916163 0.0414408 0.0318851
0 0.290954 0.632796 0.0548281 0.0405656
0 0.865093 0.348534 0.0385721 0.0279037
0 0.173114 0.514743 0.0350305 0.0272565
0 0.0546447 0.779092 0.0425699 0.0332748
0 0.977453 0.247795 0.0392538 0.031896
