0 0.660004 0.693182 0.0489098 0.0482816
0 0.396971 0.500915 0.047488 0.0467371
0 0.858381 0.133113 0.0718819 0.0695822
0 0.823816 0.245484 0.0455849 0.0444186
0 0.169824 0.212718 0.05898 0.0564884
0 0.36578 0.766405 0.0424571 0.0417508
0 0.199226 0.276052 0.0470962 0.0452571
0 0.968555 0.0965487 0.0347775 0.033716
0 0.713775 0.465911 0.0368938 0.0362263
0 0.724584 0.534841 0.0315601 0.0316954
0 0.678052 0.216191 0.0408711 0.0393526
0 0.161886 0.596325 0.0283257 0.0270853
0 0.743553 0.62978 0.0369035 0.0361456
0 0.319388 0.26253 0.0397996 0.0396033
0 0.685553 0.580586 0.0335707 0.0331791
0 0.644382 0.294112 0.0310553 0.0301991
0 0.632304 0.954773 0.0391915 0.0377316
0 0.310916 0.15504 0.0485106 0.0465949
0 0.602389 0.270609 0.0301205 0.0298629
0 0.657247 0.260385 0.0365993 0.035573
0 0.0605924 0.788373 0.0262671 0.0253794
0 0.543855 0.428201 0.0449167 0.0452257
0 0.736729 0.210186 0.0355768 0.0345652
0 0.870659 0.0905085 0.0270706 0.0264567
0 0.527887 0.457571 0.0380785 0.0382706
0 0.716124 0.234748 0.0352991 0.0343566
0 0.502421 0.800095 0.0358444 0.0342821
0 0.752444 0.947735 0.19916 0.104515
0 0.302792 0.12076 0.0286601 0.0281487
0 0.330443 0.615618 0.0261421 0.0253638
0 0.835624 0.423304 0.0312042 0.0297788
0 0.272267 0.296674 0.0338036 0.0338886
0 0.623961 0.744732 0.0295013 0.0285329
0 0.918466 0.0199779 0.0392845 0.0393274
0 0.794647 0.961183 0.118387 0.0771179
0 0.733882 0.27067 0.0389208 0.0370932
0 0.189712 0.151583 0.0302411 0.028677
0 0.503671 0.0991627 0.261969 0.198288
0 0.905055 0.0781559 0.0398958 0.0382048
0 0.771925 0.220011 0.0309971 0.0303539
0 0.871233 0.717152 0.15741 0.158855
