0 0.599494 0.0621042 0.103536 0.101712
0 0.213938 0.256625 0.0389181 0.038411
0 0.152576 0.294183 0.0498163 0.0488309
0 0.885469 0.120019 0.0327423 0.0323735
0 0.928293 0.359976 0.0395754 0.0383556
0 0.413851 0.266669 0.0360825 0.0355112
0 0.0472328 0.121088 0.0670424 0.0665828
0 0.0749876 0.594077 0.0541355 0.0531987
0 0.506555 0.317795 0.0464399 0.0447968
0 0.0981073 0.652108 0.0437243 0.0422009
0 0.0333036 0.363706 0.0355388 0.035261
0 0.456655 0.330122 0.0389025 0.0388133
0 0.888456 0.40382 0.0356394 0.0350269
0 0.425655 0.359289 0.0374175 0.0360178
0 0.0176739 0.0149269 0.0334969 0.0298537
0 0.632678 0.110571 0.0366816 0.0341257
0 0.126886 0.121581 0.0295364 0.0285265
0 0.0850184 0.351113 0.0393342 0.0379129
0 0.435277 0.692924 0.0537506 0.0499742
0 0.218707 0.00948777 0.061174 0.0189179
0 0.102505 0.817093 0.121471 0.121196
0 0.985812 0.823598 0.0283754 0.0330286
0 0.31464 0.331582 0.0412122 0.0397011
0 0.530181 0.0255587 0.0806227 0.0510458
0 0.656086 0.0627119 0.0536634 0.050483
0 0.496279 0.393797 0.0270754 0.0269579
0 0.934939 0.770679 0.0424183 0.0409179
0 0.698903 0.829551 0.0322296 0.0314829
0 0.344345 0.407585 0.0760711 0.0707494
0 0.696872 0.332382 0.0284067 0.0278672
0 0.949841 0.242835 0.0273403 0.0275799
0 0.538328 0.925591 0.0278032 0.0273064
0 0.959184 0.171281 0.0352901 0.0327667
0 0.357263 0.412049 0.0522532 0.0521104
0 0.839046 0.633559 0.0292793 0.0287224
0 0.863646 0.203529 0.0317215 0.0305985
0 0.717625 0.295145 0.0295851 0.0284216
0 0.930117 0.721443 0.0293579 0.0283326
0 0.272723 0.214724 0.0276638 0.0275933
0 0.384321 0.346574 0.0336564 0.0327735
0 0.957123 0.0952868 0.0275553 0.0270351
0 0.922581 0.212853 0.0472412 0.0454598
0 0.396658 0.90327 0.0434528 0.0414497
0 0.405994 0.0183425 0.0929884 0.0365168
0 0.242299 0.373364 0.0351262 0.0349991
0 0.6464 0.504429 0.201519 0.210792
0 0.320491 0.362608 0.0338413 0.0319722
0 0.182028 0.806009 0.0313663 0.0307653
0 0.664163 0.177444 0.0424821 0.0406125
0 0.876899 0.367884 0.0269785 0.0263178
0 0.836581 0.391918 0.0438929 0.0411348
0 0.703667 0.689923 0.0319972 0.0312384
0 0.523506 0.370053 0.0453051 0.0430421
0 0.252977 0.798925 0.305631 0.301324
0 0.573092 0.342764 0.0464129 0.0457319
0 0.466988 0.371732 0.0489171 0.0452223
0 0.472967 0.012944 0.0366003 0.0255518
0 0.955232 0.572187 0.0891705 0.18603
