0 0.181929 0.262169 0.17403 0.153985
0 0.603294 0.0898758 0.093296 0.0834336
0 0.0650237 0.571515 0.064425 0.0555719
0 0.38023 0.184765 0.0639921 0.0550493
0 0.463688 0.114175 0.12007 0.107781
0 0.959751 0.93067 0.0800741 0.131004
0 0.709504 0.333493 0.0355806 0.031975
0 0.50285 0.0402182 0.102846 0.0804365
0 0.664429 0.984555 0.0464157 0.0308905
0 0.399122 0.125045 0.0914128 0.0808948
0 0.98845 0.707153 0.0229618 0.068601
0 0.378366 0.370132 0.12332 0.114941
0 0.49417 0.891014 0.0395027 0.0347292
0 0.152391 0.622905 0.0365566 0.0293322
0 0.316778 0.336688 0.0481568 0.0393235
0 0.494883 0.628006 0.0291105 0.025055
0 0.335727 0.148968 0.0398649 0.0322101
0 0.291534 0.250385 0.0539181 0.0474836
0 0.105792 0.637182 0.0396226 0.0325808
0 0.954541 0.563145 0.0316616 0.0263803
0 0.299246 0.102622 0.0325057 0.0286037
0 0.874842 0.159886 0.0683949 0.0575699
0 0.487568 0.37477 0.0288078 0.024972
0 0.177803 0.854326 0.0285118 0.0240231
0 0.987671 0.853128 0.0246576 0.0253284
0 0.90035 0.167818 0.0270172 0.0241665
0 0.0941456 0.391996 0.0274647 0.0242125
0 0.758574 0.321361 0.0296829 0.0254342
0 0.827214 0.888554 0.032637 0.0296568
0 0.958596 0.584585 0.0366577 0.0306992
0 0.370909 0.932487 0.0502166 0.0438211
