0 0.659343 0.294124 0.0735283 0.0646542
0 0.907591 0.674366 0.18467 0.201176
0 0.560872 0.905826 0.0734793 0.0598696
0 0.601391 0.959404 0.124929 0.0805931
0 0.174649 0.0754179 0.0841234 0.0682455
0 0.431966 0.404976 0.396776 0.340879
0 0.322966 0.362007 0.0372818 0.0337132
0 0.0274352 0.86614 0.0542954 0.0466539
0 0.381347 0.361163 0.0447586 0.0388255
0 0.58909 0.0391515 0.134136 0.0779871
0 0.42607 0.169092 0.164298 0.144604
0 0.441447 0.341946 0.0557188 0.0489929
0 0.647683 0.772003 0.0818573 0.0702858
0 0.251229 0.6006 0.0410154 0.0377563
0 0.388263 0.795127 0.0359948 0.0321541
0 0.43429 0.753658 0.0360754 0.0336318
0 0.685114 0.49107 0.0436382 0.039879
0 0.287084 0.988774 0.0523069 0.0224529
0 0.685311 0.714055 0.0453869 0.0402903
0 0.815117 0.418153 0.0417881 0.0377673
0 0.732222 0.281875 0.0367589 0.029903
0 0.54023 0.742844 0.0280506 0.0249891
0 0.467039 0.401492 0.0327398 0.0297446
0 0.105427 0.469362 0.0313551 0.0266754
0 0.549342 0.216632 0.0893942 0.078778
0 0.286489 0.585429 0.0395283 0.0355686
0 0.105713 0.678427 0.0390883 0.0356182
0 0.981812 0.316987 0.0363755 0.0734104
0 0.218747 0.346206 0.0334597 0.0299387
0 0.748652 0.951539 0.0314703 0.0277336
0 0.163293 0.424317 0.0540049 0.0484848
0 0.945712 0.0742426 0.0622898 0.0543203
0 0.9076 0.138144 0.0416904 0.0375217
0 0.488978 0.940431 0.10198 0.0806162
0 0.753639 0.253615 0.0311697 0.0267233
0 0.701572 0.672529 0.0369734 0.0331402
0 0.941665 0.203503 0.032159 0.0272283
0 0.501057 0.73852 0.0428793 0.0384569
0 0.239476 0.547598 0.177726 0.157574
0 0.418365 0.363998 0.0348516 0.0306262
0 0.333811 0.0388809 0.03813 0.0351675
0 0.175381 0.840056 0.108209 0.0967836
0 0.376021 0.899908 0.032731 0.0294065
