0 0.158926 0.500818 0.239669 0.188005
0 0.671411 0.578268 0.23072 0.179726
0 0.81404 0.95636 0.0630541 0.0479176
0 0.475459 0.115851 0.0693129 0.0479448
0 0.26998 0.317121 0.0513586 0.0371213
0 0.609083 0.824398 0.0768696 0.0593523
0 0.162796 0.374826 0.0465783 0.0362482
0 0.873233 0.454509 0.253535 0.383287
0 0.152961 0.688252 0.0425516 0.0302409
0 0.424578 0.0919675 0.0581867 0.0439087
0 0.461176 0.0395898 0.211627 0.0791796
0 0.408433 0.220322 0.0618315 0.0432727
0 0.0991247 0.862072 0.102084 0.0766785
0 0.358819 0.964363 0.0369933 0.0259878
0 0.63769 0.992102 0.0405574 0.0157957
0 0.45658 0.887666 0.159612 0.117252
0 0.0896539 0.91724 0.179284 0.164538
0 0.112628 0.610106 0.0985421 0.0802576
0 0.592663 0.188137 0.0453038 0.0301277
0 0.914156 0.919718 0.170343 0.147131
0 0.842067 0.822669 0.0337372 0.0262745
0 0.762241 0.837675 0.160465 0.12834
0 0.223476 0.00697463 0.0381675 0.0139493
0 0.321309 0.622877 0.0914718 0.0651264
0 0.51744 0.472674 0.0588491 0.0434189
0 0.361957 0.874583 0.0322701 0.025555
0 0.802396 0.222125 0.0373182 0.0280164
0 0.248289 0.836416 0.04589 0.0340237
0 0.532305 0.604466 0.0363374 0.0255909
0 0.23466 0.724765 0.0342045 0.0245781
0 0.434732 0.459582 0.0372637 0.0286535
0 0.866717 0.75826 0.0315435 0.0249432
