0 0.895584 0.389108 0.193686 0.189547
0 0.176265 0.563012 0.0586653 0.0578003
0 0.321992 0.779635 0.046747 0.0451899
0 0.174684 0.906346 0.0358317 0.0338551
0 0.510105 0.585527 0.0803723 0.0764366
0 0.0179894 0.406251 0.0357035 0.0430856
0 0.541962 0.657436 0.10155 0.0956905
0 0.459146 0.23233 0.0507519 0.0493986
0 0.54855 0.206471 0.0313044 0.0305282
0 0.243549 0.358667 0.0376528 0.0363002
0 0.460602 0.524066 0.039149 0.0366562
0 0.865247 0.587227 0.0672977 0.0672445
0 0.880708 0.392544 0.036174 0.0345683
0 0.839997 0.64962 0.0618933 0.0588319
0 0.287458 0.430774 0.0402915 0.038023
0 0.662734 0.125212 0.0306499 0.029588
0 0.74135 0.271192 0.0310424 0.0306254
0 0.830472 0.262229 0.0330826 0.0322803
0 0.421221 0.576034 0.120208 0.118972
0 0.530653 0.0965934 0.0302402 0.0288569
0 0.246868 0.0850439 0.0326018 0.0312614
0 0.815383 0.300885 0.0335701 0.0321415
0 0.917366 0.498553 0.159115 0.155146
0 0.534315 0.244714 0.0294599 0.0293026
0 0.774531 0.53722 0.0550806 0.0530817
0 0.725719 0.00664332 0.0328754 0.0130608
0 0.461561 0.88039 0.0556306 0.0536261
0 0.525969 0.446652 0.103675 0.0960382
0 0.659808 0.591878 0.0775912 0.0743885
0 0.190098 0.451306 0.034006 0.0320328
0 0.363074 0.644941 0.123451 0.116961
0 0.99016 0.817498 0.0192028 0.0293825
0 0.0779385 0.788046 0.0390135 0.0366741
0 0.0902498 0.851065 0.0935434 0.0817379
0 0.41082 0.199079 0.0282654 0.0271556
