0 0.330203 0.915177 0.0646186 0.0472332
0 0.19953 0.138279 0.103978 0.076935
0 0.754509 0.502731 0.137105 0.107424
0 0.452941 0.575003 0.0605298 0.043756
0 0.736641 0.784551 0.110148 0.0775476
0 0.898858 0.335189 0.100121 0.073341
0 0.0579362 0.669813 0.0854925 0.059651
0 0.209093 0.580482 0.0612136 0.0443844
0 0.490817 0.0570517 0.046203 0.0331408
0 0.904382 0.261955 0.137794 0.0980384
0 0.771409 0.336344 0.0911812 0.0673722
0 0.0992944 0.58351 0.0753735 0.0583776
0 0.415801 0.172307 0.0369317 0.0272351
0 0.280722 0.466157 0.0594993 0.0440481
0 0.42565 0.834075 0.0358171 0.0264814
0 0.613761 0.813451 0.154058 0.121605
0 0.065307 0.861121 0.0314552 0.023653
0 0.799951 0.740045 0.0602574 0.0496634
0 0.50798 0.501136 0.0307232 0.0254377
0 0.489948 0.434414 0.0362411 0.0270712
0 0.0258991 0.692648 0.0517981 0.0454088
0 0.783225 0.576508 0.0574564 0.0411636
0 0.172974 0.174735 0.0290635 0.0220264
0 0.467195 0.290207 0.0564319 0.039359
0 0.712094 0.0162945 0.121187 0.032589
