0 0.96656 0.902897 0.0665401 0.0655563
0 0.930904 0.645256 0.127744 0.0969742
0 0.623945 0.957602 0.106841 0.0822895
0 0.747025 0.0307512 0.0709486 0.0550612
0 0.721192 0.742968 0.103532 0.074148
0 0.535405 0.782279 0.0579851 0.0465134
0 0.53868 0.102608 0.0393698 0.0313432
0 0.95946 0.313889 0.0730084 0.0653761
0 0.954945 0.962732 0.0466845 0.04207
0 0.555894 0.875948 0.0570577 0.0428165
0 0.442364 0.845371 0.0750469 0.0598331
0 0.848509 0.956851 0.0423262 0.0360058
0 0.286439 0.581438 0.0503667 0.0371582
0 0.199736 0.621626 0.0853673 0.0647491
0 0.638666 0.22636 0.0408419 0.0438611
0 0.882508 0.983531 0.063806 0.0327328
0 0.589385 0.842248 0.054649 0.0385199
0 0.591422 0.763145 0.058166 0.0403889
0 0.352741 0.852101 0.0793045 0.0620222
0 0.976074 0.369355 0.047654 0.0476667
0 0.804639 0.0633706 0.0911928 0.0615249
0 0.604973 0.846955 0.0861492 0.0593895
0 0.448983 0.0576745 0.0468936 0.0348729
