0 0.444739 0.582234 0.111851 0.102555
0 0.502934 0.460356 0.042965 0.0379211
0 0.291889 0.442711 0.0502254 0.0474558
0 0.064862 0.721923 0.129724 0.145712
0 0.825964 0.853046 0.037254 0.034708
0 0.540853 0.132998 0.104736 0.0930982
0 0.259951 0.642976 0.0351169 0.0321348
0 0.245873 0.775325 0.0377314 0.0348734
0 0.301993 0.666677 0.0534585 0.0493813
0 0.488426 0.396594 0.0489326 0.0434309
0 0.651986 0.0927516 0.117511 0.103402
0 0.865776 0.880512 0.0307537 0.0302242
0 0.990206 0.345454 0.0195882 0.0418215
0 0.331217 0.756107 0.0402618 0.0375011
0 0.717849 0.899262 0.360872 0.201215
0 0.380195 0.887682 0.0304703 0.0291372
0 0.668852 0.675512 0.0434422 0.0411355
0 0.116839 0.582982 0.0402871 0.0355163
0 0.596371 0.803813 0.0283419 0.0255903
0 0.125804 0.885303 0.250682 0.229394
0 0.35088 0.900304 0.0355221 0.0317947
0 0.0120499 0.636819 0.0240998 0.109999
0 0.688434 0.30597 0.0878953 0.0773523
0 0.516985 0.647151 0.0382092 0.0367335
0 0.431242 0.808483 0.0301102 0.0271505
0 0.31624 0.700621 0.0407212 0.0375291
0 0.0400822 0.396175 0.0555217 0.0482031
0 0.232703 0.442423 0.032557 0.0281668
0 0.0390602 0.592457 0.0280598 0.0278484
0 0.675525 0.553013 0.0506764 0.0477826
0 0.246221 0.111687 0.0933139 0.0802622
0 0.91326 0.801517 0.0490644 0.0466114
0 0.279507 0.409789 0.0601932 0.0460626
0 0.673824 0.942771 0.025983 0.0240583
0 0.147818 0.715732 0.0374408 0.0347792
0 0.39507 0.0636372 0.0504873 0.0447016
0 0.867079 0.18104 0.0432533 0.0385466
0 0.819095 0.214219 0.0331007 0.0301274
0 0.166112 0.0928954 0.039738 0.0357688
0 0.956156 0.751067 0.031164 0.0300063
0 0.707633 0.0347455 0.109557 0.0689026
0 0.0195565 0.336086 0.0348738 0.0334571
0 0.0720826 0.0650023 0.144165 0.129751
0 0.553697 0.664908 0.0289638 0.0274014
