0 0.492316 0.740647 0.315491 0.307502
0 0.15803 0.978278 0.0364813 0.0370548
0 0.195995 0.82443 0.0485352 0.0470251
0 0.751852 0.0175587 0.0680717 0.0346805
0 0.182532 0.248791 0.0365847 0.0349668
0 0.055297 0.703101 0.0718647 0.070222
0 0.913427 0.256323 0.137708 0.129867
0 0.445637 0.406125 0.0355387 0.0349014
0 0.337759 0.411718 0.0318956 0.0312972
0 0.0168698 0.473117 0.0335709 0.0460655
0 0.824001 0.486134 0.0480843 0.0453342
0 0.295683 0.310811 0.0332729 0.0313905
0 0.945699 0.937755 0.0293842 0.0282642
0 0.788932 0.23755 0.0912071 0.0897736
0 0.910329 0.0686049 0.0820026 0.0759824
0 0.800007 0.129811 0.0852705 0.0791379
0 0.597154 0.527583 0.0754246 0.070529
0 0.254005 0.451136 0.0321258 0.0300571
0 0.371187 0.326049 0.031319 0.0295218
0 0.104856 0.0492013 0.151171 0.098378
0 0.871779 0.65419 0.0310287 0.0313698
0 0.032585 0.962483 0.0651104 0.0750334
0 0.162606 0.140745 0.0415347 0.0399425
