0 0.725822 0.198429 0.100266 0.0752741
0 0.291931 0.64007 0.060207 0.04779
0 0.787613 0.616733 0.0705597 0.0510056
0 0.724947 0.362856 0.0408073 0.0300986
0 0.358839 0.011885 0.0505921 0.02377
0 0.592988 0.234958 0.186609 0.160826
0 0.544912 0.76702 0.0635799 0.0440454
0 0.371966 0.489363 0.046441 0.0335426
0 0.922988 0.0805633 0.107327 0.0884537
0 0.614889 0.0828249 0.0508568 0.0376741
0 0.239274 0.502972 0.0473043 0.0356073
0 0.393148 0.0392556 0.0417482 0.0324895
0 0.78547 0.675622 0.0520441 0.0365049
0 0.570292 0.0582635 0.0911478 0.0688319
0 0.80629 0.287533 0.0425816 0.0343796
0 0.689223 0.0874888 0.0357887 0.0298191
0 0.877455 0.724513 0.0511759 0.0384626
0 0.0537258 0.327201 0.0456344 0.0315235
0 0.928585 0.423875 0.0387943 0.0294723
0 0.460205 0.0712881 0.113113 0.0834754
0 0.752755 0.0595834 0.049814 0.0368338
0 0.872341 0.547889 0.078207 0.0546617
0 0.23182 0.0129859 0.0663 0.0259318
0 0.902669 0.293175 0.0569603 0.0438475
0 0.894367 0.432893 0.0367256 0.0289301
0 0.0922545 0.378426 0.0343335 0.0259212
0 0.28348 0.0557839 0.0336101 0.0259294
0 0.908146 0.609762 0.0435818 0.0326938
0 0.852399 0.153083 0.0473597 0.0379773
0 0.240941 0.757903 0.0448474 0.033054
0 0.974232 0.165731 0.0514673 0.0536955
0 0.36118 0.702405 0.0369158 0.0266248
0 0.725927 0.128365 0.0394773 0.0303068
0 0.883826 0.256585 0.0514118 0.0383335
0 0.738668 0.46537 0.0542417 0.0414042
0 0.454508 0.19141 0.144264 0.116635
