0 0.407064 0.859783 0.0823549 0.075806
0 0.321185 0.442495 0.216772 0.1939
0 0.182435 0.927292 0.0484628 0.0453911
0 0.542576 0.873933 0.0566395 0.052599
0 0.402895 0.17999 0.035433 0.0318515
0 0.928053 0.954421 0.0363285 0.0330463
0 0.799157 0.0346349 0.0528931 0.0491833
0 0.256878 0.0339872 0.0403609 0.0379687
0 0.335982 0.624666 0.0566192 0.0507847
0 0.322601 0.956941 0.035473 0.0334286
0 0.893253 0.477617 0.0284618 0.0269012
0 0.0261394 0.367575 0.0518559 0.0468775
0 0.162144 0.450053 0.03382 0.0308187
0 0.659145 0.465742 0.11709 0.116106
0 0.350417 0.0837158 0.0389767 0.0351287
0 0.185593 0.533734 0.0958381 0.0867847
0 0.123631 0.341891 0.0558597 0.0481507
0 0.48835 0.316497 0.515496 0.426667
0 0.36432 0.94161 0.0518174 0.0489534
0 0.967301 0.313748 0.0495785 0.0463856
0 0.65091 0.601209 0.0388136 0.0363441
0 0.137719 0.43335 0.033114 0.027915
0 0.687849 0.956234 0.0254746 0.0240183
0 0.170374 0.471012 0.031895 0.0284866
0 0.482851 0.832654 0.0313864 0.0288908
0 0.0469331 0.520366 0.0400575 0.0341622
0 0.241598 0.922985 0.0752638 0.0711592
0 0.0767801 0.533531 0.028058 0.0260772
0 0.963219 0.396992 0.0735623 0.154727
0 0.37547 0.143507 0.0265388 0.0256397
0 0.132688 0.949204 0.0828193 0.0779823
0 0.550414 0.281589 0.030258 0.0284698
0 0.137994 0.482934 0.0472697 0.0402191
0 0.861612 0.168119 0.276775 0.283365
0 0.168208 0.713038 0.335609 0.403434
0 0.981331 0.131457 0.0373383 0.211215
0 0.072695 0.789449 0.139311 0.133268
0 0.121959 0.722225 0.0271398 0.0243423
