0 0.690499 0.35353 0.247959 0.241698
0 0.739176 0.541316 0.150353 0.145429
0 0.397304 0.161792 0.162403 0.159195
0 0.880321 0.601428 0.0437679 0.0437002
0 0.855103 0.688174 0.102014 0.0996444
0 0.0336748 0.708959 0.0406907 0.0396256
0 0.887205 0.87433 0.0536114 0.0528395
0 0.0737716 0.886627 0.0955176 0.0920631
0 0.72004 0.798427 0.0364418 0.0354197
0 0.723725 0.753447 0.0375329 0.0373446
0 0.0224086 0.357075 0.0448172 0.0527584
0 0.358776 0.235954 0.036372 0.0350935
0 0.644537 0.901314 0.0331425 0.0319931
0 0.381148 0.262143 0.0386039 0.0383262
0 0.800148 0.953651 0.0895534 0.0851582
0 0.970597 0.48726 0.0385897 0.0369305
0 0.941424 0.586342 0.0370596 0.0363235
0 0.141285 0.116142 0.0295499 0.028828
0 0.519142 0.143564 0.0316042 0.0299461
0 0.426681 0.288267 0.0332723 0.0318428
0 0.223883 0.984706 0.0297764 0.0289633
0 0.958086 0.835264 0.0838279 0.177598
0 0.775639 0.904143 0.0339125 0.0336903
0 0.720577 0.92107 0.0371313 0.0365173
0 0.639241 0.550671 0.143235 0.139106
0 0.288502 0.0487948 0.0321915 0.0309902
0 0.855865 0.413743 0.039357 0.0384241
0 0.443237 0.930322 0.036253 0.0347511
0 0.207208 0.440026 0.153791 0.140928
0 0.17188 0.536869 0.0514206 0.0505919
0 0.820586 0.31859 0.031271 0.0309809
0 0.581215 0.370901 0.0866404 0.083978
0 0.155436 0.65204 0.0309191 0.0295391
0 0.206076 0.694423 0.0312601 0.0306408
0 0.964867 0.972768 0.0698978 0.054464
0 0.0841076 0.479044 0.040808 0.0399395
0 0.884497 0.466071 0.0259617 0.0247751
0 0.708441 0.080849 0.157814 0.147872
0 0.480119 0.493765 0.318399 0.279416
0 0.693912 0.0835323 0.0280934 0.0271027
0 0.32265 0.641634 0.0319322 0.0322958
0 0.269746 0.0730338 0.0313406 0.0289623
0 0.86811 0.547679 0.0389904 0.0364911
0 0.550801 0.00820453 0.0360524 0.0164091
0 0.223899 0.548085 0.0280892 0.0282145
0 0.364148 0.608496 0.0837801 0.0821911
0 0.540415 0.660574 0.0314255 0.0312925
0 0.9474 0.711582 0.0749065 0.071047
0 0.781065 0.868995 0.0287262 0.0281586
0 0.834077 0.888527 0.0398632 0.0405535
0 0.375127 0.0874887 0.0448081 0.0422707
0 0.62939 0.043431 0.0291075 0.027792
0 0.179096 0.80129 0.190053 0.186357
0 0.979317 0.230936 0.0254612 0.0247821
0 0.459034 0.267885 0.0733091 0.0730302
0 0.579617 0.91741 0.363193 0.164817
0 0.597872 0.143627 0.387398 0.287254
0 0.819905 0.383863 0.0481834 0.0446083
0 0.918825 0.159656 0.0238277 0.0243661
