0 0.919663 0.86148 0.160388 0.133139
0 0.669188 0.783256 0.140643 0.113751
0 0.887672 0.745481 0.128106 0.101058
0 0.916752 0.578999 0.166495 0.157644
0 0.797401 0.244615 0.0967278 0.0769239
0 0.720032 0.03712 0.120656 0.0737652
0 0.833849 0.326391 0.051399 0.0413974
0 0.692371 0.282887 0.548106 0.471768
0 0.316264 0.7246 0.058094 0.0470169
0 0.951039 0.232547 0.0786264 0.0634413
0 0.95522 0.0781889 0.0588438 0.0467923
0 0.92873 0.0155678 0.0422524 0.029423
0 0.477244 0.896705 0.0570642 0.0449364
0 0.671151 0.527947 0.0420816 0.0332173
0 0.143656 0.0584731 0.0377884 0.0301968
0 0.6427 0.649165 0.0699813 0.0537242
0 0.658077 0.472203 0.160414 0.119212
0 0.0188414 0.0589806 0.0347537 0.0285428
0 0.0539789 0.371034 0.0334532 0.0270896
0 0.540962 0.710292 0.0476343 0.0379903
0 0.983567 0.26478 0.0323181 0.028564
0 0.17659 0.44646 0.0311898 0.0261393
0 0.612411 0.961377 0.044593 0.0345736
0 0.579786 0.980942 0.0366103 0.0313751
0 0.560012 0.625561 0.0425472 0.0338219
0 0.402511 0.861865 0.0331503 0.0262665
0 0.454483 0.121726 0.0336373 0.0268518
0 0.0207578 0.0980251 0.0291016 0.0242678
0 0.227994 0.252141 0.0335256 0.0282561
0 0.346543 0.628364 0.0953167 0.0764437
0 0.532443 0.898792 0.0407974 0.0312391
0 0.944465 0.950493 0.0422691 0.0334946
0 0.611291 0.902139 0.233298 0.193628
