0 0.405816 0.477495 0.0930157 0.0905655
0 0.237094 0.374762 0.0558795 0.0553412
0 0.245957 0.425482 0.0489679 0.0477676
0 0.469188 0.751837 0.0572672 0.0561407
0 0.648433 0.156913 0.0505528 0.0495279
0 0.282714 0.448592 0.0332695 0.0313637
0 0.0911003 0.66464 0.0339299 0.0308684
0 0.802636 0.514719 0.034614 0.033247
0 0.307883 0.0862221 0.0382248 0.037344
0 0.455089 0.514705 0.0317917 0.0304755
0 0.390162 0.765174 0.045311 0.0439206
0 0.869947 0.666182 0.0464027 0.0469786
0 0.286998 0.413588 0.0328938 0.0324379
0 0.747253 0.607877 0.0282038 0.0276632
0 0.680605 0.650848 0.0364413 0.0357439
0 0.98693 0.683817 0.0261408 0.0459171
0 0.422007 0.700627 0.0803296 0.0768683
0 0.61702 0.367557 0.0277912 0.027322
0 0.132308 0.775093 0.030808 0.0285877
0 0.262115 0.262942 0.0461411 0.0453992
0 0.759733 0.643529 0.0742451 0.0721745
0 0.0501516 0.583236 0.0285661 0.0264042
0 0.892536 0.437804 0.0263107 0.026073
0 0.614043 0.648519 0.035212 0.0367132
0 0.883112 0.276664 0.0247519 0.0242129
0 0.481338 0.0144012 0.0573456 0.0288024
0 0.492048 0.317579 0.0769615 0.0715566
0 0.467236 0.060409 0.0418865 0.0402995
0 0.604017 0.647319 0.050345 0.0466723
0 0.0365852 0.744309 0.0731703 0.0758401
0 0.0713637 0.419064 0.133257 0.130959
0 0.155348 0.483566 0.0463949 0.0425779
