0 0.524221 0.53771 0.0882603 0.0870422
0 0.903704 0.81529 0.04715 0.0469185
0 0.88383 0.2277 0.0452478 0.0441547
0 0.593051 0.438852 0.0437954 0.0421711
0 0.382298 0.528829 0.0417232 0.0404179
0 0.709599 0.931566 0.0325092 0.0324144
0 0.0429661 0.209333 0.0311034 0.0301979
0 0.758615 0.712807 0.0349918 0.0330707
0 0.443588 0.853095 0.0292652 0.0275589
0 0.257995 0.862363 0.0322528 0.0308697
0 0.625623 0.989522 0.0266754 0.0209562
0 0.833704 0.743607 0.0286375 0.028171
0 0.0895266 0.954924 0.0280624 0.0275564
0 0.820227 0.502807 0.0423164 0.0402813
0 0.879834 0.940302 0.0296566 0.0291645
0 0.434924 0.737698 0.118541 0.10874
0 0.766414 0.957661 0.0349913 0.0335199
0 0.473906 0.992469 0.046117 0.0150614
0 0.215143 0.220898 0.0311718 0.0299067
0 0.565376 0.803385 0.0719028 0.0702614
0 0.387998 0.0881943 0.378607 0.176389
0 0.35174 0.588839 0.0755762 0.0744364
0 0.835043 0.941162 0.0842361 0.084779
