0 0.583172 0.205479 0.2527 0.240095
0 0.177102 0.11189 0.0882777 0.0827297
0 0.292673 0.0706573 0.238448 0.141203
0 0.236203 0.387438 0.093126 0.0881747
0 0.0625862 0.0523867 0.054946 0.0510066
0 0.121436 0.734234 0.0840377 0.0732557
0 0.924442 0.316427 0.0377745 0.0349494
0 0.371937 0.87138 0.0309367 0.0282013
0 0.282518 0.854315 0.071753 0.0636019
0 0.405811 0.594868 0.0661534 0.0584993
0 0.610564 0.0772795 0.0399926 0.0380165
0 0.719584 0.392624 0.0428133 0.0391293
0 0.493559 0.46434 0.0362453 0.0331869
0 0.531483 0.396656 0.126077 0.121144
0 0.10987 0.785367 0.0345792 0.0307713
0 0.163527 0.193663 0.0456278 0.0418928
0 0.581235 0.676359 0.0580542 0.0519951
0 0.424933 0.659526 0.0456607 0.0417147
0 0.19853 0.80218 0.0584702 0.0535409
0 0.80772 0.288042 0.0315208 0.0289995
0 0.0415382 0.280097 0.0386285 0.0365197
0 0.544457 0.710509 0.0550128 0.0489958
0 0.853836 0.0820133 0.0318161 0.03008
0 0.404428 0.909348 0.0566813 0.0525854
0 0.0940628 0.249431 0.0401571 0.0386569
0 0.269863 0.479673 0.0603575 0.0530678
0 0.44918 0.157198 0.033445 0.0323328
0 0.0863299 0.188189 0.0450474 0.0421103
0 0.519122 0.336495 0.0404573 0.0385734
0 0.584643 0.871909 0.0724882 0.0624634
0 0.933203 0.668981 0.0366289 0.0314058
0 0.791134 0.444699 0.0371059 0.0313883
0 0.268667 0.891553 0.0346435 0.03151
0 0.916198 0.14734 0.0371769 0.0329245
0 0.742667 0.705586 0.0837001 0.0746244
0 0.621445 0.551416 0.0566948 0.0508225
0 0.149348 0.898869 0.0278708 0.0278019
0 0.234399 0.586776 0.0319982 0.0286323
0 0.216704 0.525505 0.029383 0.0269042
0 0.184214 0.737932 0.0272575 0.0250215
0 0.70475 0.46549 0.0273058 0.0265814
0 0.893754 0.12759 0.0273537 0.0257027
0 0.769338 0.523095 0.053708 0.0478155
0 0.083267 0.938626 0.0336582 0.0309996
0 0.0150335 0.177651 0.0286315 0.0290813
0 0.858829 0.98124 0.0496086 0.0374882
0 0.0533823 0.727286 0.0353084 0.0336651
0 0.782605 0.171361 0.0339387 0.031862
0 0.245654 0.621448 0.0271236 0.0266956
0 0.720939 0.959123 0.0362781 0.0334846
0 0.406235 0.208959 0.0278296 0.0272547
0 0.0322527 0.781528 0.0294984 0.0265607
0 0.498234 0.568035 0.0276433 0.0264551
0 0.406574 0.820772 0.0289503 0.0278742
0 0.268837 0.168087 0.0278065 0.0264569
0 0.447875 0.235325 0.0298423 0.0293589
0 0.405089 0.792872 0.0291039 0.0259718
0 0.0580663 0.406476 0.0274383 0.0272685
0 0.605591 0.249837 0.0324603 0.0284122
0 0.594151 0.465319 0.0542058 0.0503992
0 0.433437 0.329607 0.0256927 0.0254152
0 0.487381 0.34726 0.0361332 0.034554
0 0.298256 0.434654 0.038867 0.0357886
0 0.398129 0.310612 0.0257901 0.0244826
0 0.410925 0.115344 0.0282403 0.0283755
0 0.32865 0.729497 0.037334 0.0328558
0 0.409228 0.380183 0.0315959 0.0287134
