0 0.792229 0.695294 0.264326 0.229309
0 0.623955 0.0920215 0.131463 0.104392
0 0.231879 0.456009 0.463758 0.366623
0 0.614734 0.474972 0.202995 0.161049
0 0.758457 0.292008 0.0717963 0.0586406
0 0.617213 0.300404 0.139926 0.110832
0 0.863593 0.950369 0.0938942 0.072101
0 0.0339409 0.884914 0.0678817 0.0789795
0 0.236105 0.830103 0.117153 0.0975819
0 0.223333 0.0731472 0.0941304 0.0742175
0 0.732174 0.197109 0.050141 0.0393312
0 0.551707 0.679646 0.118169 0.100307
0 0.841803 0.366435 0.0582174 0.0450194
0 0.742843 0.371738 0.0342182 0.0280052
0 0.350658 0.28536 0.206916 0.17454
0 0.958308 0.859403 0.032633 0.0271416
0 0.639996 0.629539 0.0412057 0.0336643
0 0.212665 0.171085 0.241722 0.198933
0 0.342139 0.735033 0.187043 0.162876
0 0.856127 0.98985 0.0462729 0.0203007
0 0.64598 0.221697 0.131164 0.101052
0 0.962055 0.911368 0.0749029 0.102152
0 0.0920459 0.674879 0.184082 0.378557
0 0.861174 0.241158 0.183246 0.15168
0 0.787499 0.339968 0.0523693 0.0409329
0 0.530548 0.888747 0.144907 0.111502
0 0.669823 0.949582 0.0777527 0.0621851
0 0.945475 0.285059 0.107824 0.0926978
0 0.574571 0.946795 0.118069 0.100656
0 0.886932 0.390787 0.0419285 0.0324858
0 0.942263 0.202795 0.115474 0.116954
0 0.743191 0.495829 0.0490109 0.0407599
0 0.751842 0.978836 0.161413 0.0418972
0 0.951643 0.388432 0.096715 0.0888285
0 0.706352 0.528847 0.056301 0.0471276
0 0.262499 0.163754 0.139225 0.118748
0 0.716158 0.280659 0.0742517 0.0658607
0 0.982743 0.332903 0.0339794 0.0902412
0 0.0404733 0.986106 0.0514902 0.0276508
0 0.635866 0.157751 0.0494446 0.037932
0 0.936924 0.539785 0.0308933 0.0237537
0 0.867474 0.416443 0.0291845 0.0244142
0 0.625341 0.980417 0.0881937 0.0386486
0 0.147959 0.140086 0.136825 0.110094
0 0.97881 0.391653 0.0423801 0.0466919
0 0.377602 0.89265 0.126591 0.109201
0 0.614379 0.366096 0.075135 0.0583523
