0 0.52355 0.934546 0.0968573 0.0771545
0 0.958942 0.676535 0.0704344 0.0531451
0 0.0973521 0.347489 0.0510622 0.0397503
0 0.047102 0.208859 0.0406314 0.0324969
0 0.813268 0.479472 0.0453491 0.0347231
0 0.675805 0.585833 0.0356379 0.027873
0 0.37091 0.0234143 0.0335885 0.0270201
0 0.854329 0.434502 0.0308765 0.0241863
0 0.3493 0.914156 0.0339427 0.0298584
0 0.354659 0.792391 0.0318816 0.0251886
0 0.620499 0.0583882 0.0477173 0.0374255
0 0.339671 0.951288 0.101008 0.0708912
0 0.140681 0.132764 0.0407553 0.0330656
0 0.987439 0.802511 0.0251217 0.0226032
0 0.994595 0.558053 0.0108099 0.0295148
