0 0.645022 0.0581431 0.190728 0.116286
0 0.563213 0.501222 0.0619837 0.0452663
0 0.919329 0.313271 0.0485062 0.0367109
0 0.0378724 0.86935 0.0548874 0.0409292
0 0.633627 0.779132 0.0500061 0.0380363
0 0.298487 0.317325 0.0444012 0.0345333
0 0.526845 0.97052 0.123118 0.0588919
0 0.27891 0.894776 0.0361467 0.028413
0 0.582194 0.43694 0.0395948 0.0290847
0 0.370769 0.729497 0.0613805 0.0437121
0 0.914758 0.73136 0.14985 0.117103
0 0.366482 0.0753357 0.0349092 0.0255747
0 0.0799622 0.496463 0.0331905 0.0267526
0 0.590007 0.212649 0.0403225 0.0312019
0 0.185995 0.414125 0.0358223 0.0261471
0 0.466907 0.820604 0.0361351 0.0275944
0 0.117303 0.89623 0.0325882 0.0267712
0 0.168016 0.723434 0.178559 0.141505
0 0.568974 0.204038 0.0411321 0.0303857
0 0.983446 0.909862 0.0331079 0.037439
0 0.897238 0.520236 0.170451 0.126251
0 0.408962 0.804326 0.0329176 0.0244323
0 0.0873104 0.742065 0.0370205 0.0275575
0 0.855097 0.683632 0.0335426 0.025628
0 0.910971 0.410028 0.0351357 0.0264469
0 0.0404443 0.0353034 0.0393873 0.0309034
0 0.128841 0.428456 0.042058 0.0303132
0 0.235885 0.0641128 0.173166 0.12091
0 0.235 0.623054 0.0353895 0.0273791
0 0.0617547 0.192267 0.0456758 0.0340647
0 0.553726 0.884343 0.0330019 0.0253441
0 0.707896 0.814384 0.0360329 0.0261692
0 0.716877 0.787647 0.0400365 0.0283546
0 0.926394 0.195916 0.147046 0.139117
0 0.239637 0.993336 0.0366657 0.0127567
0 0.0101853 0.621707 0.0203706 0.0269417
0 0.101187 0.0298514 0.0328442 0.0244288
0 0.987903 0.465443 0.0241941 0.0270908
0 0.648843 0.254968 0.0322168 0.0237482
