0 0.569192 0.728257 0.337682 0.304799
0 0.325709 0.136872 0.148657 0.127792
0 0.937495 0.270995 0.12501 0.141048
0 0.830784 0.413822 0.123488 0.0965718
0 0.942679 0.173946 0.111763 0.0893119
0 0.362381 0.0511615 0.0959041 0.0851832
0 0.398309 0.86948 0.0344759 0.0285084
0 0.607198 0.396716 0.101021 0.0802888
0 0.713098 0.933835 0.0887411 0.0712589
0 0.918492 0.704349 0.0796783 0.0642799
0 0.977937 0.40734 0.0397453 0.0325469
0 0.978441 0.698458 0.0358664 0.0321705
0 0.869856 0.560388 0.25925 0.261409
0 0.931813 0.419607 0.0689982 0.0566661
0 0.954558 0.906047 0.0853485 0.0720589
0 0.6297 0.581428 0.198967 0.169496
0 0.433951 0.357751 0.0312683 0.0267077
0 0.298478 0.881424 0.0905595 0.0757416
0 0.904195 0.123527 0.0546957 0.0453241
0 0.205136 0.254413 0.192579 0.170175
0 0.673943 0.450642 0.0712694 0.0626825
0 0.523229 0.108522 0.290138 0.211715
0 0.815673 0.949829 0.0813313 0.0716789
0 0.821376 0.183303 0.124162 0.100419
0 0.733022 0.400663 0.0716106 0.0600885
0 0.79276 0.964541 0.0940907 0.0709177
0 0.167224 0.568398 0.0528887 0.0457401
0 0.713948 0.39059 0.108405 0.084087
0 0.765902 0.28555 0.0900951 0.0786616
0 0.867395 0.719749 0.0289303 0.0243442
0 0.0216662 0.93017 0.0432484 0.0520962
0 0.971427 0.821699 0.0565388 0.0646772
0 0.656863 0.897225 0.0705365 0.0632206
0 0.146563 0.514636 0.0602967 0.0498044
0 0.516401 0.316458 0.163212 0.131063
0 0.913163 0.941431 0.061441 0.0528587
0 0.728989 0.187881 0.0577051 0.0496204
0 0.429603 0.0436633 0.0430477 0.0362736
0 0.566864 0.0204214 0.0583948 0.0408428
0 0.713623 0.238158 0.0499866 0.0414003
