0 0.662287 0.126541 0.081044 0.0664439
0 0.205763 0.778525 0.0780855 0.0626386
0 0.416745 0.773292 0.044024 0.0376816
0 0.744921 0.0325363 0.0465367 0.0386949
0 0.757899 0.229206 0.0370297 0.0321291
0 0.484454 0.965297 0.073146 0.0566048
0 0.700003 0.55319 0.0450874 0.038418
0 0.785447 0.59076 0.0520803 0.0442312
0 0.817014 0.67333 0.0684727 0.0559971
0 0.0216861 0.559176 0.0429532 0.0780388
0 0.669321 0.55598 0.0449738 0.0396481
0 0.392628 0.109665 0.0322348 0.0278816
0 0.709088 0.0501567 0.0411068 0.0346878
0 0.0707035 0.119324 0.035076 0.0282918
0 0.545969 0.215313 0.0300989 0.0252216
0 0.278784 0.927144 0.0390055 0.0283516
0 0.915907 0.627796 0.0507706 0.0393972
0 0.83483 0.00748985 0.0750202 0.0149257
0 0.507415 0.137407 0.0289059 0.0242863
0 0.025351 0.984582 0.0349757 0.0297861
0 0.775127 0.0532268 0.0310874 0.0273997
0 0.0507611 0.467523 0.101522 0.126105
0 0.985119 0.540522 0.0288172 0.0276644
0 0.395995 0.629032 0.0836141 0.0691534
0 0.994744 0.615941 0.0105113 0.0362338
0 0.462486 0.987483 0.0553419 0.0250336
0 0.345617 0.460557 0.0514533 0.0424068
