0 0.614043 0.178944 0.0744106 0.0595844
0 0.940685 0.332667 0.10653 0.0850334
0 0.774535 0.472617 0.157874 0.13359
0 0.14154 0.709331 0.283081 0.271768
0 0.66442 0.460665 0.0574364 0.045233
0 0.837814 0.184134 0.108519 0.0875775
0 0.301299 0.36329 0.0455054 0.0393043
0 0.36877 0.870655 0.063664 0.0551744
0 0.376332 0.547942 0.0343317 0.0291613
0 0.772545 0.108898 0.0558379 0.0461454
0 0.905013 0.603142 0.0337761 0.0271647
0 0.261492 0.445115 0.0481795 0.0383628
0 0.818002 0.105645 0.0402117 0.0333119
0 0.853295 0.720039 0.0738977 0.0584009
0 0.561083 0.162277 0.0474473 0.0396364
0 0.0705785 0.222635 0.0447246 0.0349041
0 0.355741 0.915949 0.0640206 0.0537533
0 0.429245 0.439021 0.0318443 0.0260327
0 0.800293 0.276917 0.121806 0.0960438
0 0.060565 0.351239 0.0916076 0.0762126
0 0.164386 0.411251 0.062228 0.0501161
0 0.612276 0.93421 0.0478182 0.0427288
0 0.433619 0.523097 0.0278742 0.0246315
0 0.74933 0.865573 0.122965 0.113655
0 0.809572 0.966435 0.0755423 0.0646877
0 0.979917 0.647886 0.0394291 0.102425
0 0.29631 0.0624343 0.0263441 0.0235893
0 0.608559 0.215765 0.0541529 0.0416438
0 0.188117 0.393695 0.0308856 0.0255307
0 0.84039 0.131833 0.0354515 0.0291711
0 0.695149 0.29647 0.0878296 0.0740831
0 0.942163 0.137379 0.0373131 0.0306099
