0 0.0672406 0.928832 0.0696948 0.059948
0 0.61056 0.303752 0.224842 0.180683
0 0.104504 0.295603 0.0706187 0.0639189
0 0.673834 0.120037 0.355568 0.239942
0 0.240938 0.554462 0.0562174 0.0477448
0 0.929964 0.766249 0.0615896 0.0569809
0 0.935562 0.316034 0.0432762 0.0377094
0 0.876647 0.642848 0.0583975 0.0501608
0 0.182703 0.79997 0.0585818 0.0491415
0 0.135934 0.377444 0.0467312 0.0404187
0 0.52009 0.214449 0.15686 0.141518
0 0.462986 0.716529 0.0420321 0.0381006
0 0.890148 0.0725442 0.0600376 0.0486062
0 0.311165 0.659913 0.0430903 0.0366636
0 0.053073 0.222944 0.0362369 0.0315212
0 0.117643 0.734471 0.0378601 0.0312245
0 0.912093 0.394458 0.0330894 0.0289096
0 0.850183 0.46656 0.0479507 0.0374928
0 0.989915 0.532502 0.0201506 0.0331263
0 0.940367 0.166783 0.0326176 0.0268659
0 0.470686 0.795529 0.0426009 0.0379745
0 0.0631057 0.176126 0.0339362 0.0300596
0 0.645359 0.507533 0.0343298 0.0302332
0 0.309796 0.450307 0.0354159 0.0309717
0 0.863578 0.982908 0.0427521 0.0340477
0 0.122147 0.345045 0.0309426 0.0283507
0 0.856076 0.595496 0.0382256 0.0328657
0 0.114068 0.491611 0.0292965 0.0266526
0 0.039675 0.132265 0.0586543 0.049052
0 0.291622 0.910767 0.0410201 0.0355801
0 0.989957 0.580483 0.0200854 0.0346918
0 0.675724 0.812788 0.119389 0.113229
0 0.665931 0.99358 0.0355551 0.0123066
0 0.00719076 0.914829 0.0143209 0.0437929
0 0.843785 0.852075 0.0305054 0.0278301
0 0.219526 0.931501 0.0324323 0.0286842
0 0.315473 0.82494 0.0322576 0.0284639
0 0.0530521 0.75685 0.0358675 0.0303826
0 0.451637 0.76404 0.0370235 0.0331153
0 0.49246 0.819745 0.0309679 0.0284079
0 0.0170147 0.772033 0.0340213 0.0337427
0 0.229533 0.659275 0.0306146 0.026328
0 0.598746 0.213144 0.0311248 0.0276495
0 0.186939 0.502642 0.0302075 0.027784
0 0.339361 0.0423095 0.0331955 0.0272784
0 0.0589496 0.84282 0.0461555 0.0382154
0 0.162059 0.668516 0.0383439 0.0341
0 0.898399 0.683095 0.028709 0.0253719
0 0.0996126 0.383537 0.0318038 0.0301651
0 0.372954 0.798635 0.0384356 0.0335131
0 0.0621283 0.978793 0.0538788 0.0406734
0 0.546928 0.79178 0.0503471 0.0454072
0 0.185084 0.701043 0.0421104 0.0371458
0 0.37644 0.545798 0.0330845 0.0280706
0 0.961576 0.550788 0.0524158 0.0459528
0 0.551641 0.633408 0.0328447 0.0280964
0 0.145196 0.513296 0.0259326 0.023924
0 0.81717 0.983221 0.0279568 0.0271278
0 0.847075 0.547239 0.0563641 0.047051
0 0.194902 0.609743 0.0443888 0.0388593
0 0.946366 0.592565 0.0546623 0.0518211
0 0.13845 0.150773 0.046872 0.0421633
0 0.892817 0.319939 0.0286766 0.024242
