0 0.135782 0.620442 0.136885 0.123429
0 0.0219189 0.90847 0.0438378 0.0451641
0 0.722373 0.0785199 0.0634487 0.0574425
0 0.461409 0.696179 0.038467 0.0360262
0 0.533296 0.983142 0.0430462 0.0337166
0 0.264798 0.583449 0.142685 0.131789
0 0.78953 0.129798 0.0622309 0.0543152
0 0.402066 0.296003 0.0342877 0.0294374
0 0.0500691 0.648943 0.0377262 0.035029
0 0.425582 0.441836 0.0371439 0.0327453
0 0.483654 0.1024 0.0580714 0.0492773
0 0.165946 0.890361 0.0317078 0.0293489
0 0.4053 0.647504 0.0286036 0.0265253
0 0.29327 0.950571 0.0357736 0.0339378
0 0.0415164 0.307132 0.0318065 0.0278759
0 0.604598 0.823171 0.0315865 0.0289448
0 0.789969 0.606555 0.0264606 0.0256804
0 0.432301 0.725076 0.0358842 0.0335423
0 0.513396 0.301375 0.0903463 0.0805917
0 0.383718 0.483422 0.0293028 0.0268561
0 0.621985 0.128921 0.0293982 0.0269799
0 0.142298 0.726788 0.0656137 0.0607548
0 0.280049 0.430344 0.0792925 0.0654794
0 0.578353 0.329535 0.0395236 0.0344118
0 0.446665 0.878534 0.0404219 0.0373245
0 0.0111827 0.173467 0.0223654 0.0298388
0 0.679253 0.0178557 0.0411129 0.0346001
0 0.397694 0.385394 0.0517288 0.0451954
