0 0.901592 0.83641 0.116472 0.0916843
0 0.667801 0.317602 0.203613 0.159887
0 0.22611 0.123084 0.0643443 0.0461156
0 0.0758327 0.315398 0.0567217 0.041653
0 0.55019 0.63245 0.0846449 0.0671682
0 0.25641 0.742284 0.065063 0.0502722
0 0.596818 0.435422 0.103107 0.082082
0 0.0230107 0.425144 0.0344478 0.0274798
0 0.0673016 0.809866 0.0532393 0.0420979
0 0.710313 0.573223 0.077297 0.0594627
0 0.827556 0.423696 0.049946 0.0377645
0 0.645101 0.665821 0.0535728 0.0446953
0 0.485616 0.38561 0.0353603 0.0274496
0 0.914165 0.0792279 0.171669 0.157949
0 0.349191 0.75406 0.0380361 0.0286364
0 0.230432 0.0156408 0.0434695 0.0309671
0 0.388111 0.00722136 0.0416064 0.0143675
0 0.157537 0.994291 0.0540258 0.0113335
0 0.519839 0.0526441 0.0646944 0.0498601
0 0.337939 0.0892535 0.143591 0.11127
0 0.154501 0.553676 0.03185 0.0246283
0 0.342938 0.701939 0.0687637 0.0465405
0 0.167351 0.641615 0.0652484 0.0479185
0 0.773415 0.588204 0.0341421 0.0280631
0 0.675231 0.449082 0.0348809 0.0284645
0 0.810122 0.582826 0.040848 0.0319935
0 0.896824 0.969502 0.028627 0.0239523
0 0.318052 0.466455 0.120945 0.107849
0 0.667095 0.247559 0.0740322 0.0589318
