0 0.838253 0.274346 0.139465 0.104982
0 0.523283 0.55117 0.07124 0.0536257
0 0.808524 0.405329 0.0546333 0.0408344
0 0.587479 0.139852 0.0723124 0.0560201
0 0.595733 0.463689 0.0343994 0.0278306
0 0.0755558 0.683421 0.0317263 0.0251367
0 0.498732 0.0988689 0.122036 0.102845
0 0.367223 0.305674 0.0338638 0.0292937
0 0.602978 0.611208 0.0591459 0.0447346
0 0.493837 0.0774164 0.0919178 0.0689261
0 0.506575 0.719058 0.075537 0.0584665
0 0.624795 0.087818 0.0291367 0.0252228
0 0.504134 0.633458 0.0644491 0.0492271
0 0.677136 0.591652 0.0338074 0.0281511
0 0.644348 0.0637136 0.0487583 0.0389103
0 0.408381 0.324527 0.0543122 0.0447452
0 0.375736 0.45385 0.108025 0.0882536
0 0.33097 0.924289 0.0298007 0.0230263
0 0.861923 0.643105 0.0300606 0.0257644
0 0.552435 0.263353 0.100868 0.0765858
0 0.733615 0.720399 0.215087 0.161386
0 0.73745 0.544331 0.0636297 0.0512816
0 0.493766 0.363126 0.0368591 0.0317662
