0 0.919972 0.336777 0.121924 0.104218
0 0.717575 0.459289 0.0889021 0.0777181
0 0.161467 0.500425 0.0687223 0.0632562
0 0.555485 0.811104 0.16644 0.14872
0 0.0828201 0.0416584 0.0609207 0.0575017
0 0.190594 0.231884 0.0729117 0.0682262
0 0.350715 0.647586 0.0725941 0.0655885
0 0.204387 0.0772815 0.0524809 0.0508167
0 0.165798 0.0175835 0.077179 0.035167
0 0.202903 0.134547 0.0456463 0.0439777
0 0.670978 0.408346 0.109288 0.0988541
0 0.949217 0.45762 0.0996534 0.083159
0 0.564298 0.294419 0.045314 0.0406522
0 0.155536 0.763005 0.0401055 0.0359074
0 0.935416 0.516995 0.0466042 0.040139
0 0.292481 0.166031 0.0462797 0.0436649
0 0.379379 0.387221 0.0940265 0.0837279
0 0.311197 0.226421 0.0426107 0.0394741
0 0.535535 0.71817 0.0612055 0.0548904
0 0.367586 0.201691 0.0407777 0.0370304
0 0.482561 0.160711 0.0396763 0.0361921
0 0.815452 0.508727 0.160199 0.128283
0 0.823366 0.650939 0.240273 0.207003
0 0.904519 0.886293 0.0471201 0.0407379
0 0.495604 0.455391 0.181482 0.158917
0 0.12133 0.254237 0.0488599 0.0458325
0 0.378162 0.426777 0.0434117 0.0401102
0 0.939981 0.714027 0.119317 0.132542
0 0.71229 0.753949 0.114215 0.0993794
0 0.817815 0.123931 0.0525112 0.0429503
0 0.781839 0.863062 0.0376055 0.0330387
0 0.782177 0.780325 0.0400448 0.0352018
0 0.339866 0.336039 0.0531357 0.0494886
0 0.850006 0.433018 0.0604719 0.050186
0 0.461421 0.0280054 0.0583509 0.0519923
0 0.704296 0.839087 0.0444183 0.038102
0 0.177239 0.193573 0.0357586 0.0343784
0 0.0212733 0.492384 0.0416702 0.0390177
0 0.255906 0.0382637 0.0476507 0.0459512
0 0.400396 0.569554 0.0373409 0.0333571
0 0.320448 0.713913 0.0339514 0.0300174
0 0.573774 0.946491 0.230244 0.107017
0 0.921064 0.982397 0.047855 0.0351297
0 0.11422 0.0808983 0.037367 0.0372747
0 0.713367 0.16674 0.0596046 0.0469172
0 0.89401 0.817678 0.072435 0.0623468
0 0.813751 0.974283 0.0943724 0.0514347
0 0.0862485 0.368386 0.0336759 0.03157
0 0.10554 0.183491 0.032563 0.0317369
0 0.0134976 0.397747 0.0267635 0.0345326
0 0.933994 0.956204 0.0504137 0.0436291
0 0.274211 0.387853 0.037236 0.0350625
0 0.289885 0.418604 0.0389626 0.0368313
0 0.0838565 0.0102543 0.0981639 0.0205087
0 0.674977 0.928291 0.0492302 0.0420631
0 0.789616 0.0240212 0.0608345 0.0480424
0 0.73194 0.978498 0.0765724 0.0430046
0 0.534704 0.110707 0.0505914 0.0460216
0 0.258519 0.595977 0.0512259 0.0457567
0 0.810619 0.186689 0.0969864 0.0821463
0 0.57422 0.219569 0.0770381 0.0694266
0 0.628843 0.452336 0.031398 0.028574
0 0.112995 0.481083 0.0303577 0.0282473
0 0.74703 0.887621 0.044563 0.0391356
0 0.269718 0.950011 0.0435741 0.04226
0 0.31601 0.459281 0.125637 0.113551
0 0.0594375 0.401022 0.042576 0.0390184
0 0.132717 0.200653 0.0328201 0.0310145
0 0.7131 0.542613 0.0399787 0.03426
0 0.344272 0.557419 0.0796852 0.0726749
0 0.138646 0.171142 0.0376138 0.0359422
0 0.625564 0.748255 0.0969009 0.087974
0 0.0791377 0.230679 0.0315804 0.0296308
0 0.115016 0.223298 0.0362007 0.0352921
0 0.920051 0.0999523 0.0315865 0.0286079
0 0.77513 0.311156 0.0680362 0.0601823
0 0.18914 0.461304 0.111022 0.107731
0 0.43952 0.968942 0.0314428 0.0276726
0 0.41723 0.76182 0.0786204 0.0715689
0 0.0615876 0.350886 0.0341175 0.0299754
0 0.597497 0.0874746 0.0861403 0.0745914
0 0.533852 0.122797 0.0699257 0.0660015
0 0.0818413 0.149507 0.0309508 0.0292214
