0 0.855448 0.775419 0.122115 0.0845374
0 0.965673 0.676488 0.0686543 0.0920562
0 0.387759 0.263906 0.26655 0.220397
0 0.571944 0.894729 0.416884 0.209702
0 0.274883 0.418127 0.0385066 0.0300348
0 0.585713 0.122451 0.045841 0.0320577
0 0.738539 0.224094 0.0517326 0.0404998
0 0.96468 0.599146 0.0706392 0.070427
0 0.0801195 0.943075 0.160239 0.112945
0 0.670964 0.343734 0.0367313 0.029463
0 0.935582 0.610363 0.0328774 0.0284985
0 0.277219 0.938641 0.22735 0.122717
0 0.342224 0.43375 0.0406568 0.033033
0 0.892662 0.0317025 0.0329893 0.0254413
