0 0.820121 0.898251 0.201875 0.163991
0 0.583657 0.693762 0.0988368 0.0804623
0 0.264988 0.459182 0.035464 0.0279922
0 0.483116 0.932673 0.199116 0.134653
0 0.94902 0.332033 0.0792652 0.0613883
0 0.695377 0.693266 0.0313744 0.0269562
0 0.929414 0.962259 0.141172 0.0754814
0 0.627661 0.0162183 0.0773603 0.0324367
0 0.124659 0.928863 0.0725182 0.0556446
0 0.506931 0.165075 0.0940023 0.0737199
0 0.0912383 0.231246 0.0521541 0.0403678
0 0.473229 0.834274 0.0615406 0.0474041
0 0.724472 0.310201 0.0415087 0.0337309
0 0.171206 0.274883 0.037597 0.030132
0 0.319983 0.00675041 0.0609608 0.0135008
0 0.563259 0.505259 0.0287293 0.0239303
0 0.815127 0.160954 0.36967 0.321907
0 0.073688 0.82197 0.0329766 0.0256233
0 0.372954 0.435199 0.557518 0.521637
0 0.69256 0.65318 0.0280746 0.0243486
0 0.471992 0.0638234 0.0629635 0.0471183
0 0.651977 0.934117 0.0355104 0.0284107
0 0.0241636 0.0361619 0.0474812 0.0426013
0 0.829943 0.156371 0.0291416 0.0232982
0 0.159728 0.132786 0.044006 0.0343285
