0 0.0506977 0.426529 0.101307 0.0963023
0 0.740584 0.708005 0.053476 0.0420982
0 0.671806 0.582485 0.0592089 0.0441622
0 0.760306 0.367803 0.0790119 0.064474
0 0.569085 0.0456219 0.0500069 0.0366406
0 0.784024 0.543949 0.058102 0.047184
0 0.852333 0.420009 0.0672075 0.0541766
0 0.728206 0.516282 0.0565617 0.0417582
0 0.319396 0.303409 0.265983 0.221291
0 0.115451 0.992599 0.034881 0.0148009
0 0.398927 0.631865 0.0358524 0.0279556
0 0.322642 0.935787 0.0345714 0.0263605
0 0.875412 0.217813 0.248818 0.26651
0 0.44135 0.894794 0.0887907 0.073962
0 0.9263 0.844083 0.0291201 0.0253189
0 0.0488952 0.311056 0.0977903 0.0844231
0 0.881814 0.461735 0.236371 0.256395
0 0.434545 0.96487 0.158022 0.0702608
0 0.706995 0.388408 0.0328964 0.0274607
0 0.297601 0.968672 0.031597 0.0255707
0 0.248348 0.535314 0.0313928 0.0266517
0 0.947065 0.0134507 0.049411 0.0268636
0 0.994946 0.835287 0.0101089 0.0412754
0 0.0160829 0.598835 0.0321658 0.0402831
0 0.57712 0.234269 0.110571 0.087074
0 0.193083 0.0516041 0.386166 0.103138
0 0.38298 0.498858 0.0563266 0.0428687
0 0.354039 0.808139 0.0389168 0.0293148
0 0.189066 0.429683 0.151014 0.111732
0 0.696149 0.148664 0.163128 0.137509
0 0.440281 0.832395 0.0495146 0.0390884
