0 0.411043 0.839996 0.0578255 0.0568634
0 0.83511 0.697906 0.050668 0.049403
0 0.331007 0.854963 0.0420873 0.0402275
0 0.881182 0.207647 0.0571606 0.0522394
0 0.393541 0.0528513 0.0333147 0.0330925
0 0.419928 0.0933329 0.031184 0.0304592
0 0.451168 0.780854 0.0272177 0.0267352
0 0.42956 0.799178 0.0338247 0.0320225
0 0.190765 0.214267 0.0290046 0.0287907
0 0.399146 0.895733 0.0271779 0.0262905
0 0.898921 0.823665 0.0265812 0.0256104
0 0.928569 0.259693 0.027977 0.0272694
0 0.484294 0.894982 0.0265471 0.0271397
0 0.844196 0.507704 0.0275673 0.0270929
0 0.533818 0.851969 0.0264812 0.0261105
0 0.0660933 0.326425 0.0242946 0.0240521
