0 0.193786 0.474123 0.113743 0.103068
0 0.701013 0.164601 0.0421984 0.0380422
0 0.236787 0.383155 0.0340672 0.0313763
0 0.679918 0.505987 0.0423529 0.0397234
0 0.148799 0.665812 0.0344786 0.0302124
0 0.640093 0.541726 0.0332901 0.0304619
0 0.655546 0.766568 0.0327166 0.0299357
0 0.477645 0.0649389 0.034696 0.030842
0 0.726829 0.381843 0.0552338 0.0501604
0 0.976948 0.723893 0.0280808 0.0265314
0 0.873699 0.563151 0.0304039 0.0279491
0 0.796581 0.979468 0.0293797 0.029067
0 0.821731 0.492321 0.0276157 0.0247997
0 0.172259 0.514701 0.0301862 0.0261005
0 0.13802 0.990434 0.0492992 0.019132
0 0.444591 0.326593 0.0282415 0.0260211
0 0.582288 0.0737778 0.0317196 0.0270739
0 0.34712 0.701991 0.0279442 0.0266251
