0 0.263483 0.610167 0.0398114 0.0380064
0 0.787495 0.378223 0.0364498 0.0346993
0 0.799004 0.616601 0.0350826 0.0330505
0 0.305402 0.117268 0.0416198 0.0397513
0 0.0252068 0.226788 0.0321018 0.0301096
0 0.148355 0.265873 0.0365235 0.0346523
0 0.371431 0.051741 0.0393094 0.0364813
0 0.305142 0.182759 0.0336419 0.031634
0 0.494487 0.307322 0.0311515 0.0293488
0 0.716839 0.811966 0.0306396 0.0290051
0 0.885318 0.00822467 0.040344 0.0164493
0 0.188675 0.380469 0.0383573 0.0382653
0 0.500222 0.910345 0.0326644 0.0314116
0 0.907131 0.495835 0.0340363 0.0312505
0 0.74989 0.187028 0.0304239 0.0304479
0 0.817713 0.876654 0.0667736 0.0623772
