0 0.679739 0.147129 0.0454344 0.0360127
0 0.216926 0.379712 0.079707 0.0614718
0 0.83592 0.95613 0.0362064 0.0296909
0 0.621847 0.894868 0.0345134 0.0289413
0 0.205764 0.647565 0.0378892 0.0298267
0 0.829285 0.056494 0.0512157 0.0393616
0 0.267446 0.331511 0.035481 0.0283659
0 0.63664 0.108602 0.0448178 0.0331204
0 0.519485 0.748844 0.0351459 0.0294804
0 0.196497 0.279819 0.0460894 0.0372357
0 0.971807 0.952567 0.0346666 0.028093
0 0.700015 0.83528 0.0684857 0.0537235
0 0.70759 0.463678 0.0473391 0.0361736
0 0.384653 0.141679 0.107841 0.0911574
0 0.171592 0.854589 0.0376291 0.02945
0 0.889892 0.107864 0.0337708 0.0278323
0 0.746849 0.96671 0.101933 0.0659317
0 0.160079 0.132653 0.0306521 0.0253156
0 0.76487 0.181621 0.0376701 0.0291698
0 0.829516 0.847714 0.0296062 0.0247116
