0 0.755417 0.556805 0.0794319 0.0791199
0 0.276488 0.957019 0.0526723 0.0513886
0 0.839106 0.715582 0.0522768 0.0515043
0 0.311348 0.796595 0.0467362 0.0451008
0 0.949592 0.765833 0.0447983 0.0437136
0 0.410854 0.526876 0.0351032 0.0347364
0 0.081392 0.071923 0.0336389 0.0319515
0 0.281817 0.0136649 0.0364584 0.0273298
0 0.26147 0.681204 0.029059 0.0285925
0 0.12403 0.0846951 0.0305866 0.0300179
0 0.0130573 0.760061 0.0260301 0.0590573
0 0.279758 0.106977 0.0313273 0.0301983
0 0.35794 0.110416 0.0329308 0.0315927
0 0.955778 0.525683 0.0279518 0.0272231
0 0.175969 0.354644 0.028471 0.0267415
0 0.254388 0.637515 0.0316163 0.0302378
0 0.714297 0.644891 0.0277426 0.027164
0 0.415983 0.712754 0.0310187 0.0308321
0 0.908468 0.826077 0.0302773 0.0283699
0 0.0338413 0.0311516 0.0301834 0.0298653
0 0.339532 0.53609 0.0308098 0.030054
0 0.120077 0.0422501 0.0493749 0.0476448
0 0.75671 0.282736 0.0266294 0.0265101
0 0.385285 0.741852 0.118362 0.112013
0 0.745668 0.96156 0.0355408 0.0339005
0 0.0263757 0.610337 0.0254978 0.0249956
0 0.551256 0.519781 0.026389 0.0256504
0 0.9889 0.666641 0.0222007 0.0262758
0 0.722597 0.68597 0.0270517 0.0265618
0 0.645261 0.734734 0.0882792 0.0870592
0 0.228956 0.624475 0.0376877 0.0376209
0 0.521932 0.607466 0.02717 0.0270172
0 0.193386 0.0353572 0.0258947 0.0261796
0 0.857951 0.681282 0.0265694 0.0265143
0 0.56401 0.736865 0.08085 0.0819627
