0 0.423198 0.39789 0.0425344 0.0404826
0 0.540389 0.594333 0.0362131 0.0349667
0 0.789219 0.553825 0.0299107 0.0290327
0 0.0196944 0.236082 0.0393889 0.0450938
0 0.410169 0.335556 0.0451104 0.0428779
0 0.115034 0.271446 0.0468259 0.0450384
0 0.337913 0.644079 0.0329198 0.0324368
0 0.214958 0.117933 0.0299773 0.0295681
0 0.0486394 0.126716 0.0294498 0.0283679
0 0.185955 0.509217 0.0310248 0.0303175
0 0.59651 0.983358 0.0318546 0.0316235
0 0.0550797 0.0843935 0.0297772 0.0294367
0 0.441042 0.0442658 0.0498861 0.0468184
0 0.477128 0.857653 0.0320776 0.0318661
0 0.549496 0.64625 0.0311131 0.0309252
0 0.742012 0.683521 0.0559269 0.0562267
0 0.885936 0.955792 0.0355036 0.0352074
0 0.701663 0.844408 0.0266421 0.0261963
0 0.415617 0.536086 0.0320455 0.0300219
0 0.368537 0.175122 0.0356496 0.0340476
0 0.674584 0.0527537 0.026989 0.0261727
0 0.439569 0.206722 0.035561 0.0344315
0 0.105218 0.335393 0.0308724 0.0296333
0 0.28971 0.940366 0.0318617 0.0314663
0 0.495923 0.617558 0.0286642 0.0271598
0 0.325602 0.208844 0.0403789 0.0386622
0 0.534077 0.89418 0.0282824 0.0280708
0 0.0237282 0.356318 0.0474564 0.0500592
0 0.0956849 0.234909 0.0322031 0.0315457
0 0.0990644 0.364498 0.0344702 0.0341207
0 0.0570518 0.269403 0.0590218 0.0582854
0 0.970635 0.256129 0.0252567 0.0246996
0 0.239697 0.347462 0.028252 0.0280392
0 0.236347 0.957 0.0306715 0.0297403
0 0.378369 0.354605 0.0287091 0.0263917
0 0.471084 0.20619 0.0285004 0.0273236
0 0.236921 0.973255 0.0277866 0.0260342
0 0.905676 0.578606 0.0253517 0.0246391
0 0.668234 0.0251663 0.0250507 0.0246122
0 0.205306 0.0258978 0.027073 0.024992
0 0.0563608 0.89046 0.112722 0.219079
