0 0.101681 0.416722 0.148614 0.120302
0 0.143659 0.726567 0.0736556 0.057734
0 0.592008 0.13937 0.0631119 0.0515306
0 0.296683 0.672765 0.0446043 0.0369261
0 0.0898035 0.769562 0.0450619 0.0373941
0 0.281437 0.0209956 0.0567008 0.0413649
0 0.631013 0.578461 0.0406502 0.034317
0 0.0463079 0.703491 0.0460549 0.0353575
0 0.866911 0.386472 0.0501776 0.0411842
0 0.908149 0.584139 0.10973 0.089592
0 0.0259131 0.670883 0.0384138 0.0323152
0 0.838802 0.047788 0.128187 0.095576
0 0.860063 0.4362 0.0377085 0.0294876
0 0.924782 0.362907 0.0361649 0.032051
0 0.10364 0.181323 0.040187 0.0339088
0 0.0408728 0.563134 0.0367814 0.0309361
0 0.404758 0.438258 0.0346064 0.0291117
0 0.844164 0.013158 0.0401695 0.0263161
0 0.566018 0.716448 0.0351939 0.0290367
0 0.880595 0.13072 0.0324696 0.0270524
0 0.271765 0.361429 0.0399896 0.0339586
0 0.0952708 0.734092 0.0343146 0.0298483
0 0.96607 0.327727 0.0399792 0.0340778
0 0.00946825 0.111728 0.0189365 0.0368193
0 0.49279 0.190755 0.0366882 0.0301946
0 0.959285 0.727298 0.0350121 0.0310894
0 0.816123 0.461784 0.0346038 0.0288949
0 0.148234 0.0125394 0.0705314 0.0250788
0 0.0863955 0.158073 0.0777403 0.0623803
0 0.600091 0.503067 0.0305957 0.0270893
0 0.796508 0.991737 0.0775599 0.0165254
0 0.370384 0.989051 0.0768405 0.0218973
0 0.329163 0.0119774 0.0571561 0.0239549
0 0.355384 0.977204 0.0460564 0.0394218
0 0.524647 0.656619 0.030593 0.0272785
0 0.894964 0.814389 0.0383913 0.0336364
0 0.688088 0.567192 0.0302925 0.0249249
0 0.0669697 0.627193 0.0299717 0.0246435
0 0.432557 0.142236 0.0326896 0.0291986
0 0.559152 0.0505297 0.249848 0.100926
0 0.147468 0.118501 0.0287524 0.0253578
0 0.791918 0.655238 0.0305205 0.0273398
