0 0.416084 0.821324 0.121661 0.0879717
0 0.773485 0.145365 0.111557 0.0834321
0 0.652167 0.143923 0.0809285 0.0634049
0 0.119128 0.954779 0.105164 0.0819199
0 0.627327 0.303578 0.0918538 0.0674318
0 0.394224 0.642059 0.0742353 0.0583103
0 0.851419 0.806609 0.100289 0.0778244
0 0.885887 0.609784 0.0676395 0.0506813
0 0.513189 0.360519 0.0727074 0.0559958
0 0.887067 0.0269163 0.0447277 0.0336795
0 0.235554 0.360311 0.0567774 0.0443043
0 0.284582 0.890379 0.206339 0.151248
0 0.241483 0.413748 0.0530683 0.0404267
0 0.773389 0.0211366 0.0621439 0.0422732
0 0.271231 0.310079 0.0942668 0.0740854
0 0.757656 0.456655 0.0449204 0.0341105
0 0.327829 0.563234 0.0680893 0.0482207
0 0.868469 0.356177 0.0510651 0.0364382
0 0.791486 0.227545 0.0872927 0.0594364
0 0.502887 0.792953 0.0641966 0.0472124
0 0.39621 0.286782 0.0401979 0.0326847
0 0.815572 0.926674 0.0730246 0.0534824
0 0.669469 0.0915259 0.0780317 0.0589738
0 0.915658 0.213851 0.040029 0.0292591
0 0.697381 0.0552697 0.0459998 0.0339522
0 0.114024 0.564277 0.173157 0.136529
0 0.541684 0.493499 0.0808326 0.061987
0 0.87812 0.922818 0.0465033 0.0332199
0 0.49816 0.754276 0.131165 0.0927433
0 0.41398 0.0643594 0.035703 0.0283857
0 0.127875 0.497561 0.0573349 0.0417326
0 0.431477 0.395957 0.159325 0.133719
0 0.309616 0.306612 0.0409363 0.0325251
0 0.842916 0.504144 0.314037 0.374934
0 0.862324 0.318854 0.0406385 0.0290053
0 0.829014 0.745401 0.047954 0.0378304
0 0.342989 0.0646524 0.0553617 0.0429475
0 0.982241 0.265131 0.0352051 0.0446354
0 0.448283 0.968277 0.0327723 0.0258503
0 0.210296 0.0788527 0.0494106 0.0358757
0 0.349614 0.724843 0.0310129 0.0238529
0 0.382285 0.417404 0.0430807 0.0313612
0 0.139008 0.108147 0.0748288 0.0640138
0 0.414532 0.135292 0.0369127 0.0299394
0 0.828776 0.958523 0.0416725 0.0318901
0 0.0164364 0.582758 0.0328729 0.150979
0 0.197373 0.487757 0.051368 0.0391661
0 0.578092 0.596486 0.310508 0.236929
0 0.274513 0.250557 0.029493 0.0255167
0 0.946444 0.830737 0.106843 0.146682
0 0.199935 0.0335082 0.0519023 0.0426301
0 0.0870018 0.649521 0.15812 0.132343
0 0.862652 0.289147 0.0333326 0.0247661
0 0.948229 0.736417 0.102457 0.0850369
