0 0.35279 0.100701 0.121284 0.11131
0 0.757373 0.270517 0.36559 0.342129
0 0.315363 0.603701 0.0947837 0.0892048
0 0.516742 0.0495115 0.0475485 0.0434927
0 0.874387 0.514918 0.0521805 0.0475431
0 0.898222 0.554806 0.0326305 0.0301794
0 0.839328 0.0292312 0.0320179 0.0298284
0 0.545286 0.400555 0.0383237 0.0369826
0 0.984863 0.730338 0.0302736 0.0344252
0 0.280678 0.579525 0.043333 0.0410303
0 0.859846 0.707237 0.0408236 0.0374102
0 0.678406 0.777371 0.0358501 0.0337213
0 0.809358 0.446967 0.0332041 0.0293818
0 0.0462748 0.328441 0.0298209 0.0279299
0 0.539592 0.70697 0.0298576 0.0288702
0 0.411052 0.00972646 0.0435604 0.0194529
0 0.556856 0.517646 0.0293863 0.026911
0 0.654235 0.297905 0.0348377 0.0343791
0 0.410266 0.736963 0.0296945 0.0281857
0 0.488312 0.582397 0.0363617 0.0342033
0 0.506845 0.563246 0.0341442 0.032131
0 0.113913 0.916256 0.227826 0.166802
0 0.426514 0.663407 0.0304605 0.0292564
0 0.628609 0.126037 0.0385303 0.034559
0 0.265826 0.737219 0.0364431 0.034918
0 0.59872 0.980606 0.045598 0.038294
0 0.38371 0.0290636 0.0416271 0.0385786
0 0.767493 0.515177 0.0307533 0.0282922
0 0.497626 0.278125 0.0314781 0.0308539
0 0.763846 0.251604 0.0402793 0.0369568
0 0.268611 0.712013 0.0323379 0.0302103
0 0.259091 0.669045 0.0309383 0.0290539
0 0.172355 0.0925065 0.0273814 0.0263094
0 0.897421 0.911488 0.0325657 0.0300739
0 0.392742 0.213993 0.0352824 0.0325398
0 0.173068 0.757916 0.0382483 0.0367083
0 0.192593 0.0142647 0.0356824 0.0277097
0 0.688474 0.548649 0.0284096 0.0270823
0 0.902828 0.948698 0.0318844 0.0293615
0 0.751191 0.919561 0.0295319 0.027449
0 0.43032 0.290664 0.0393339 0.0387145
0 0.614994 0.708341 0.034297 0.0322157
0 0.878758 0.0917307 0.0330349 0.0313832
0 0.982734 0.919886 0.0304279 0.0279825
0 0.40368 0.279224 0.0443715 0.04285
0 0.492975 0.883523 0.0264601 0.0266804
0 0.814193 0.514928 0.0272928 0.025975
0 0.642256 0.665807 0.0341578 0.0316532
0 0.426647 0.686132 0.0271143 0.026178
0 0.774315 0.688418 0.0282446 0.0276732
0 0.711699 0.9735 0.0565594 0.0496216
0 0.767049 0.949332 0.0591137 0.0542042
