0 0.253065 0.49463 0.290174 0.255168
0 0.525654 0.570959 0.237097 0.212467
0 0.900002 0.519125 0.122637 0.107117
0 0.26636 0.65459 0.16706 0.150794
0 0.747406 0.89408 0.209591 0.193798
0 0.701106 0.224453 0.158904 0.147154
0 0.46216 0.219595 0.0445503 0.040832
0 0.831072 0.17192 0.0679409 0.0624169
0 0.101994 0.443231 0.165785 0.15889
0 0.958119 0.583679 0.0653507 0.0577225
0 0.128079 0.126286 0.0819032 0.0739441
0 0.355399 0.791889 0.0883194 0.0810268
0 0.283492 0.950158 0.19749 0.0987274
0 0.359023 0.146837 0.0521269 0.0465122
0 0.564575 0.861705 0.0367753 0.0333214
0 0.0925501 0.566902 0.085438 0.0773323
0 0.564899 0.311977 0.0543154 0.0492899
0 0.243385 0.228158 0.0977802 0.0833169
0 0.73661 0.379738 0.0303173 0.0269316
0 0.246226 0.1181 0.0270389 0.0246123
0 0.793376 0.767681 0.0295768 0.0260054
0 0.405969 0.886169 0.0952327 0.0840405
0 0.919243 0.124628 0.161299 0.183152
0 0.613711 0.825597 0.0843243 0.0786964
0 0.154593 0.850693 0.233204 0.211984
0 0.0135364 0.776314 0.0267508 0.0523182
0 0.694006 0.114206 0.0778795 0.0676315
0 0.44271 0.147576 0.0354345 0.0303204
0 0.466899 0.180828 0.0353518 0.0313585
0 0.493151 0.97604 0.210855 0.0479197
0 0.405623 0.558795 0.0277764 0.0251095
0 0.412467 0.053675 0.0527198 0.0483344
0 0.647098 0.147004 0.0388162 0.0346622
0 0.978315 0.459893 0.034568 0.0292343
0 0.184596 0.0270157 0.0268022 0.0240406
0 0.591834 0.471027 0.026832 0.0250408
0 0.0301727 0.369283 0.0601948 0.0730927
0 0.796954 0.432442 0.197233 0.179855
0 0.251068 0.769862 0.0338686 0.0297661
0 0.0271204 0.808172 0.0333748 0.0313448
0 0.0283788 0.533982 0.0566669 0.110644
0 0.205638 0.0671214 0.360425 0.134179
0 0.0444824 0.683541 0.0889649 0.171271
0 0.712576 0.780643 0.0267147 0.0235977
0 0.554909 0.46436 0.0308315 0.0256005
0 0.534266 0.947552 0.025676 0.0230162
0 0.0262833 0.990036 0.0525666 0.0196009
0 0.654003 0.971208 0.120979 0.0566931
0 0.767594 0.19165 0.0902248 0.0730674
0 0.971295 0.389885 0.0291698 0.0270662
