0 0.57403 0.0318517 0.0456517 0.0440197
0 0.220276 0.949322 0.0432028 0.039875
0 0.348222 0.377226 0.0278769 0.0272995
0 0.079103 0.207685 0.0294496 0.0290703
0 0.622148 0.0387168 0.0303684 0.0300722
0 0.431946 0.37258 0.026528 0.0253051
0 0.389848 0.217897 0.0283017 0.0277308
0 0.442643 0.0468129 0.0260131 0.0253091
0 0.890803 0.621165 0.0252256 0.0243457
0 0.0833784 0.513091 0.0293969 0.0289339
0 0.162717 0.118843 0.0258695 0.025809
0 0.0321431 0.558813 0.0267 0.0266191
0 0.637929 0.459553 0.0267372 0.0257957
0 0.776157 0.535676 0.0268194 0.0258743
0 0.883562 0.057232 0.0556602 0.0516756
0 0.541881 0.654835 0.0632204 0.0586458
0 0.101555 0.703155 0.0281136 0.0264874
0 0.152376 0.804494 0.0389524 0.0370422
0 0.0521055 0.964633 0.0315057 0.0295387
