0 0.118304 0.444403 0.230948 0.224617
0 0.347272 0.182867 0.0704913 0.0673212
0 0.34018 0.248434 0.0568577 0.0543892
0 0.15494 0.868922 0.0473054 0.0459476
0 0.505723 0.87231 0.0627647 0.0623333
0 0.949225 0.253 0.0578615 0.0575945
0 0.752658 0.884077 0.0572016 0.056192
0 0.798208 0.213829 0.0395878 0.0389059
0 0.633485 0.749542 0.0890924 0.0880798
0 0.438767 0.0416449 0.120778 0.0830346
0 0.392919 0.971425 0.0945303 0.0571491
0 0.274085 0.508248 0.0515037 0.0501995
0 0.634013 0.063486 0.0406972 0.0404675
0 0.368626 0.335043 0.0368858 0.0339565
0 0.287035 0.140683 0.0314841 0.0307369
0 0.984395 0.0622342 0.0312101 0.0343176
0 0.436169 0.484808 0.155291 0.148262
0 0.559863 0.907533 0.029207 0.0290913
0 0.967301 0.654514 0.0367367 0.0354977
0 0.958659 0.500994 0.0270214 0.0267366
0 0.517675 0.118697 0.0339609 0.0323317
0 0.91 0.0750711 0.0334396 0.0320475
0 0.540442 0.154789 0.0288668 0.0288613
0 0.287234 0.828948 0.0323055 0.0341747
0 0.48404 0.0678265 0.0631071 0.0620298
0 0.240286 0.913842 0.0485646 0.0472519
0 0.965702 0.0446548 0.0245365 0.0240063
0 0.908681 0.182346 0.02995 0.0291386
0 0.352623 0.511004 0.0306075 0.0286592
0 0.708991 0.374887 0.0282188 0.028088
0 0.679346 0.00645632 0.0321958 0.0128526
0 0.605406 0.839364 0.0633673 0.0596062
0 0.832864 0.383799 0.0302494 0.0288902
0 0.0826433 0.271155 0.0466853 0.0409699
0 0.81884 0.145322 0.0250647 0.0251274
0 0.229824 0.0775497 0.240407 0.154971
0 0.337985 0.60663 0.0667007 0.0629644
0 0.600883 0.935636 0.0377558 0.0368181
0 0.0137815 0.0497075 0.0266659 0.0275477
0 0.262121 0.760229 0.140391 0.141158
0 0.810367 0.827423 0.0512722 0.049992
0 0.878593 0.150198 0.0242519 0.0233922
0 0.552951 0.0277744 0.103148 0.0550437
0 0.357383 0.106867 0.0571487 0.0571631
0 0.284026 0.793064 0.0336839 0.0353279
0 0.334198 0.573287 0.0978878 0.0992083
0 0.310043 0.348471 0.0284112 0.0259894
