0 0.459077 0.425386 0.0365885 0.0333557
0 0.0778901 0.520765 0.0440456 0.0376176
0 0.815519 0.191008 0.0402246 0.0369399
0 0.0525435 0.800224 0.0483972 0.0453205
0 0.789969 0.232797 0.0354266 0.0332124
0 0.68744 0.180855 0.0484795 0.0440235
0 0.796665 0.39272 0.0343758 0.0320549
0 0.707476 0.565223 0.0322477 0.0300726
0 0.336536 0.419131 0.0360816 0.0318079
0 0.423665 0.055909 0.0307358 0.0280961
0 0.228703 0.747524 0.0305756 0.0283943
0 0.918934 0.192419 0.162133 0.255082
0 0.870947 0.358968 0.0394873 0.0361732
0 0.283046 0.332012 0.0314939 0.0287461
0 0.19561 0.695115 0.0305728 0.0276065
0 0.483188 0.301199 0.0304997 0.0270328
0 0.590484 0.341096 0.0356186 0.0324399
