0 0.88804 0.57467 0.0726223 0.0692018
0 0.619065 0.242865 0.0681281 0.0649238
0 0.614244 0.52244 0.0406057 0.0383533
0 0.726059 0.346624 0.0422411 0.0392511
0 0.395108 0.649718 0.0399839 0.0373745
0 0.0761347 0.812762 0.0395503 0.0372353
0 0.646203 0.909463 0.0318808 0.0303135
0 0.916543 0.906307 0.0274567 0.025967
0 0.734894 0.462947 0.0421951 0.0373346
0 0.43934 0.601487 0.0402819 0.0393497
0 0.434603 0.508472 0.0438649 0.0406142
0 0.206264 0.756699 0.0334333 0.0323851
0 0.863023 0.146523 0.0353615 0.0331192
0 0.909839 0.31051 0.0294098 0.0283752
0 0.442325 0.208817 0.031504 0.0298723
0 0.775168 0.640773 0.029314 0.0267162
0 0.570028 0.849395 0.030869 0.0284557
0 0.0371621 0.554212 0.0443061 0.0423541
0 0.520515 0.0961716 0.0420153 0.0423019
0 0.0712476 0.622631 0.0274135 0.027335
0 0.458327 0.326718 0.0420348 0.040757
0 0.536239 0.241289 0.0307304 0.0299602
0 0.586981 0.651122 0.0434809 0.0415956
0 0.571886 0.411345 0.0360188 0.0322441
0 0.494878 0.779894 0.0311035 0.0290175
0 0.985148 0.168429 0.0294653 0.126496
0 0.987946 0.991989 0.0229717 0.0160229
0 0.359066 0.366636 0.0298684 0.0283569
0 0.611586 0.461787 0.0248751 0.0247631
0 0.0773755 0.587317 0.0330157 0.0319542
0 0.143176 0.88455 0.0318953 0.0302567
0 0.460411 0.762283 0.0262928 0.0253473
0 0.824703 0.26638 0.0322174 0.0310792
0 0.9048 0.19155 0.0412745 0.0391312
0 0.0126546 0.13348 0.0249259 0.0309259
0 0.904921 0.144233 0.027981 0.0278826
