0 0.533713 0.129281 0.046418 0.0444671
0 0.972858 0.785625 0.0487179 0.0459614
0 0.841829 0.969956 0.0461365 0.0427563
0 0.914619 0.982234 0.0335676 0.0314928
0 0.612753 0.327515 0.0307007 0.0288575
0 0.882857 0.969144 0.0356663 0.0318661
0 0.0421909 0.110593 0.084362 0.130015
0 0.474877 0.871981 0.0293756 0.0271147
0 0.388768 0.760931 0.0296469 0.0274786
0 0.612991 0.889319 0.0305231 0.0274883
0 0.598774 0.0961167 0.062833 0.0557521
0 0.832287 0.780686 0.0283699 0.0264648
0 0.9883 0.109201 0.0231873 0.0293501
0 0.831921 0.93081 0.0271097 0.0256802
0 0.509917 0.361445 0.0399218 0.0371921
