0 0.804708 0.359418 0.0736965 0.0610838
0 0.48367 0.726135 0.0417459 0.0355651
0 0.952149 0.250779 0.0356598 0.0296394
0 0.213953 0.235565 0.0340416 0.0299175
0 0.722972 0.168737 0.0340401 0.028677
0 0.613606 0.579234 0.0362462 0.0305007
0 0.452317 0.901569 0.0409075 0.0325138
0 0.813365 0.305614 0.0293575 0.0269364
0 0.107775 0.521032 0.0546969 0.0468418
0 0.839135 0.395784 0.043269 0.0351116
0 0.268953 0.0504822 0.0311288 0.0263099
0 0.139845 0.49505 0.0324741 0.0283356
0 0.61802 0.658829 0.0401209 0.0340316
0 0.88082 0.120657 0.0297138 0.0258399
0 0.735884 0.983895 0.0409218 0.0314531
0 0.820629 0.586574 0.039019 0.0342981
0 0.753664 0.231143 0.0296532 0.0250364
