0 0.850596 0.467683 0.161566 0.119561
0 0.496991 0.943516 0.178121 0.112968
0 0.65168 0.414854 0.0890129 0.0666127
0 0.642426 0.885036 0.0814527 0.0625069
0 0.545887 0.883356 0.085955 0.0623825
0 0.950135 0.738599 0.0463142 0.036414
0 0.128059 0.884051 0.0745448 0.0556446
0 0.529085 0.669918 0.0519203 0.0383022
0 0.265537 0.946758 0.0747586 0.0580011
0 0.512723 0.544382 0.0565502 0.0395747
0 0.967981 0.942595 0.0631027 0.078022
0 0.643956 0.0850515 0.0427217 0.031279
0 0.354209 0.934923 0.0378445 0.0298794
0 0.245361 0.639025 0.042798 0.0307982
0 0.538165 0.515897 0.0353193 0.026138
0 0.174147 0.332404 0.0696484 0.0502832
0 0.49111 0.23064 0.0474964 0.0378303
0 0.310632 0.703329 0.0610861 0.0429947
0 0.63363 0.0527581 0.0530045 0.038038
0 0.810807 0.977782 0.174608 0.0444368
0 0.728353 0.540983 0.0461226 0.0344217
0 0.0279131 0.0788208 0.0556615 0.0476735
0 0.85499 0.748465 0.0341013 0.0251638
0 0.32963 0.188668 0.0516165 0.0381956
0 0.568586 0.24945 0.0417313 0.0294659
0 0.242575 0.341059 0.059995 0.0470432
0 0.608136 0.341412 0.0450474 0.0335855
0 0.524939 0.0736323 0.0484695 0.0363319
0 0.0649938 0.884446 0.0408375 0.0320126
0 0.253644 0.443417 0.093499 0.074983
0 0.693 0.38092 0.0356741 0.0289119
0 0.316999 0.934396 0.0321124 0.0241997
0 0.529958 0.102166 0.0389441 0.0291342
0 0.828966 0.157327 0.0384027 0.0287999
0 0.14229 0.215404 0.283378 0.245164
0 0.26289 0.593184 0.0501821 0.038328
0 0.314203 0.128384 0.0539305 0.0370434
0 0.567986 0.475477 0.0426439 0.0306257
0 0.710107 0.133341 0.0688679 0.0519241
0 0.514706 0.922708 0.0366734 0.0296984
0 0.448382 0.0578034 0.0306482 0.0250809
0 0.180607 0.726825 0.0424782 0.0317215
0 0.207291 0.867426 0.0324682 0.0252935
0 0.464945 0.170917 0.0930241 0.0797007
