0 0.538861 0.538506 0.197513 0.187032
0 0.0722984 0.95651 0.0983727 0.0862141
0 0.887895 0.915803 0.168509 0.15483
0 0.448901 0.450348 0.11344 0.105482
0 0.897657 0.367459 0.203919 0.224963
0 0.959058 0.734194 0.0818831 0.0861427
0 0.0798124 0.100039 0.0469305 0.0432286
0 0.115223 0.0395441 0.0605098 0.0552563
0 0.0211927 0.285233 0.0369985 0.0342827
0 0.826962 0.239368 0.034203 0.0320754
0 0.46139 0.211607 0.0397526 0.0375624
0 0.879264 0.0594076 0.220588 0.118815
0 0.400072 0.500042 0.0315098 0.0311953
0 0.165741 0.581975 0.0413822 0.0398001
0 0.770461 0.860461 0.0367752 0.0333044
0 0.380426 0.071386 0.0343368 0.0317186
0 0.63854 0.276876 0.102891 0.091588
0 0.0407513 0.739726 0.0815026 0.0820023
0 0.960617 0.163627 0.0580994 0.0514278
0 0.414076 0.968022 0.0338425 0.0321764
0 0.025362 0.135824 0.0316411 0.031073
0 0.221157 0.293347 0.194546 0.181406
0 0.665392 0.0712709 0.0732374 0.0695031
0 0.366429 0.676605 0.0316249 0.0301853
0 0.702893 0.807561 0.0272587 0.0254933
0 0.487407 0.0496798 0.0303625 0.0285232
0 0.801948 0.958811 0.179985 0.082379
0 0.0676464 0.794505 0.0604949 0.0579155
0 0.837086 0.6706 0.0283108 0.0275425
0 0.12005 0.912411 0.0481333 0.0453085
0 0.19532 0.442749 0.120016 0.114743
0 0.0659553 0.283931 0.0298141 0.0285705
0 0.531545 0.013876 0.0419723 0.027752
0 0.302125 0.82709 0.0896415 0.0852043
0 0.988645 0.515878 0.0227095 0.0298325
0 0.132371 0.3263 0.0973844 0.0924099
0 0.70117 0.973412 0.0415186 0.037871
0 0.364911 0.181656 0.027904 0.0267074
0 0.301754 0.891545 0.0687526 0.0634544
0 0.557437 0.939482 0.0296932 0.027033
0 0.677414 0.0949043 0.0425316 0.0418961
0 0.52821 0.187307 0.0912804 0.0865288
0 0.532436 0.424654 0.0652273 0.0584942
0 0.826881 0.610773 0.0343906 0.0313902
0 0.895761 0.570508 0.0516909 0.049039
