0 0.61895 0.579339 0.0598518 0.0560955
0 0.319957 0.109673 0.0525232 0.0496271
0 0.0410475 0.390569 0.082095 0.112304
0 0.972095 0.93823 0.0368313 0.0348206
0 0.575634 0.848729 0.0364283 0.0349743
0 0.339871 0.476857 0.0438465 0.0415395
0 0.187316 0.950979 0.0319159 0.0304089
0 0.813366 0.645728 0.0293848 0.0282341
0 0.913285 0.346393 0.0330633 0.0319552
0 0.745071 0.0201896 0.0482645 0.0403792
0 0.677073 0.807729 0.0512138 0.0498129
0 0.790083 0.795948 0.0596116 0.0576177
0 0.850155 0.913046 0.0918327 0.0873613
0 0.267055 0.99246 0.0258698 0.0149727
0 0.491869 0.725304 0.0329535 0.0296197
0 0.741981 0.836333 0.0400185 0.0408684
0 0.666485 0.844298 0.0535793 0.0524918
0 0.0170575 0.890969 0.0337936 0.0464535
0 0.396904 0.0673225 0.0879243 0.0853121
0 0.620826 0.669234 0.0268713 0.0255859
0 0.622347 0.641905 0.0247187 0.0238228
0 0.944837 0.0143725 0.0270918 0.0255383
0 0.659713 0.556751 0.0261401 0.0255182
0 0.219277 0.702036 0.0304874 0.0293187
0 0.831641 0.795449 0.13148 0.126388
0 0.96534 0.588616 0.0262672 0.0255197
0 0.0862502 0.500295 0.0416103 0.0373077
0 0.0948904 0.948763 0.0250677 0.0239708
