0 0.572907 0.31924 0.337187 0.27223
0 0.954688 0.731314 0.0886978 0.0750052
0 0.359769 0.808859 0.318577 0.209132
0 0.960618 0.407149 0.0492289 0.0391202
0 0.135057 0.731753 0.0527513 0.0402157
0 0.260198 0.39594 0.0611014 0.0481863
0 0.653394 0.49663 0.0530807 0.0417027
0 0.330966 0.629521 0.0688157 0.0506992
0 0.822575 0.352175 0.0606436 0.0447763
0 0.0884838 0.671344 0.0989624 0.0712084
0 0.246581 0.189428 0.0512339 0.0391111
0 0.51942 0.486584 0.0473129 0.0354093
0 0.419779 0.211866 0.0502645 0.0383808
0 0.699419 0.527571 0.0721933 0.0558165
0 0.611354 0.471112 0.0536792 0.0409318
0 0.808486 0.779226 0.0433804 0.0340496
0 0.732077 0.504308 0.046644 0.0381869
0 0.267241 0.616311 0.0498145 0.0339878
0 0.756454 0.772492 0.0512911 0.037436
0 0.91898 0.16718 0.0438366 0.0329654
0 0.238748 0.645637 0.0391652 0.0307549
0 0.771846 0.296994 0.0459434 0.0337035
0 0.388249 0.629306 0.0428664 0.0330545
0 0.112232 0.526217 0.0416215 0.0311489
0 0.471011 0.565328 0.040457 0.0317314
0 0.720622 0.848442 0.0723481 0.0568056
0 0.914664 0.315009 0.0500595 0.0374166
0 0.919716 0.515189 0.050462 0.0380306
0 0.709539 0.140809 0.0596682 0.0447383
0 0.233785 0.299022 0.0388294 0.0306233
0 0.756957 0.886901 0.137224 0.109266
0 0.173558 0.179723 0.193591 0.160771
0 0.948699 0.141905 0.0409248 0.0323434
0 0.734322 0.38299 0.0490952 0.034204
0 0.196529 0.635197 0.0479938 0.0368398
0 0.95557 0.470522 0.0719589 0.0536818
0 0.132269 0.832662 0.117915 0.0833458
0 0.29955 0.673966 0.108863 0.078532
0 0.0543389 0.68567 0.0377557 0.0290608
0 0.0179478 0.650388 0.0358723 0.0660331
0 0.19385 0.273161 0.0431473 0.0320308
0 0.375881 0.516498 0.156348 0.131777
0 0.0796072 0.0298287 0.0838809 0.059372
0 0.376447 0.053138 0.366354 0.1061
0 0.797375 0.0782759 0.40525 0.156552
