0 0.398671 0.618508 0.276006 0.23143
0 0.702334 0.281842 0.130206 0.102849
0 0.808505 0.105722 0.154365 0.125573
0 0.635758 0.335182 0.0667233 0.0517758
0 0.240333 0.78407 0.0398541 0.0326946
0 0.334879 0.632772 0.0357841 0.0306244
0 0.0449292 0.958077 0.0895302 0.0836151
0 0.670279 0.403081 0.0675271 0.0534081
0 0.815106 0.896285 0.0447241 0.0362011
0 0.158027 0.392877 0.152124 0.125486
0 0.724165 0.887396 0.0317905 0.025729
0 0.600437 0.419229 0.0405885 0.0333596
0 0.110964 0.843358 0.221928 0.306298
0 0.181371 0.697492 0.103664 0.0853966
0 0.716488 0.717542 0.0401477 0.0325018
0 0.648459 0.171718 0.0538233 0.0426395
0 0.0638755 0.314034 0.126669 0.116091
0 0.54827 0.0975502 0.087575 0.0716161
0 0.733691 0.0492155 0.0418701 0.034182
0 0.660945 0.106135 0.0359545 0.0274055
0 0.366074 0.592477 0.0297011 0.0262545
0 0.978128 0.404196 0.0428963 0.0418421
0 0.365751 0.0551985 0.0328918 0.0261235
0 0.293643 0.335901 0.0433444 0.0343712
0 0.238356 0.652886 0.0313772 0.0260847
0 0.507064 0.87381 0.0824682 0.0687038
0 0.368021 0.4252 0.0481705 0.041185
0 0.743407 0.00831962 0.036204 0.0166392
0 0.885782 0.57144 0.228436 0.230078
0 0.310721 0.454908 0.0763458 0.0628625
0 0.266629 0.24477 0.369106 0.292375
0 0.974081 0.57813 0.0318026 0.0246834
0 0.895079 0.300808 0.0459263 0.0366365
0 0.603874 0.510417 0.0570539 0.0489273
0 0.0219512 0.314001 0.0439024 0.055333
0 0.808944 0.510598 0.0580053 0.0474747
0 0.934747 0.057279 0.0376312 0.0353971
0 0.0955547 0.460911 0.0567763 0.0447071
