0 0.287927 0.760587 0.347622 0.326748
0 0.436159 0.532432 0.325314 0.310283
0 0.650372 0.874773 0.33645 0.250455
0 0.0662644 0.192321 0.132484 0.172758
0 0.282661 0.426777 0.0395884 0.0378689
0 0.361394 0.0349643 0.0397792 0.0377737
0 0.166356 0.401843 0.332713 0.375468
0 0.83297 0.404076 0.0377785 0.0359403
0 0.382595 0.234823 0.0414318 0.0396042
0 0.879052 0.794965 0.0331257 0.0318922
0 0.891914 0.85946 0.0372433 0.0357719
0 0.671181 0.0780871 0.0475188 0.0446663
0 0.570805 0.619397 0.0548092 0.0526623
0 0.877666 0.831863 0.0314127 0.0280075
0 0.0182304 0.856339 0.0364608 0.108749
0 0.369312 0.972506 0.0288324 0.0273857
0 0.213142 0.974727 0.165344 0.0503471
0 0.241166 0.163914 0.0270875 0.025341
0 0.914158 0.918308 0.171683 0.16247
0 0.988751 0.986584 0.0220963 0.0264996
0 0.353124 0.260302 0.0295223 0.0281721
