0 0.942054 0.449788 0.0651768 0.0586491
0 0.0727255 0.948376 0.0680901 0.0629051
0 0.342024 0.449188 0.0436736 0.0425331
0 0.14598 0.0423622 0.046677 0.0447108
0 0.111823 0.505433 0.0354494 0.03309
0 0.0161867 0.513424 0.0323734 0.0371383
0 0.527045 0.982601 0.0508858 0.0346386
0 0.968578 0.593114 0.0336002 0.0301978
0 0.27174 0.599127 0.0321726 0.0311552
0 0.599009 0.0420241 0.0314036 0.0306257
0 0.600763 0.982902 0.112612 0.0329262
0 0.385627 0.376323 0.0311583 0.0308664
0 0.285816 0.0237874 0.026093 0.0250131
0 0.828807 0.102556 0.0690771 0.0637875
0 0.428695 0.346255 0.0295522 0.0284048
0 0.287979 0.630767 0.0384992 0.0379132
