0 0.883808 0.21316 0.112458 0.104711
0 0.404472 0.165218 0.0956986 0.0849856
0 0.548272 0.209246 0.104593 0.0947264
0 0.264428 0.163943 0.108298 0.0980161
0 0.750585 0.372768 0.12042 0.107454
0 0.486877 0.518332 0.215843 0.183293
0 0.263203 0.39964 0.294042 0.268209
0 0.692708 0.434923 0.130291 0.115076
0 0.545451 0.441746 0.0642111 0.0572102
0 0.949259 0.435783 0.0454735 0.0419226
0 0.845661 0.667944 0.0508665 0.0442768
0 0.205549 0.647905 0.033623 0.0302996
0 0.435078 0.413379 0.0613041 0.054773
0 0.963001 0.884851 0.0341515 0.0293592
0 0.659823 0.0907963 0.0511612 0.0477311
0 0.711452 0.04345 0.0630467 0.0579924
0 0.780817 0.429903 0.0609814 0.0579844
0 0.661632 0.0349598 0.0427578 0.0388809
0 0.963887 0.487952 0.0722254 0.093965
0 0.104833 0.142363 0.0660595 0.0595347
0 0.0535845 0.164308 0.0479444 0.0420213
0 0.838262 0.00688141 0.0447527 0.0137628
0 0.257027 0.367247 0.0315549 0.0293481
0 0.678039 0.991314 0.0368454 0.0173719
0 0.702287 0.249921 0.0598059 0.0525502
0 0.876025 0.3734 0.156898 0.142593
0 0.470309 0.0186227 0.0835434 0.0370382
0 0.818348 0.452875 0.0341206 0.0307259
0 0.575413 0.721289 0.269509 0.245534
0 0.302573 0.115895 0.0350166 0.0313943
0 0.740904 0.86124 0.0316187 0.0278246
0 0.889591 0.857166 0.0311035 0.0274862
0 0.49966 0.647004 0.0472177 0.0399363
0 0.796935 0.156191 0.0382172 0.0328162
0 0.792643 0.623275 0.108154 0.0951878
0 0.542292 0.00726102 0.0388089 0.014522
0 0.482095 0.125806 0.0374948 0.0335565
0 0.979704 0.733366 0.0358814 0.0336306
0 0.909935 0.718355 0.0300797 0.0290152
0 0.878599 0.448735 0.0398592 0.0373017
0 0.916245 0.597517 0.160006 0.148077
0 0.692641 0.158503 0.0471393 0.043842
0 0.104991 0.32026 0.155929 0.125486
0 0.964626 0.0714899 0.0346437 0.0319483
0 0.769113 0.126408 0.0344491 0.0318271
0 0.926957 0.106786 0.0338497 0.0322377
0 0.612403 0.103698 0.0550637 0.0547012
