0 0.639147 0.707443 0.0417379 0.0331023
0 0.415692 0.281961 0.0531392 0.0427273
0 0.806468 0.832647 0.0468902 0.0368042
0 0.193729 0.685923 0.041044 0.0293925
0 0.916085 0.81759 0.107757 0.0832628
0 0.612224 0.407272 0.0327503 0.0266865
0 0.679633 0.443379 0.0335136 0.0262524
0 0.0782763 0.734985 0.156283 0.218701
0 0.485651 0.407353 0.0374226 0.0299624
0 0.974516 0.520813 0.0285801 0.023918
0 0.291491 0.312743 0.0321435 0.0255537
0 0.831424 0.813028 0.0329853 0.0252064
0 0.714162 0.330278 0.0366903 0.0264546
0 0.737774 0.644683 0.072004 0.0622268
