0 0.200956 0.616055 0.038641 0.0314254
0 0.881689 0.165924 0.0783274 0.0573463
0 0.761197 0.173887 0.0408775 0.0315529
0 0.868246 0.413184 0.0645889 0.049787
0 0.771326 0.421373 0.125781 0.0983239
0 0.665094 0.177613 0.0660505 0.0488446
0 0.646912 0.718813 0.070154 0.0516418
0 0.932033 0.0726074 0.0852932 0.0698892
0 0.786214 0.805026 0.0630882 0.0476182
0 0.687785 0.183613 0.100275 0.0667153
0 0.663801 0.948714 0.0509958 0.0392967
0 0.542199 0.923849 0.0637526 0.0469313
0 0.989798 0.263351 0.0203999 0.0278441
0 0.963223 0.869659 0.073554 0.065237
0 0.384268 0.48656 0.768535 0.780366
0 0.903929 0.122032 0.0826994 0.0613014
0 0.330995 0.193358 0.0978161 0.0729359
0 0.797425 0.950801 0.27305 0.0983973
0 0.507215 0.0460702 0.098452 0.077874
0 0.613832 0.929112 0.0756093 0.0589355
0 0.417112 0.216341 0.050501 0.0422139
