0 0.266136 0.392546 0.0831178 0.0811842
0 0.738055 0.420858 0.0598717 0.0591143
0 0.548664 0.4744 0.0491058 0.0479061
0 0.775552 0.744576 0.0421572 0.0396259
0 0.647551 0.604495 0.0469694 0.0466179
0 0.59894 0.301012 0.0361882 0.0348187
0 0.180743 0.191149 0.0419824 0.0400446
0 0.228878 0.927798 0.0352243 0.0335339
0 0.765491 0.470685 0.0468611 0.0456637
0 0.775306 0.6261 0.036787 0.0365144
0 0.759104 0.544177 0.0360666 0.0338058
0 0.81773 0.178042 0.36454 0.353556
0 0.0444515 0.171416 0.0435559 0.0425381
0 0.453887 0.942416 0.0355681 0.0347778
0 0.978839 0.63565 0.042005 0.0694149
0 0.742346 0.768869 0.0297941 0.0289743
0 0.325711 0.858024 0.0270573 0.0264217
0 0.580555 0.00785116 0.0298602 0.0156855
0 0.359479 0.232952 0.0270309 0.0261837
0 0.459342 0.770046 0.0263994 0.0259772
0 0.713011 0.597958 0.0338142 0.0326254
0 0.242777 0.155234 0.0287822 0.0281652
0 0.608081 0.448266 0.0374112 0.0351499
0 0.250598 0.868906 0.0245996 0.0238941
0 0.0678836 0.661395 0.0294301 0.028302
0 0.0643264 0.22372 0.0394487 0.0383815
0 0.259156 0.556074 0.0291073 0.0281613
0 0.186984 0.248837 0.0281745 0.0265553
0 0.207723 0.872487 0.0468534 0.045385
0 0.259529 0.891672 0.0421879 0.0417566
0 0.608545 0.953109 0.108017 0.093782
0 0.129088 0.488093 0.0595212 0.0537029
0 0.234712 0.90285 0.028365 0.0303192
0 0.803712 0.487811 0.0505379 0.0519223
0 0.535355 0.166599 0.238477 0.233116
0 0.367963 0.213831 0.0259895 0.025555
0 0.323401 0.909803 0.0324844 0.0323063
0 0.298159 0.34024 0.0339591 0.0329094
0 0.0513424 0.200538 0.0297559 0.0295382
