0 0.195942 0.252482 0.123744 0.096534
0 0.818215 0.101225 0.112714 0.0855637
0 0.209507 0.795569 0.0885051 0.0624527
0 0.918014 0.511671 0.0926613 0.0730372
0 0.410693 0.491402 0.0858904 0.0652764
0 0.875447 0.229261 0.0737923 0.0568485
0 0.127558 0.402201 0.220041 0.178065
0 0.792052 0.566208 0.0556726 0.0443877
0 0.966207 0.697508 0.0675866 0.0600609
0 0.0531267 0.79517 0.065909 0.0540934
0 0.277091 0.289498 0.0546779 0.0426978
0 0.280877 0.158084 0.0616664 0.0459777
0 0.172758 0.659002 0.0760756 0.0571596
0 0.295959 0.406661 0.0592805 0.0463055
0 0.807842 0.825101 0.059571 0.0451462
0 0.924092 0.365143 0.0405933 0.0324163
0 0.39371 0.772053 0.0469165 0.0383334
0 0.26718 0.969202 0.0462086 0.0356745
0 0.254674 0.0794375 0.0525497 0.0374571
0 0.218813 0.547525 0.0619 0.0495327
0 0.132111 0.292981 0.0413948 0.0331748
0 0.0727998 0.851893 0.0613845 0.047241
0 0.263994 0.488054 0.0510452 0.0383402
0 0.382312 0.870528 0.0636999 0.0470776
0 0.872466 0.838639 0.0553623 0.0382931
0 0.0240625 0.0164643 0.048125 0.0323583
0 0.42562 0.608935 0.0340824 0.0266889
0 0.782795 0.152038 0.0524076 0.0409209
0 0.770294 0.640507 0.0622815 0.0462978
0 0.238352 0.439537 0.0400096 0.0315496
0 0.27346 0.844945 0.044942 0.0339846
0 0.50483 0.601847 0.0459131 0.0342315
0 0.122082 0.936832 0.081187 0.0505135
0 0.969959 0.547146 0.0600824 0.0576921
0 0.119859 0.867738 0.0450442 0.0366032
0 0.294599 0.552877 0.0355114 0.0283028
0 0.84976 0.744066 0.0450584 0.0342539
0 0.891254 0.63925 0.0591625 0.0408044
0 0.0877345 0.893995 0.0482387 0.0359619
0 0.636286 0.0768325 0.0392143 0.0307984
0 0.108669 0.755885 0.072776 0.057605
0 0.517968 0.164666 0.0610508 0.0486992
0 0.217026 0.746134 0.081522 0.0604284
0 0.605161 0.74929 0.171251 0.125211
0 0.226829 0.700945 0.0895045 0.0664049
0 0.169589 0.311735 0.0447242 0.0365369
0 0.627195 0.318912 0.0374049 0.0294372
0 0.166339 0.893526 0.063564 0.0530964
0 0.155884 0.417153 0.057134 0.0437472
0 0.850959 0.33711 0.0425831 0.0298466
0 0.493247 0.745875 0.0553072 0.0465899
0 0.982876 0.98521 0.0341097 0.028582
0 0.10897 0.832064 0.0320641 0.0257034
0 0.595897 0.0288406 0.0349749 0.0305728
0 0.644574 0.429369 0.0328365 0.0262262
0 0.828528 0.366146 0.0385464 0.0306089
0 0.770144 0.434994 0.0850739 0.0704565
0 0.0999519 0.321197 0.0462519 0.0376638
0 0.469222 0.197731 0.0999147 0.0737516
0 0.240275 0.129787 0.0467389 0.0363548
0 0.0667956 0.175247 0.060301 0.0435925
0 0.946769 0.22995 0.0329144 0.0285151
0 0.0226907 0.838183 0.0452262 0.0724354
0 0.382593 0.453903 0.0451179 0.0378086
0 0.494185 0.496173 0.0882668 0.0700151
0 0.784751 0.183381 0.0520678 0.0407938
0 0.871019 0.778482 0.0521196 0.0373934
0 0.161465 0.73138 0.0524571 0.0432863
0 0.983179 0.391966 0.0335375 0.05282
0 0.824872 0.485544 0.044915 0.0369623
0 0.37039 0.788823 0.230257 0.183215
0 0.281833 0.448391 0.0449565 0.0328811
0 0.90562 0.408278 0.0302769 0.0252403
0 0.0374174 0.908907 0.0441957 0.0345881
0 0.736686 0.825307 0.171035 0.141011
0 0.412417 0.0562932 0.038697 0.0294774
0 0.857212 0.833097 0.0487755 0.0388422
0 0.209764 0.0799083 0.355716 0.159624
