0 0.604247 0.840412 0.0503336 0.0486744
0 0.76663 0.752169 0.0457258 0.0443804
0 0.743897 0.82589 0.042511 0.0412083
0 0.441286 0.65686 0.0445566 0.0434312
0 0.283599 0.811738 0.0356715 0.0341728
0 0.40503 0.279276 0.0358539 0.0342812
0 0.835517 0.155736 0.0409489 0.0389658
0 0.679272 0.53358 0.0362598 0.0333793
0 0.950797 0.195632 0.0473976 0.0446395
0 0.142447 0.702398 0.0338197 0.0321562
0 0.664585 0.269837 0.05022 0.0456137
0 0.984097 0.272126 0.0317141 0.039069
0 0.381469 0.0588261 0.0348763 0.0326207
0 0.931338 0.153602 0.0407526 0.0392822
0 0.986124 0.410759 0.0277521 0.0337168
0 0.46204 0.286877 0.0380556 0.0343111
0 0.976588 0.246837 0.0293652 0.0288197
0 0.488832 0.493895 0.0321157 0.0312239
0 0.589365 0.0920245 0.0342985 0.0323216
0 0.700424 0.0461395 0.0377975 0.0333046
0 0.445849 0.0582522 0.0468754 0.0422359
0 0.779893 0.794621 0.0407967 0.0383493
0 0.750176 0.651418 0.0297106 0.0282399
0 0.472179 0.0595903 0.0838053 0.071863
0 0.345872 0.0997196 0.0398544 0.0390474
0 0.964468 0.36628 0.0349184 0.0326359
0 0.981077 0.915251 0.029472 0.0282993
0 0.409623 0.193857 0.0511153 0.0462342
0 0.393165 0.656008 0.0348675 0.0335386
0 0.367918 0.902247 0.0297147 0.0291502
0 0.222878 0.5977 0.0346436 0.0329908
0 0.555051 0.135066 0.0316871 0.0298735
0 0.665243 0.577876 0.0294975 0.0269626
0 0.42867 0.254203 0.0348525 0.0330912
0 0.50008 0.148855 0.0318068 0.0310348
0 0.447608 0.305204 0.0337726 0.0316311
0 0.315974 0.11571 0.028229 0.027231
0 0.850126 0.289875 0.03305 0.0324026
0 0.438518 0.163891 0.0348124 0.0322259
0 0.606007 0.536987 0.0286334 0.0268345
0 0.789962 0.106195 0.0284404 0.0264089
0 0.339901 0.833615 0.0286817 0.0274113
0 0.575039 0.15906 0.042099 0.0389787
0 0.853936 0.408905 0.0336689 0.0342963
0 0.296296 0.239322 0.0354595 0.0342896
0 0.276852 0.0469958 0.0410209 0.0395238
0 0.461658 0.169981 0.0406534 0.0387589
0 0.460262 0.64009 0.0240211 0.0235367
0 0.8005 0.00728409 0.0327279 0.0144713
