0 0.235544 0.0707423 0.0585155 0.0546405
0 0.124005 0.664601 0.0342123 0.031977
0 0.109942 0.623181 0.0348949 0.0313104
0 0.0497771 0.370471 0.0323867 0.0301325
0 0.697953 0.655068 0.277567 0.265718
0 0.0639928 0.227164 0.0309416 0.0285389
0 0.22952 0.542159 0.0321454 0.029705
0 0.211825 0.814586 0.0321723 0.0286102
0 0.354509 0.0231469 0.0311535 0.028117
0 0.140847 0.79224 0.0310471 0.0269917
0 0.616022 0.413128 0.0381619 0.0354149
0 0.652503 0.20517 0.0449606 0.0422225
0 0.889493 0.732868 0.22097 0.476866
0 0.385704 0.0845285 0.0376832 0.0336969
0 0.721052 0.199417 0.0422894 0.038852
0 0.27973 0.384088 0.0437794 0.039961
0 0.359894 0.0526208 0.02893 0.0283606
0 0.239205 0.282741 0.0284297 0.0264746
