0 0.463647 0.225051 0.137574 0.128667
0 0.693885 0.0838799 0.120797 0.110314
0 0.0571484 0.772525 0.0655251 0.0639449
0 0.857161 0.0944761 0.110052 0.0982427
0 0.819424 0.955654 0.0518795 0.048634
0 0.913338 0.184068 0.111394 0.10151
0 0.733512 0.936171 0.0541014 0.0503506
0 0.772465 0.515487 0.138356 0.1264
0 0.904574 0.446936 0.0430614 0.038908
0 0.271074 0.0720191 0.0400178 0.038637
0 0.224997 0.507927 0.0466878 0.0433581
0 0.0732348 0.957976 0.0339696 0.0332676
0 0.565546 0.775013 0.0419255 0.0406225
0 0.885513 0.955793 0.068111 0.0647545
0 0.306025 0.755526 0.246312 0.244128
0 0.620469 0.141894 0.0738295 0.0711607
0 0.67458 0.154548 0.0485548 0.0458525
0 0.744374 0.864309 0.0551987 0.0513069
0 0.587191 0.108298 0.0608637 0.0573061
0 0.86919 0.615999 0.0572319 0.0516726
0 0.584433 0.975607 0.145627 0.0479042
0 0.657386 0.0324673 0.132967 0.0622272
0 0.772835 0.749982 0.0608896 0.0572886
0 0.685924 0.985124 0.0286184 0.0264645
0 0.177692 0.668961 0.0623576 0.0601713
0 0.080461 0.420096 0.160809 0.302874
0 0.0997552 0.824664 0.0281298 0.0269266
0 0.331992 0.892846 0.323853 0.214015
0 0.0538367 0.979829 0.0279805 0.0266169
0 0.286429 0.234499 0.0347035 0.031517
0 0.333235 0.20607 0.0363757 0.0355412
0 0.853121 0.258827 0.0425434 0.0375888
0 0.0177732 0.912665 0.0355465 0.045462
0 0.686606 0.737408 0.0293587 0.0279325
0 0.719905 0.670911 0.0289509 0.0278468
0 0.0437008 0.0958963 0.0872334 0.0970581
0 0.893044 0.927848 0.0563206 0.0502789
0 0.59111 0.780776 0.115268 0.116584
0 0.779047 0.206876 0.0289227 0.0277336
0 0.336014 0.177547 0.0302959 0.0319
0 0.68812 0.397999 0.164875 0.151314
0 0.762845 0.907206 0.0242119 0.0236603
