0 0.320051 0.32526 0.0775676 0.0769438
0 0.181138 0.497703 0.05422 0.0531315
0 0.0909027 0.467099 0.0408621 0.0401436
0 0.392823 0.268374 0.0411355 0.0400913
0 0.961139 0.658503 0.0468506 0.0472591
0 0.646839 0.899493 0.0373568 0.0363945
0 0.0361267 0.895615 0.0378064 0.036422
0 0.625562 0.266579 0.0307186 0.0306148
0 0.297279 0.776898 0.0354743 0.0344528
0 0.622039 0.653064 0.0293405 0.0292353
0 0.637566 0.280897 0.285295 0.283941
0 0.422078 0.704637 0.0272064 0.0271747
0 0.859301 0.183632 0.0508749 0.049429
0 0.305569 0.808875 0.0278031 0.0272739
0 0.946532 0.802367 0.0268314 0.0259361
0 0.688017 0.0763692 0.0299059 0.0286876
0 0.19947 0.253616 0.0407508 0.0418723
0 0.40958 0.77582 0.0272258 0.0260715
0 0.0383414 0.458338 0.0747872 0.0739977
0 0.576553 0.223345 0.0270521 0.0267247
0 0.365864 0.820053 0.0265921 0.0263681
