0 0.328086 0.829189 0.141869 0.136191
0 0.530681 0.510511 0.275636 0.262481
0 0.450409 0.724931 0.0823854 0.0805527
0 0.38359 0.311749 0.0361224 0.0346089
0 0.227359 0.293368 0.0660031 0.0629966
0 0.85375 0.424385 0.0743851 0.071484
0 0.951522 0.260556 0.0616116 0.0616001
0 0.908314 0.821149 0.182481 0.21109
0 0.691577 0.0623577 0.044722 0.0428105
0 0.324722 0.476949 0.0345579 0.0328663
0 0.17312 0.149112 0.0507971 0.047598
0 0.0688997 0.181281 0.0431409 0.0412683
0 0.383484 0.122776 0.0733664 0.0696249
0 0.587119 0.323946 0.0449272 0.0416544
0 0.0612679 0.0582648 0.122536 0.11653
0 0.250922 0.439893 0.0648166 0.0640857
0 0.665443 0.0942428 0.058152 0.055932
0 0.232913 0.657906 0.465825 0.433162
0 0.0378996 0.20688 0.0304493 0.030086
0 0.94687 0.0860817 0.0533133 0.0524391
0 0.658654 0.958685 0.0303682 0.0293972
0 0.661634 0.0133927 0.030661 0.026705
0 0.36683 0.284747 0.0274027 0.027135
0 0.826591 0.631238 0.0518435 0.051843
0 0.578651 0.65977 0.0511951 0.0480169
0 0.819455 0.141351 0.0292252 0.0278957
0 0.789283 0.403809 0.0348255 0.033294
0 0.483837 0.914752 0.0395782 0.0373947
0 0.0158546 0.30729 0.0303013 0.0299171
0 0.48027 0.987457 0.0250917 0.0233051
0 0.0192667 0.934418 0.0382279 0.0443344
0 0.947502 0.986989 0.039459 0.026021
0 0.65 0.645481 0.0274944 0.0268227
0 0.396423 0.00728964 0.0308961 0.014312
0 0.144527 0.722362 0.028679 0.0281874
0 0.679642 0.327872 0.0283389 0.0266605
0 0.0849874 0.290392 0.0276982 0.0261586
0 0.220091 0.629065 0.0275976 0.0270971
0 0.290445 0.446765 0.0284118 0.0267784
0 0.140928 0.12539 0.0249894 0.024081
0 0.471947 0.10416 0.0237003 0.0228966
0 0.189286 0.391952 0.0555512 0.0553729
