0 0.597138 0.366249 0.0769265 0.0661852
0 0.105184 0.234939 0.0608658 0.053615
0 0.926884 0.95392 0.0487005 0.0450851
0 0.827297 0.32652 0.0518257 0.0451041
0 0.65767 0.319264 0.161757 0.146839
0 0.604196 0.7067 0.0601902 0.0559462
0 0.130492 0.607703 0.136512 0.122399
0 0.469744 0.0659135 0.04006 0.0357416
0 0.899645 0.539279 0.199518 0.257207
0 0.261809 0.928422 0.169148 0.142067
0 0.432321 0.1529 0.0338589 0.0285423
0 0.903422 0.415857 0.0765661 0.0696045
0 0.290139 0.347705 0.439251 0.316518
0 0.804383 0.395211 0.0439011 0.0380571
0 0.303242 0.102393 0.0565984 0.0487486
0 0.550891 0.490134 0.0374057 0.0336927
0 0.377899 0.459875 0.107447 0.0967301
0 0.0460593 0.518136 0.0260424 0.0248893
0 0.567592 0.0339086 0.176111 0.0674941
0 0.786539 0.862696 0.0410893 0.0361916
0 0.0618772 0.274342 0.0292122 0.0251341
0 0.0306418 0.800565 0.0303403 0.0270279
0 0.800835 0.980263 0.039323 0.0364447
0 0.712109 0.968646 0.0742416 0.0617779
0 0.357882 0.0945448 0.0729494 0.0648101
0 0.191696 0.564122 0.056463 0.0516173
0 0.891366 0.778436 0.0335333 0.0294939
0 0.575847 0.611333 0.0543124 0.0485542
0 0.802267 0.940614 0.0347928 0.0316711
0 0.404472 0.654678 0.0293289 0.0265652
0 0.36324 0.271294 0.0448516 0.0373941
